1,1,0
123,1,0
1,2,0
123,2,0
1,3,0
123,3,0
1,4,0
122,4,0
1,5,0
121,5,0
1,6,0
120,6,0
1,7,0
120,7,0
1,8,0
120,8,0
1,9,0
119,9,0
1,10,0
119,10,0
1,11,0
118,11,0
1,12,0
117,12,0
1,13,0
117,13,0
1,14,0
117,14,0
1,15,0
117,15,0
1,16,0
117,16,0
1,17,0
116,17,0
1,18,0
115,18,0
1,19,0
115,19,0
1,20,0
115,20,0
1,21,0
115,21,0
1,22,0
115,22,0
1,23,0
115,23,0
1,24,0
115,24,0
1,25,0
115,25,0
1,26,0
115,26,0
1,27,0
115,27,0
1,28,0
115,28,0
1,29,0
114,29,0
1,30,0
113,30,0
1,31,0
112,31,0
1,32,0
112,32,0
1,33,0
111,33,0
1,34,0
110,34,0
1,35,0
110,35,0
1,36,0
110,36,0
1,37,0
110,37,0
1,38,0
110,38,0
1,39,0
110,39,0
1,40,0
110,40,0
1,41,0
110,41,0
1,42,0
110,42,0
1,43,0
110,43,0
1,44,0
110,44,0
1,45,0
110,45,0
1,46,0
109,46,0
1,47,0
108,47,0
1,48,0
108,48,0
1,49,0
108,49,0
1,50,0
108,50,0
1,51,0
108,51,0
1,52,0
107,52,0
1,53,0
106,53,0
1,54,0
105,54,0
1,55,0
105,55,0
1,56,0
104,56,0
1,57,0
103,57,0
1,58,0
103,58,0
1,59,0
103,59,0
1,60,0
103,60,0
1,61,0
103,61,0
1,62,0
102,62,0
1,63,0
102,63,0
1,64,0
101,64,0
1,65,0
100,65,0
1,66,0
99,66,0
1,67,0
98,67,0
1,68,0
97,68,0
1,69,0
97,69,0
1,70,0
97,70,0
1,71,0
96,71,0
1,72,0
95,72,0
1,73,0
95,73,0
1,74,0
94,74,0
1,75,0
94,75,0
1,76,0
93,76,0
1,77,0
93,77,0
1,78,0
92,78,0
1,79,0
92,79,0
1,80,0
91,80,0
1,81,0
90,81,0
1,82,0
89,82,0
1,83,0
88,83,0
1,84,0
88,84,0
1,85,0
88,85,0
1,86,0
88,86,0
1,87,0
87,87,0
1,88,0
87,88,0
1,89,0
87,89,0
1,90,0
86,90,0
1,91,0
85,91,0
1,92,0
85,92,0
1,93,0
85,93,0
1,94,0
85,94,0
1,95,0
85,95,0
1,96,0
85,96,0
1,97,0
84,97,0
1,98,0
83,98,0
1,99,0
83,99,0
1,100,0
83,100,0
1,101,0
82,101,0
1,102,0
82,102,0
1,103,0
82,103,0
1,104,0
82,104,0
1,105,0
82,105,0
1,106,0
82,106,0
1,107,0
81,107,0
1,108,0
81,108,0
1,109,0
81,109,0
1,110,0
80,110,0
1,111,0
79,111,0
1,112,0
79,112,0
1,113,0
79,113,0
1,114,0
79,114,0
1,115,0
78,115,0
1,116,0
78,116,0
1,117,0
78,117,0
1,118,0
78,118,0
1,119,0
78,119,0
1,120,0
77,120,0
1,121,0
77,121,0
1,122,0
77,122,0
1,123,0
76,123,0
1,124,0
76,124,0
1,125,0
76,125,0
1,126,0
75,126,0
1,127,0
74,127,0
1,128,0
74,128,0
1,129,0
74,129,0
1,130,0
73,130,0
1,131,0
72,131,0
1,132,0
71,132,0
1,133,0
71,133,0
1,134,0
71,134,0
1,135,0
71,135,0
1,136,0
71,136,0
1,137,0
70,137,0
1,138,0
69,138,0
1,139,0
69,139,0
1,140,0
69,140,0
1,141,0
69,141,0
1,142,0
69,142,0
1,143,0
68,143,0
1,144,0
68,144,0
1,145,0
68,145,0
1,146,0
68,146,0
1,147,0
67,147,0
1,148,0
67,148,0
1,149,0
67,149,0
1,150,0
67,150,0
1,151,0
67,151,0
1,152,0
67,152,0
1,153,0
67,153,0
1,154,0
67,154,0
1,155,0
67,155,0
1,156,0
67,156,0
1,157,0
67,157,0
1,158,0
66,158,0
1,159,0
66,159,0
1,160,0
66,160,0
1,161,0
66,161,0
1,162,0
66,162,0
1,163,0
66,163,0
1,164,0
66,164,0
1,165,0
66,165,0
1,166,0
66,166,0
1,167,0
66,167,0
1,168,0
66,168,0
1,169,0
66,169,0
1,170,0
66,170,0
1,171,0
66,171,0
1,172,0
66,172,0
1,173,0
66,173,0
1,174,0
66,174,0
1,175,0
66,175,0
1,176,0
66,176,0
1,177,0
66,177,0
1,178,0
65,178,0
1,179,0
64,179,0
1,180,0
64,180,0
1,181,0
63,181,0
1,182,0
62,182,0
1,183,0
61,183,0
1,184,0
61,184,0
1,185,0
61,185,0
1,186,0
60,186,0
1,187,0
59,187,0
1,188,0
59,188,0
1,189,0
59,189,0
1,190,0
59,190,0
1,191,0
59,191,0
1,192,0
59,192,0
1,193,0
59,193,0
1,194,0
59,194,0
1,195,0
58,195,0
1,196,0
58,196,0
1,197,0
57,197,0
1,198,0
57,198,0
1,199,0
57,199,0
1,200,0
56,200,0
1,201,0
56,201,0
1,202,0
56,202,0
1,203,0
55,203,0
1,204,0
55,204,0
1,205,0
55,205,0
1,206,0
54,206,0
1,207,0
54,207,0
1,208,0
54,208,0
1,209,0
54,209,0
1,210,0
54,210,0
1,211,0
54,211,0
1,212,0
54,212,0
1,213,0
54,213,0
1,214,0
53,214,0
1,215,0
53,215,0
1,216,0
53,216,0
1,217,0
53,217,0
1,218,0
53,218,0
1,219,0
53,219,0
1,220,0
53,220,0
1,221,0
52,221,0
1,222,0
52,222,0
1,223,0
52,223,0
1,224,0
51,224,0
1,225,0
50,225,0
1,226,0
49,226,0
1,227,0
49,227,0
1,228,0
48,228,0
1,229,0
48,229,0
1,230,0
48,230,0
1,231,0
48,231,0
1,232,0
48,232,0
1,233,0
48,233,0
1,234,0
48,234,0
1,235,0
48,235,0
1,236,0
48,236,0
1,237,0
47,237,0
1,238,0
47,238,0
1,239,0
47,239,0
1,240,0
47,240,0
1,241,0
47,241,0
1,242,0
47,242,0
1,243,0
47,243,0
1,244,0
47,244,0
1,245,0
47,245,0
1,246,0
46,246,0
1,247,0
46,247,0
1,248,0
46,248,0
1,249,0
46,249,0
1,250,0
46,250,0
1,251,0
46,251,0
1,252,0
46,252,0
1,253,0
46,253,0
1,254,0
46,254,0
1,255,0
45,255,0
1,256,0
45,256,0
1,257,0
45,257,0
1,258,0
45,258,0
1,259,0
45,259,0
1,260,0
45,260,0
1,261,0
45,261,0
1,262,0
45,262,0
1,263,0
44,263,0
1,264,0
44,264,0
1,265,0
44,265,0
1,266,0
44,266,0
1,267,0
44,267,0
1,268,0
44,268,0
1,269,0
43,269,0
1,270,0
43,270,0
1,271,0
43,271,0
1,272,0
42,272,0
1,273,0
42,273,0
1,274,0
41,274,0
1,275,0
41,275,0
1,276,0
41,276,0
1,277,0
40,277,0
1,278,0
40,278,0
1,279,0
40,279,0
1,280,0
40,280,0
1,281,0
40,281,0
1,282,0
40,282,0
1,283,0
40,283,0
1,284,0
40,284,0
1,285,0
40,285,0
1,286,0
40,286,0
1,287,0
39,287,0
1,288,0
39,288,0
1,289,0
39,289,0
1,290,0
38,290,0
1,291,0
37,291,0
1,292,0
37,292,0
1,293,0
37,293,0
1,294,0
37,294,0
1,295,0
37,295,0
1,296,0
37,296,0
1,297,0
36,297,0
1,298,0
36,298,0
1,299,0
36,299,0
1,300,0
36,300,0
1,301,0
35,301,0
1,302,0
35,302,0
1,303,0
35,303,0
1,304,0
35,304,0
1,305,0
34,305,0
1,306,0
34,306,0
1,307,0
34,307,0
1,308,0
34,308,0
1,309,0
34,309,0
1,310,0
34,310,0
1,311,0
34,311,0
1,312,0
34,312,0
1,313,0
33,313,0
1,314,0
33,314,0
1,315,0
33,315,0
1,316,0
32,316,0
1,317,0
32,317,0
1,318,0
32,318,0
1,319,0
31,319,0
1,320,0
31,320,0
1,321,0
31,321,0
1,322,0
31,322,0
1,323,0
31,323,0
1,324,0
30,324,0
1,325,0
30,325,0
1,326,0
30,326,0
1,327,0
30,327,0
1,328,0
30,328,0
1,329,0
30,329,0
1,330,0
30,330,0
1,331,0
30,331,0
1,332,0
30,332,0
1,333,0
29,333,0
1,334,0
29,334,0
1,335,0
29,335,0
1,336,0
29,336,0
1,337,0
28,337,0
1,338,0
28,338,0
1,339,0
28,339,0
1,340,0
28,340,0
1,341,0
27,341,0
1,342,0
26,342,0
1,343,0
26,343,0
1,344,0
26,344,0
1,345,0
26,345,0
1,346,0
25,346,0
1,347,0
25,347,0
1,348,0
24,348,0
1,349,0
24,349,0
1,350,0
24,350,0
1,351,0
24,351,0
1,352,0
23,352,0
1,353,0
23,353,0
1,354,0
22,354,0
1,355,0
22,355,0
1,356,0
22,356,0
1,357,0
22,357,0
1,358,0
22,358,0
1,359,0
22,359,0
1,360,0
22,360,0
1,361,0
22,361,0
1,362,0
22,362,0
1,363,0
22,363,0
1,364,0
22,364,0
1,365,0
21,365,0
1,366,0
21,366,0
1,367,0
21,367,0
1,368,0
21,368,0
1,369,0
21,369,0
1,370,0
21,370,0
1,371,0
21,371,0
1,372,0
21,372,0
1,373,0
21,373,0
1,374,0
21,374,0
1,375,0
21,375,0
1,376,0
21,376,0
1,377,0
21,377,0
1,378,0
21,378,0
1,379,0
21,379,0
1,380,0
21,380,0
1,381,0
21,381,0
1,382,0
21,382,0
1,383,0
21,383,0
1,384,0
20,384,0
1,385,0
20,385,0
1,386,0
20,386,0
1,387,0
20,387,0
1,388,0
20,388,0
1,389,0
20,389,0
1,390,0
20,390,0
1,391,0
20,391,0
1,392,0
20,392,0
1,393,0
20,393,0
1,394,0
20,394,0
1,395,0
20,395,0
1,396,0
20,396,0
1,397,0
20,397,0
1,398,0
20,398,0
1,399,0
19,399,0
1,400,0
19,400,0
1,401,0
19,401,0
1,402,0
19,402,0
1,403,0
19,403,0
1,404,0
19,404,0
1,405,0
18,405,0
1,406,0
18,406,0
1,407,0
17,407,0
1,408,0
17,408,0
1,409,0
16,409,0
1,410,0
16,410,0
1,411,0
16,411,0
1,412,0
16,412,0
1,413,0
16,413,0
1,414,0
16,414,0
1,415,0
16,415,0
1,416,0
16,416,0
1,417,0
15,417,0
1,418,0
15,418,0
1,419,0
15,419,0
1,420,0
15,420,0
1,421,0
15,421,0
1,422,0
15,422,0
1,423,0
15,423,0
1,424,0
15,424,0
1,425,0
15,425,0
1,426,0
15,426,0
1,427,0
15,427,0
1,428,0
15,428,0
1,429,0
15,429,0
1,430,0
15,430,0
1,431,0
15,431,0
1,432,0
15,432,0
1,433,0
15,433,0
1,434,0
15,434,0
1,435,0
15,435,0
1,436,0
15,436,0
1,437,0
15,437,0
1,438,0
15,438,0
1,439,0
15,439,0
1,440,0
15,440,0
1,441,0
15,441,0
1,442,0
15,442,0
1,443,0
15,443,0
1,444,0
15,444,0
1,445,0
14,445,0
1,446,0
14,446,0
1,447,0
14,447,0
1,448,0
13,448,0
1,449,0
13,449,0
1,450,0
13,450,0
1,451,0
12,451,0
1,452,0
12,452,0
1,453,0
12,453,0
1,454,0
12,454,0
1,455,0
12,455,0
1,456,0
12,456,0
1,457,0
11,457,0
1,458,0
11,458,0
1,459,0
11,459,0
1,460,0
11,460,0
1,461,0
11,461,0
1,462,0
11,462,0
1,463,0
10,463,0
1,464,0
10,464,0
1,465,0
10,465,0
1,466,0
10,466,0
1,467,0
10,467,0
1,468,0
10,468,0
1,469,0
10,469,0
1,470,0
10,470,0
1,471,0
10,471,0
1,472,0
10,472,0
1,473,0
10,473,0
1,474,0
10,474,0
1,475,0
10,475,0
1,476,0
10,476,0
1,477,0
10,477,0
1,478,0
10,478,0
1,479,0
10,479,0
1,480,0
10,480,0
1,481,0
10,481,0
1,482,0
10,482,0
1,483,0
10,483,0
1,484,0
10,484,0
1,485,0
10,485,0
1,486,0
10,486,0
1,487,0
10,487,0
1,488,0
10,488,0
1,489,0
10,489,0
1,490,0
10,490,0
1,491,0
10,491,0
1,492,0
10,492,0
1,493,0
10,493,0
1,494,0
10,494,0
1,495,0
9,495,0
1,496,0
9,496,0
1,497,0
9,497,0
1,498,0
9,498,0
1,499,0
9,499,0
1,500,0
8,500,0
1,501,0
8,501,0
1,502,0
8,502,0
1,503,0
8,503,0
1,504,0
8,504,0
1,505,0
8,505,0
1,506,0
8,506,0
1,507,0
8,507,0
1,508,0
8,508,0
1,509,0
8,509,0
1,510,0
8,510,0
1,511,0
8,511,0
1,512,0
8,512,0
1,513,0
8,513,0
1,514,0
8,514,0
1,515,0
8,515,0
1,516,0
8,516,0
1,517,0
7,517,0
1,518,0
7,518,0
1,519,0
7,519,0
1,520,0
7,520,0
1,521,0
7,521,0
1,522,0
7,522,0
1,523,0
7,523,0
1,524,0
7,524,0
1,525,0
7,525,0
1,526,0
7,526,0
1,527,0
7,527,0
1,528,0
7,528,0
1,529,0
7,529,0
1,530,0
7,530,0
1,531,0
6,531,0
1,532,0
6,532,0
1,533,0
5,533,0
1,534,0
5,534,0
1,535,0
5,535,0
1,536,0
5,536,0
1,537,0
5,537,0
1,538,0
5,538,0
1,539,0
5,539,0
1,540,0
5,540,0
1,541,0
5,541,0
1,542,0
5,542,0
1,543,0
5,543,0
1,544,0
5,544,0
1,545,0
5,545,0
1,546,0
5,546,0
1,547,0
5,547,0
1,548,0
5,548,0
1,549,0
5,549,0
1,550,0
5,550,0
1,551,0
5,551,0
1,552,0
5,552,0
1,553,0
5,553,0
1,554,0
5,554,0
1,555,0
5,555,0
1,556,0
5,556,0
1,557,0
5,557,0
1,558,0
5,558,0
1,559,0
5,559,0
1,560,0
5,560,0
1,561,0
5,561,0
1,562,0
5,562,0
1,563,0
5,563,0
1,564,0
4,564,0
1,565,0
4,565,0
1,566,0
4,566,0
1,567,0
4,567,0
1,568,0
4,568,0
1,569,0
4,569,0
1,570,0
4,570,0
1,571,0
4,571,0
1,572,0
4,572,0
1,573,0
4,573,0
1,574,0
4,574,0
1,575,0
4,575,0
1,576,0
4,576,0
1,577,0
4,577,0
1,578,0
4,578,0
1,579,0
4,579,0
1,580,0
4,580,0
1,581,0
4,581,0
1,582,0
4,582,0
1,583,0
4,583,0
1,584,0
4,584,0
1,585,0
4,585,0
1,586,0
4,586,0
1,587,0
4,587,0
1,588,0
4,588,0
1,589,0
4,589,0
1,590,0
4,590,0
1,591,0
3,591,0
1,592,0
2,592,0
1,593,0
2,593,0
1,594,0
2,594,0
1,595,0
2,595,0
1,596,0
2,596,0
1,597,0
2,597,0
1,598,0
2,598,0
1,599,0
1,599,0
1,600,0
1,600,0
1,601,0
1,601,0
1,602,0
1,602,0
1,603,0
1,603,0
1,604,0
1,604,0
1,605,0
1,605,0
1,606,0
1,606,0
1,607,0
1,607,0
1,608,0
1,608,0
1,609,0
1,609,0
1,610,0
1,610,0
1,611,0
1,611,0
1,612,0
1,612,0
1,613,0
1,613,0
1,614,0
1,614,0
1,615,0
1,615,0
1,616,0
1,616,0
1,617,0
1,617,0
1,618,0
1,618,0
1,619,0
1,619,0
1,620,0
1,620,0
1,621,0
1,621,0
1,622,0
1,622,0
1,623,0
1,623,0
1,624,0
1,624,0
1,625,0
1,625,0
1,626,0
1,626,0
1,627,0
1,627,0
1,628,0
1,628,0
1,629,0
1,629,0
1,630,0
1,630,0
1,631,0
1,631,0
1,632,0
1,632,0
1,633,0
1,633,0
1,634,0
1,634,0
1,635,0
1,635,0
1,636,0
1,636,0
1,637,0
1,637,0
1,638,0
1,638,0
1,639,0
1,639,0
1,640,0
1,640,0
1,641,0
1,641,0
1,642,0
1,642,0
1,643,0
1,643,0
1,644,0
1,644,0
1,645,0
1,645,0
1,646,0
1,646,0
1,647,0
1,647,0
1,648,0
1,648,0
1,649,0
1,649,0
1,650,0
1,650,0
1,651,0
1,651,0
1,652,0
1,652,0
1,653,0
1,653,0
1,654,0
1,654,0
1,655,0
1,655,0
1,656,0
1,656,0
1,657,0
1,657,0
1,658,0
1,658,0
1,659,0
1,659,0
1,660,0
1,660,0
1,661,0
1,661,0
1,662,0
1,662,0
1,663,0
1,663,0
1,664,0
1,664,0
1,665,0
1,665,0
1,666,0
1,666,0
1,667,0
1,667,0
1,668,0
1,668,0
1,669,0
1,669,0
1,670,0
1,670,0
1,671,0
1,671,0
1,672,0
1,672,0
1,673,0
1,673,0
1,674,0
1,674,0
1,675,0
1,675,0
1,676,0
1,676,0
1,677,0
1,677,0
1,678,0
1,678,0
1,679,0
1,679,0
1,680,0
1,680,0
1,681,0
1,681,0
1,682,0
1,682,0
1,683,0
1,683,0
1,684,0
1,684,0
1,685,0
1,685,0
1,686,0
1,686,0
1,687,0
1,687,0
1,688,0
1,688,0
1,689,0
1,689,0
1,690,0
1,690,0
1,691,0
1,691,0
1,692,0
1,692,0
1,693,0
1,693,0
1,694,0
1,694,0
1,695,0
1,695,0
1,696,0
1,696,0
1,697,0
1,697,0
1,698,0
1,698,0
1,699,0
1,699,0
1,700,0
1,700,0
1,701,0
1,701,0
1,702,0
1,702,0
1,703,0
1,703,0
1,704,0
1,704,0
1,705,0
1,705,0
1,706,0
1,706,0
1,707,0
1,707,0
1,708,0
1,708,0
1,709,0
1,709,0
1,710,0
1,710,0
1,711,0
1,711,0
1,712,0
1,712,0
1,713,0
1,713,0
1,714,0
1,714,0
1,715,0
1,715,0
1,716,0
1,716,0
1,717,0
1,717,0
1,718,0
1,718,0
1,719,0
1,719,0
1,720,0
1,720,0
1,721,0
1,721,0
1,722,0
1,722,0
1,723,0
1,723,0
1,724,0
1,724,0
1,725,0
1,725,0
1,726,0
1,726,0
1,727,0
1,727,0
1,728,0
1,728,0
1,729,0
1,729,0
1,730,0
1,730,0
1,731,0
1,731,0
1,732,0
1,732,0
1,733,0
1,733,0
1,734,0
1,734,0
1,735,0
1,735,0
1,736,0
1,736,0
1,737,0
1,737,0
1,738,0
1,738,0
1,739,0
1,739,0
1,740,0
1,740,0
1,741,0
1,741,0
1,742,0
1,742,0
1,743,0
1,743,0
1,744,0
1,744,0
1,745,0
1,745,0
1,746,0
1,746,0
1,747,0
1,747,0
1,748,0
1,748,0
