2,2,0
2,2,0
2,3,0
4,3,0
2,4,0
6,4,0
2,5,0
8,5,0
2,6,0
10,6,0
2,7,0
12,7,0
2,8,0
14,8,0
2,9,0
16,9,0
2,10,0
18,10,0
2,11,0
20,11,0
2,12,0
22,12,0
2,13,0
24,13,0
2,14,0
26,14,0
2,15,0
28,15,0
2,16,0
30,16,0
2,17,0
32,17,0
2,18,0
34,18,0
2,19,0
36,19,0
2,20,0
38,20,0
2,21,0
40,21,0
2,22,0
42,22,0
2,23,0
44,23,0
2,24,0
46,24,0
2,25,0
48,25,0
2,26,0
50,26,0
2,27,0
52,27,0
2,28,0
54,28,0
2,29,0
56,29,0
2,30,0
58,30,0
2,31,0
60,31,0
2,32,0
62,32,0
2,33,0
64,33,0
2,34,0
66,34,0
2,35,0
68,35,0
2,36,0
70,36,0
2,37,0
72,37,0
2,38,0
74,38,0
2,39,0
76,39,0
2,40,0
78,40,0
2,41,0
80,41,0
2,42,0
82,42,0
2,43,0
84,43,0
2,44,0
86,44,0
2,45,0
88,45,0
2,46,0
90,46,0
2,47,0
92,47,0
2,48,0
94,48,0
2,49,0
96,49,0
2,50,0
98,50,0
2,51,0
100,51,0
2,52,0
102,52,0
2,53,0
104,53,0
2,54,0
106,54,0
2,55,0
108,55,0
2,56,0
110,56,0
2,57,0
112,57,0
2,58,0
114,58,0
2,59,0
116,59,0
2,60,0
118,60,0
2,61,0
120,61,0
2,62,0
122,62,0
2,63,0
124,63,0
2,64,0
126,64,0
2,65,0
128,65,0
2,66,0
130,66,0
2,67,0
132,67,0
2,68,0
134,68,0
2,69,0
136,69,0
2,70,0
138,70,0
2,71,0
140,71,0
2,72,0
142,72,0
2,73,0
144,73,0
2,74,0
146,74,0
2,75,0
148,75,0
2,76,0
150,76,0
2,77,0
152,77,0
2,78,0
154,78,0
2,79,0
156,79,0
2,80,0
158,80,0
2,81,0
160,81,0
2,82,0
162,82,0
2,83,0
164,83,0
2,84,0
166,84,0
2,85,0
168,85,0
2,86,0
170,86,0
2,87,0
172,87,0
2,88,0
174,88,0
2,89,0
176,89,0
2,90,0
178,90,0
2,91,0
180,91,0
2,92,0
182,92,0
2,93,0
184,93,0
2,94,0
186,94,0
2,95,0
188,95,0
2,96,0
190,96,0
2,97,0
192,97,0
2,98,0
194,98,0
2,99,0
196,99,0
2,100,0
198,100,0
2,101,0
200,101,0
2,102,0
202,102,0
2,103,0
204,103,0
2,104,0
206,104,0
2,105,0
208,105,0
2,106,0
210,106,0
2,107,0
212,107,0
2,108,0
214,108,0
2,109,0
216,109,0
2,110,0
218,110,0
2,111,0
220,111,0
2,112,0
222,112,0
2,113,0
224,113,0
2,114,0
226,114,0
2,115,0
228,115,0
2,116,0
228,116,0
2,117,0
228,117,0
2,118,0
228,118,0
2,119,0
228,119,0
2,120,0
228,120,0
2,121,0
222,121,0
2,122,0
222,122,0
2,123,0
222,123,0
2,124,0
218,124,0
2,125,0
216,125,0
2,126,0
216,126,0
2,127,0
216,127,0
2,128,0
212,128,0
2,129,0
212,129,0
2,130,0
212,130,0
2,131,0
212,131,0
2,132,0
212,132,0
2,133,0
210,133,0
2,134,0
208,134,0
2,135,0
206,135,0
2,136,0
202,136,0
2,137,0
196,137,0
2,138,0
192,138,0
2,139,0
184,139,0
2,140,0
184,140,0
2,141,0
184,141,0
2,142,0
182,142,0
2,143,0
182,143,0
2,144,0
180,144,0
2,145,0
180,145,0
2,146,0
178,146,0
2,147,0
178,147,0
2,148,0
178,148,0
2,149,0
176,149,0
2,150,0
176,150,0
2,151,0
176,151,0
2,152,0
176,152,0
2,153,0
176,153,0
2,154,0
176,154,0
2,155,0
176,155,0
2,156,0
176,156,0
2,157,0
176,157,0
2,158,0
176,158,0
2,159,0
174,159,0
2,160,0
174,160,0
2,161,0
172,161,0
2,162,0
172,162,0
2,163,0
172,163,0
2,164,0
172,164,0
2,165,0
172,165,0
2,166,0
172,166,0
2,167,0
168,167,0
2,168,0
168,168,0
2,169,0
168,169,0
2,170,0
164,170,0
2,171,0
164,171,0
2,172,0
164,172,0
2,173,0
160,173,0
2,174,0
160,174,0
2,175,0
160,175,0
2,176,0
158,176,0
2,177,0
158,177,0
2,178,0
158,178,0
2,179,0
154,179,0
2,180,0
154,180,0
2,181,0
154,181,0
2,182,0
144,182,0
2,183,0
144,183,0
2,184,0
144,184,0
2,185,0
144,185,0
2,186,0
144,186,0
2,187,0
144,187,0
2,188,0
144,188,0
2,189,0
144,189,0
2,190,0
144,190,0
2,191,0
142,191,0
2,192,0
142,192,0
2,193,0
140,193,0
2,194,0
140,194,0
2,195,0
138,195,0
2,196,0
134,196,0
2,197,0
130,197,0
2,198,0
130,198,0
2,199,0
128,199,0
2,200,0
126,200,0
2,201,0
126,201,0
2,202,0
120,202,0
2,203,0
120,203,0
2,204,0
118,204,0
2,205,0
114,205,0
2,206,0
114,206,0
2,207,0
114,207,0
2,208,0
110,208,0
2,209,0
110,209,0
2,210,0
106,210,0
2,211,0
102,211,0
2,212,0
102,212,0
2,213,0
98,213,0
2,214,0
98,214,0
2,215,0
98,215,0
2,216,0
98,216,0
2,217,0
96,217,0
2,218,0
94,218,0
2,219,0
94,219,0
2,220,0
94,220,0
2,221,0
94,221,0
2,222,0
94,222,0
2,223,0
94,223,0
2,224,0
94,224,0
2,225,0
94,225,0
2,226,0
94,226,0
2,227,0
94,227,0
2,228,0
94,228,0
2,229,0
94,229,0
2,230,0
94,230,0
2,231,0
94,231,0
2,232,0
94,232,0
2,233,0
94,233,0
2,234,0
94,234,0
2,235,0
94,235,0
2,236,0
94,236,0
2,237,0
94,237,0
2,238,0
94,238,0
2,239,0
94,239,0
2,240,0
94,240,0
2,241,0
94,241,0
2,242,0
92,242,0
2,243,0
92,243,0
2,244,0
92,244,0
2,245,0
92,245,0
2,246,0
92,246,0
2,247,0
88,247,0
2,248,0
88,248,0
2,249,0
88,249,0
2,250,0
88,250,0
2,251,0
88,251,0
2,252,0
88,252,0
2,253,0
88,253,0
2,254,0
88,254,0
2,255,0
88,255,0
2,256,0
88,256,0
2,257,0
88,257,0
2,258,0
88,258,0
2,259,0
86,259,0
2,260,0
84,260,0
2,261,0
84,261,0
2,262,0
84,262,0
2,263,0
84,263,0
2,264,0
84,264,0
2,265,0
82,265,0
2,266,0
82,266,0
2,267,0
82,267,0
2,268,0
80,268,0
2,269,0
80,269,0
2,270,0
80,270,0
2,271,0
80,271,0
2,272,0
80,272,0
2,273,0
80,273,0
2,274,0
80,274,0
2,275,0
80,275,0
2,276,0
80,276,0
2,277,0
80,277,0
2,278,0
80,278,0
2,279,0
80,279,0
2,280,0
80,280,0
2,281,0
80,281,0
2,282,0
80,282,0
2,283,0
80,283,0
2,284,0
78,284,0
2,285,0
78,285,0
2,286,0
78,286,0
2,287,0
78,287,0
2,288,0
78,288,0
2,289,0
78,289,0
2,290,0
78,290,0
2,291,0
74,291,0
2,292,0
74,292,0
2,293,0
74,293,0
2,294,0
74,294,0
2,295,0
74,295,0
2,296,0
74,296,0
2,297,0
72,297,0
2,298,0
72,298,0
2,299,0
72,299,0
2,300,0
72,300,0
2,301,0
70,301,0
2,302,0
70,302,0
2,303,0
70,303,0
2,304,0
68,304,0
2,305,0
68,305,0
2,306,0
68,306,0
2,307,0
68,307,0
2,308,0
68,308,0
2,309,0
68,309,0
2,310,0
68,310,0
2,311,0
68,311,0
2,312,0
68,312,0
2,313,0
68,313,0
2,314,0
68,314,0
2,315,0
68,315,0
2,316,0
68,316,0
2,317,0
66,317,0
2,318,0
66,318,0
2,319,0
66,319,0
2,320,0
66,320,0
2,321,0
64,321,0
2,322,0
62,322,0
2,323,0
62,323,0
2,324,0
62,324,0
2,325,0
62,325,0
2,326,0
62,326,0
2,327,0
62,327,0
2,328,0
60,328,0
2,329,0
60,329,0
2,330,0
60,330,0
2,331,0
60,331,0
2,332,0
60,332,0
2,333,0
60,333,0
2,334,0
60,334,0
2,335,0
60,335,0
2,336,0
60,336,0
2,337,0
58,337,0
2,338,0
58,338,0
2,339,0
58,339,0
2,340,0
56,340,0
2,341,0
56,341,0
2,342,0
56,342,0
2,343,0
56,343,0
2,344,0
54,344,0
2,345,0
54,345,0
2,346,0
54,346,0
2,347,0
54,347,0
2,348,0
54,348,0
2,349,0
54,349,0
2,350,0
52,350,0
2,351,0
52,351,0
2,352,0
52,352,0
2,353,0
52,353,0
2,354,0
50,354,0
2,355,0
50,355,0
2,356,0
50,356,0
2,357,0
50,357,0
2,358,0
50,358,0
2,359,0
50,359,0
2,360,0
50,360,0
2,361,0
50,361,0
2,362,0
50,362,0
2,363,0
50,363,0
2,364,0
48,364,0
2,365,0
48,365,0
2,366,0
48,366,0
2,367,0
48,367,0
2,368,0
48,368,0
2,369,0
48,369,0
2,370,0
48,370,0
2,371,0
48,371,0
2,372,0
46,372,0
2,373,0
46,373,0
2,374,0
46,374,0
2,375,0
46,375,0
2,376,0
46,376,0
2,377,0
46,377,0
2,378,0
46,378,0
2,379,0
46,379,0
2,380,0
46,380,0
2,381,0
46,381,0
2,382,0
46,382,0
2,383,0
46,383,0
2,384,0
46,384,0
2,385,0
46,385,0
2,386,0
46,386,0
2,387,0
46,387,0
2,388,0
46,388,0
2,389,0
46,389,0
2,390,0
46,390,0
2,391,0
46,391,0
2,392,0
44,392,0
2,393,0
44,393,0
2,394,0
44,394,0
2,395,0
44,395,0
2,396,0
44,396,0
2,397,0
44,397,0
2,398,0
44,398,0
2,399,0
44,399,0
2,400,0
44,400,0
2,401,0
44,401,0
2,402,0
44,402,0
2,403,0
44,403,0
2,404,0
42,404,0
2,405,0
42,405,0
2,406,0
42,406,0
2,407,0
42,407,0
2,408,0
42,408,0
2,409,0
42,409,0
2,410,0
40,410,0
2,411,0
38,411,0
2,412,0
38,412,0
2,413,0
38,413,0
2,414,0
38,414,0
2,415,0
38,415,0
2,416,0
38,416,0
2,417,0
38,417,0
2,418,0
38,418,0
2,419,0
38,419,0
2,420,0
38,420,0
2,421,0
38,421,0
2,422,0
38,422,0
2,423,0
38,423,0
2,424,0
38,424,0
2,425,0
38,425,0
2,426,0
36,426,0
2,427,0
36,427,0
2,428,0
36,428,0
2,429,0
36,429,0
2,430,0
36,430,0
2,431,0
36,431,0
2,432,0
34,432,0
2,433,0
34,433,0
2,434,0
34,434,0
2,435,0
34,435,0
2,436,0
34,436,0
2,437,0
34,437,0
2,438,0
34,438,0
2,439,0
34,439,0
2,440,0
34,440,0
2,441,0
34,441,0
2,442,0
34,442,0
2,443,0
34,443,0
2,444,0
32,444,0
2,445,0
32,445,0
2,446,0
32,446,0
2,447,0
32,447,0
2,448,0
32,448,0
2,449,0
32,449,0
2,450,0
30,450,0
2,451,0
30,451,0
2,452,0
28,452,0
2,453,0
28,453,0
2,454,0
28,454,0
2,455,0
28,455,0
2,456,0
28,456,0
2,457,0
28,457,0
2,458,0
26,458,0
2,459,0
26,459,0
2,460,0
26,460,0
2,461,0
24,461,0
2,462,0
24,462,0
2,463,0
24,463,0
2,464,0
24,464,0
2,465,0
24,465,0
2,466,0
22,466,0
2,467,0
22,467,0
2,468,0
20,468,0
2,469,0
20,469,0
2,470,0
20,470,0
2,471,0
20,471,0
2,472,0
20,472,0
2,473,0
20,473,0
2,474,0
20,474,0
2,475,0
20,475,0
2,476,0
20,476,0
2,477,0
20,477,0
2,478,0
20,478,0
2,479,0
20,479,0
2,480,0
20,480,0
2,481,0
20,481,0
2,482,0
20,482,0
2,483,0
20,483,0
2,484,0
20,484,0
2,485,0
20,485,0
2,486,0
20,486,0
2,487,0
20,487,0
2,488,0
20,488,0
2,489,0
20,489,0
2,490,0
20,490,0
2,491,0
20,491,0
2,492,0
20,492,0
2,493,0
20,493,0
2,494,0
20,494,0
2,495,0
20,495,0
2,496,0
20,496,0
2,497,0
20,497,0
2,498,0
20,498,0
2,499,0
20,499,0
2,500,0
20,500,0
2,501,0
20,501,0
2,502,0
20,502,0
2,503,0
20,503,0
2,504,0
20,504,0
2,505,0
20,505,0
2,506,0
18,506,0
2,507,0
18,507,0
2,508,0
18,508,0
2,509,0
18,509,0
2,510,0
18,510,0
2,511,0
18,511,0
2,512,0
16,512,0
2,513,0
16,513,0
2,514,0
16,514,0
2,515,0
16,515,0
2,516,0
16,516,0
2,517,0
16,517,0
2,518,0
16,518,0
2,519,0
16,519,0
2,520,0
16,520,0
2,521,0
16,521,0
2,522,0
16,522,0
2,523,0
16,523,0
2,524,0
16,524,0
2,525,0
16,525,0
2,526,0
16,526,0
2,527,0
16,527,0
2,528,0
16,528,0
2,529,0
16,529,0
2,530,0
16,530,0
2,531,0
16,531,0
2,532,0
16,532,0
2,533,0
16,533,0
2,534,0
16,534,0
2,535,0
16,535,0
2,536,0
16,536,0
2,537,0
14,537,0
2,538,0
14,538,0
2,539,0
14,539,0
2,540,0
14,540,0
2,541,0
14,541,0
2,542,0
14,542,0
2,543,0
14,543,0
2,544,0
14,544,0
2,545,0
14,545,0
2,546,0
14,546,0
2,547,0
14,547,0
2,548,0
14,548,0
2,549,0
14,549,0
2,550,0
14,550,0
2,551,0
14,551,0
2,552,0
14,552,0
2,553,0
12,553,0
2,554,0
12,554,0
2,555,0
12,555,0
2,556,0
12,556,0
2,557,0
12,557,0
2,558,0
10,558,0
2,559,0
10,559,0
2,560,0
10,560,0
2,561,0
10,561,0
2,562,0
10,562,0
2,563,0
10,563,0
2,564,0
10,564,0
2,565,0
10,565,0
2,566,0
10,566,0
2,567,0
10,567,0
2,568,0
10,568,0
2,569,0
10,569,0
2,570,0
10,570,0
2,571,0
8,571,0
2,572,0
8,572,0
2,573,0
8,573,0
2,574,0
8,574,0
2,575,0
8,575,0
2,576,0
8,576,0
2,577,0
8,577,0
2,578,0
8,578,0
2,579,0
8,579,0
2,580,0
8,580,0
2,581,0
8,581,0
2,582,0
8,582,0
2,583,0
8,583,0
2,584,0
8,584,0
2,585,0
8,585,0
2,586,0
8,586,0
2,587,0
8,587,0
2,588,0
8,588,0
2,589,0
8,589,0
2,590,0
8,590,0
2,591,0
8,591,0
2,592,0
8,592,0
2,593,0
8,593,0
2,594,0
8,594,0
2,595,0
8,595,0
2,596,0
8,596,0
2,597,0
6,597,0
2,598,0
6,598,0
2,599,0
6,599,0
2,600,0
6,600,0
2,601,0
6,601,0
2,602,0
6,602,0
2,603,0
6,603,0
2,604,0
6,604,0
2,605,0
6,605,0
2,606,0
6,606,0
2,607,0
6,607,0
2,608,0
6,608,0
2,609,0
6,609,0
2,610,0
6,610,0
2,611,0
6,611,0
2,612,0
6,612,0
2,613,0
6,613,0
2,614,0
6,614,0
2,615,0
6,615,0
2,616,0
6,616,0
2,617,0
6,617,0
2,618,0
6,618,0
2,619,0
6,619,0
2,620,0
6,620,0
2,621,0
6,621,0
2,622,0
6,622,0
2,623,0
6,623,0
2,624,0
6,624,0
2,625,0
6,625,0
2,626,0
6,626,0
2,627,0
6,627,0
2,628,0
6,628,0
2,629,0
6,629,0
2,630,0
6,630,0
2,631,0
6,631,0
2,632,0
6,632,0
2,633,0
6,633,0
2,634,0
6,634,0
2,635,0
6,635,0
2,636,0
6,636,0
2,637,0
6,637,0
2,638,0
6,638,0
2,639,0
6,639,0
2,640,0
6,640,0
2,641,0
6,641,0
2,642,0
6,642,0
2,643,0
6,643,0
2,644,0
6,644,0
2,645,0
6,645,0
2,646,0
6,646,0
2,647,0
6,647,0
2,648,0
6,648,0
2,649,0
6,649,0
2,650,0
6,650,0
2,651,0
6,651,0
2,652,0
6,652,0
2,653,0
6,653,0
2,654,0
6,654,0
2,655,0
6,655,0
2,656,0
6,656,0
2,657,0
6,657,0
2,658,0
6,658,0
2,659,0
6,659,0
2,660,0
6,660,0
2,661,0
6,661,0
2,662,0
6,662,0
2,663,0
6,663,0
2,664,0
6,664,0
2,665,0
6,665,0
2,666,0
6,666,0
2,667,0
6,667,0
2,668,0
6,668,0
2,669,0
6,669,0
2,670,0
6,670,0
2,671,0
6,671,0
2,672,0
6,672,0
2,673,0
6,673,0
2,674,0
6,674,0
2,675,0
6,675,0
2,676,0
6,676,0
2,677,0
6,677,0
2,678,0
6,678,0
2,679,0
6,679,0
2,680,0
6,680,0
2,681,0
6,681,0
2,682,0
6,682,0
2,683,0
6,683,0
2,684,0
6,684,0
2,685,0
6,685,0
2,686,0
6,686,0
2,687,0
6,687,0
2,688,0
6,688,0
2,689,0
6,689,0
2,690,0
6,690,0
2,691,0
6,691,0
2,692,0
6,692,0
2,693,0
6,693,0
2,694,0
6,694,0
2,695,0
6,695,0
2,696,0
6,696,0
2,697,0
4,697,0
2,698,0
4,698,0
2,699,0
4,699,0
2,700,0
4,700,0
2,701,0
4,701,0
2,702,0
4,702,0
2,703,0
4,703,0
2,704,0
4,704,0
2,705,0
4,705,0
2,706,0
4,706,0
2,707,0
4,707,0
2,708,0
4,708,0
2,709,0
4,709,0
2,710,0
4,710,0
2,711,0
4,711,0
2,712,0
4,712,0
2,713,0
4,713,0
2,714,0
4,714,0
2,715,0
4,715,0
2,716,0
4,716,0
2,717,0
4,717,0
2,718,0
4,718,0
2,719,0
4,719,0
2,720,0
4,720,0
2,721,0
4,721,0
2,722,0
4,722,0
2,723,0
4,723,0
2,724,0
4,724,0
2,725,0
4,725,0
2,726,0
4,726,0
2,727,0
4,727,0
2,728,0
4,728,0
2,729,0
4,729,0
2,730,0
4,730,0
2,731,0
4,731,0
2,732,0
4,732,0
2,733,0
4,733,0
2,734,0
4,734,0
2,735,0
4,735,0
2,736,0
4,736,0
2,737,0
4,737,0
2,738,0
4,738,0
2,739,0
4,739,0
2,740,0
4,740,0
2,741,0
4,741,0
2,742,0
4,742,0
2,743,0
4,743,0
2,744,0
4,744,0
2,745,0
4,745,0
2,746,0
4,746,0
2,747,0
4,747,0
2,748,0
4,748,0
2,749,0
4,749,0
2,750,0
4,750,0
2,751,0
4,751,0
2,752,0
4,752,0
2,753,0
4,753,0
2,754,0
4,754,0
2,755,0
4,755,0
2,756,0
4,756,0
2,757,0
4,757,0
2,758,0
4,758,0
2,759,0
4,759,0
2,760,0
4,760,0
2,761,0
4,761,0
2,762,0
4,762,0
2,763,0
4,763,0
2,764,0
4,764,0
2,765,0
4,765,0
2,766,0
4,766,0
2,767,0
4,767,0
2,768,0
4,768,0
2,769,0
4,769,0
2,770,0
4,770,0
2,771,0
4,771,0
2,772,0
4,772,0
2,773,0
4,773,0
2,774,0
4,774,0
2,775,0
4,775,0
2,776,0
4,776,0
2,777,0
4,777,0
2,778,0
4,778,0
2,779,0
4,779,0
2,780,0
4,780,0
2,781,0
4,781,0
2,782,0
4,782,0
2,783,0
4,783,0
2,784,0
4,784,0
2,785,0
4,785,0
2,786,0
4,786,0
2,787,0
4,787,0
2,788,0
4,788,0
2,789,0
4,789,0
2,790,0
4,790,0
2,791,0
4,791,0
2,792,0
4,792,0
2,793,0
4,793,0
2,794,0
4,794,0
2,795,0
4,795,0
2,796,0
4,796,0
2,797,0
4,797,0
2,798,0
4,798,0
2,799,0
4,799,0
2,800,0
4,800,0
2,801,0
4,801,0
2,802,0
4,802,0
2,803,0
4,803,0
2,804,0
4,804,0
2,805,0
4,805,0
2,806,0
4,806,0
2,807,0
4,807,0
2,808,0
4,808,0
2,809,0
2,809,0
2,810,0
2,810,0
2,811,0
2,811,0
2,812,0
2,812,0
2,813,0
2,813,0
2,814,0
2,814,0
2,815,0
2,815,0
2,816,0
2,816,0
2,817,0
2,817,0
2,818,0
2,818,0
2,819,0
2,819,0
2,820,0
2,820,0
2,821,0
2,821,0
2,822,0
2,822,0
2,823,0
2,823,0
2,824,0
2,824,0
2,825,0
2,825,0
2,826,0
2,826,0
2,827,0
2,827,0
2,828,0
2,828,0
2,829,0
2,829,0
2,830,0
2,830,0
2,831,0
2,831,0
2,832,0
2,832,0
2,833,0
2,833,0
2,834,0
2,834,0
2,835,0
2,835,0
2,836,0
2,836,0
2,837,0
2,837,0
2,838,0
2,838,0
2,839,0
2,839,0
2,840,0
2,840,0
2,841,0
2,841,0
2,842,0
2,842,0
2,843,0
2,843,0
2,844,0
2,844,0
2,845,0
2,845,0
2,846,0
2,846,0
2,847,0
2,847,0
2,848,0
2,848,0
2,849,0
2,849,0
2,850,0
2,850,0
2,851,0
2,851,0
2,852,0
2,852,0
2,853,0
2,853,0
2,854,0
2,854,0
2,855,0
2,855,0
2,856,0
2,856,0
2,857,0
2,857,0
2,858,0
2,858,0
2,859,0
2,859,0
2,860,0
2,860,0
2,861,0
2,861,0
2,862,0
2,862,0
2,863,0
2,863,0
2,864,0
2,864,0
2,865,0
2,865,0
2,866,0
2,866,0
2,867,0
2,867,0
2,868,0
2,868,0
2,869,0
2,869,0
2,870,0
2,870,0
2,871,0
2,871,0
2,872,0
2,872,0
2,873,0
2,873,0
2,874,0
2,874,0
2,875,0
2,875,0
2,876,0
2,876,0
2,877,0
2,877,0
2,878,0
2,878,0
2,879,0
2,879,0
2,880,0
2,880,0
2,881,0
2,881,0
2,882,0
2,882,0
2,883,0
2,883,0
2,884,0
2,884,0
2,885,0
2,885,0
2,886,0
2,886,0
2,887,0
2,887,0
2,888,0
2,888,0
2,889,0
2,889,0
2,890,0
2,890,0
2,891,0
2,891,0
2,892,0
2,892,0
2,893,0
2,893,0
2,894,0
2,894,0
2,895,0
2,895,0
2,896,0
2,896,0
2,897,0
2,897,0
2,898,0
2,898,0
2,899,0
2,899,0
2,900,0
2,900,0
2,901,0
2,901,0
2,902,0
2,902,0
2,903,0
2,903,0
2,904,0
2,904,0
