1,1,0
124,1,0
1,2,0
123,2,0
1,3,0
123,3,0
1,4,0
122,4,0
1,5,0
121,5,0
1,6,0
121,6,0
1,7,0
120,7,0
1,8,0
119,8,0
1,9,0
118,9,0
1,10,0
118,10,0
1,11,0
117,11,0
1,12,0
116,12,0
1,13,0
115,13,0
1,14,0
114,14,0
1,15,0
113,15,0
1,16,0
112,16,0
1,17,0
111,17,0
1,18,0
111,18,0
1,19,0
111,19,0
1,20,0
110,20,0
1,21,0
109,21,0
1,22,0
109,22,0
1,23,0
109,23,0
1,24,0
108,24,0
1,25,0
108,25,0
1,26,0
108,26,0
1,27,0
108,27,0
1,28,0
108,28,0
1,29,0
108,29,0
1,30,0
107,30,0
1,31,0
107,31,0
1,32,0
106,32,0
1,33,0
105,33,0
1,34,0
105,34,0
1,35,0
104,35,0
1,36,0
104,36,0
1,37,0
104,37,0
1,38,0
103,38,0
1,39,0
103,39,0
1,40,0
102,40,0
1,41,0
102,41,0
1,42,0
102,42,0
1,43,0
102,43,0
1,44,0
102,44,0
1,45,0
102,45,0
1,46,0
102,46,0
1,47,0
101,47,0
1,48,0
101,48,0
1,49,0
100,49,0
1,50,0
100,50,0
1,51,0
99,51,0
1,52,0
99,52,0
1,53,0
98,53,0
1,54,0
97,54,0
1,55,0
97,55,0
1,56,0
97,56,0
1,57,0
97,57,0
1,58,0
96,58,0
1,59,0
96,59,0
1,60,0
95,60,0
1,61,0
94,61,0
1,62,0
94,62,0
1,63,0
94,63,0
1,64,0
93,64,0
1,65,0
93,65,0
1,66,0
93,66,0
1,67,0
93,67,0
1,68,0
93,68,0
1,69,0
92,69,0
1,70,0
92,70,0
1,71,0
92,71,0
1,72,0
92,72,0
1,73,0
92,73,0
1,74,0
92,74,0
1,75,0
91,75,0
1,76,0
91,76,0
1,77,0
90,77,0
1,78,0
89,78,0
1,79,0
89,79,0
1,80,0
88,80,0
1,81,0
88,81,0
1,82,0
88,82,0
1,83,0
88,83,0
1,84,0
88,84,0
1,85,0
87,85,0
1,86,0
86,86,0
1,87,0
86,87,0
1,88,0
85,88,0
1,89,0
85,89,0
1,90,0
85,90,0
1,91,0
84,91,0
1,92,0
84,92,0
1,93,0
84,93,0
1,94,0
83,94,0
1,95,0
83,95,0
1,96,0
82,96,0
1,97,0
81,97,0
1,98,0
81,98,0
1,99,0
81,99,0
1,100,0
81,100,0
1,101,0
81,101,0
1,102,0
81,102,0
1,103,0
81,103,0
1,104,0
81,104,0
1,105,0
81,105,0
1,106,0
80,106,0
1,107,0
80,107,0
1,108,0
80,108,0
1,109,0
80,109,0
1,110,0
79,110,0
1,111,0
79,111,0
1,112,0
78,112,0
1,113,0
78,113,0
1,114,0
78,114,0
1,115,0
78,115,0
1,116,0
77,116,0
1,117,0
77,117,0
1,118,0
77,118,0
1,119,0
76,119,0
1,120,0
76,120,0
1,121,0
76,121,0
1,122,0
76,122,0
1,123,0
75,123,0
1,124,0
75,124,0
1,125,0
74,125,0
1,126,0
74,126,0
1,127,0
74,127,0
1,128,0
74,128,0
1,129,0
74,129,0
1,130,0
74,130,0
1,131,0
74,131,0
1,132,0
74,132,0
1,133,0
74,133,0
1,134,0
73,134,0
1,135,0
73,135,0
1,136,0
73,136,0
1,137,0
73,137,0
1,138,0
73,138,0
1,139,0
72,139,0
1,140,0
71,140,0
1,141,0
70,141,0
1,142,0
70,142,0
1,143,0
70,143,0
1,144,0
69,144,0
1,145,0
69,145,0
1,146,0
69,146,0
1,147,0
69,147,0
1,148,0
69,148,0
1,149,0
68,149,0
1,150,0
68,150,0
1,151,0
68,151,0
1,152,0
68,152,0
1,153,0
67,153,0
1,154,0
67,154,0
1,155,0
66,155,0
1,156,0
65,156,0
1,157,0
64,157,0
1,158,0
64,158,0
1,159,0
63,159,0
1,160,0
63,160,0
1,161,0
63,161,0
1,162,0
63,162,0
1,163,0
63,163,0
1,164,0
63,164,0
1,165,0
63,165,0
1,166,0
63,166,0
1,167,0
63,167,0
1,168,0
62,168,0
1,169,0
62,169,0
1,170,0
61,170,0
1,171,0
61,171,0
1,172,0
60,172,0
1,173,0
60,173,0
1,174,0
60,174,0
1,175,0
60,175,0
1,176,0
60,176,0
1,177,0
60,177,0
1,178,0
59,178,0
1,179,0
58,179,0
1,180,0
57,180,0
1,181,0
56,181,0
1,182,0
56,182,0
1,183,0
56,183,0
1,184,0
56,184,0
1,185,0
55,185,0
1,186,0
55,186,0
1,187,0
55,187,0
1,188,0
55,188,0
1,189,0
55,189,0
1,190,0
55,190,0
1,191,0
55,191,0
1,192,0
55,192,0
1,193,0
54,193,0
1,194,0
54,194,0
1,195,0
54,195,0
1,196,0
53,196,0
1,197,0
53,197,0
1,198,0
52,198,0
1,199,0
51,199,0
1,200,0
51,200,0
1,201,0
51,201,0
1,202,0
51,202,0
1,203,0
51,203,0
1,204,0
50,204,0
1,205,0
50,205,0
1,206,0
49,206,0
1,207,0
48,207,0
1,208,0
48,208,0
1,209,0
48,209,0
1,210,0
48,210,0
1,211,0
48,211,0
1,212,0
47,212,0
1,213,0
47,213,0
1,214,0
47,214,0
1,215,0
46,215,0
1,216,0
46,216,0
1,217,0
46,217,0
1,218,0
45,218,0
1,219,0
44,219,0
1,220,0
44,220,0
1,221,0
43,221,0
1,222,0
43,222,0
1,223,0
42,223,0
1,224,0
41,224,0
1,225,0
41,225,0
1,226,0
41,226,0
1,227,0
41,227,0
1,228,0
41,228,0
1,229,0
41,229,0
1,230,0
40,230,0
1,231,0
40,231,0
1,232,0
40,232,0
1,233,0
40,233,0
1,234,0
39,234,0
1,235,0
39,235,0
1,236,0
38,236,0
1,237,0
38,237,0
1,238,0
38,238,0
1,239,0
38,239,0
1,240,0
38,240,0
1,241,0
37,241,0
1,242,0
37,242,0
1,243,0
36,243,0
1,244,0
35,244,0
1,245,0
35,245,0
1,246,0
34,246,0
1,247,0
34,247,0
1,248,0
34,248,0
1,249,0
34,249,0
1,250,0
34,250,0
1,251,0
34,251,0
1,252,0
34,252,0
1,253,0
33,253,0
1,254,0
33,254,0
1,255,0
33,255,0
1,256,0
33,256,0
1,257,0
33,257,0
1,258,0
33,258,0
1,259,0
33,259,0
1,260,0
33,260,0
1,261,0
33,261,0
1,262,0
33,262,0
1,263,0
32,263,0
1,264,0
32,264,0
1,265,0
32,265,0
1,266,0
32,266,0
1,267,0
32,267,0
1,268,0
32,268,0
1,269,0
32,269,0
1,270,0
32,270,0
1,271,0
32,271,0
1,272,0
32,272,0
1,273,0
32,273,0
1,274,0
32,274,0
1,275,0
32,275,0
1,276,0
32,276,0
1,277,0
31,277,0
1,278,0
31,278,0
1,279,0
31,279,0
1,280,0
31,280,0
1,281,0
31,281,0
1,282,0
31,282,0
1,283,0
31,283,0
1,284,0
31,284,0
1,285,0
31,285,0
1,286,0
31,286,0
1,287,0
31,287,0
1,288,0
31,288,0
1,289,0
31,289,0
1,290,0
31,290,0
1,291,0
31,291,0
1,292,0
31,292,0
1,293,0
30,293,0
1,294,0
30,294,0
1,295,0
29,295,0
1,296,0
29,296,0
1,297,0
29,297,0
1,298,0
29,298,0
1,299,0
29,299,0
1,300,0
29,300,0
1,301,0
29,301,0
1,302,0
28,302,0
1,303,0
27,303,0
1,304,0
27,304,0
1,305,0
26,305,0
1,306,0
25,306,0
1,307,0
25,307,0
1,308,0
25,308,0
1,309,0
25,309,0
1,310,0
25,310,0
1,311,0
25,311,0
1,312,0
25,312,0
1,313,0
25,313,0
1,314,0
25,314,0
1,315,0
25,315,0
1,316,0
25,316,0
1,317,0
24,317,0
1,318,0
24,318,0
1,319,0
24,319,0
1,320,0
24,320,0
1,321,0
24,321,0
1,322,0
24,322,0
1,323,0
24,323,0
1,324,0
24,324,0
1,325,0
24,325,0
1,326,0
24,326,0
1,327,0
24,327,0
1,328,0
23,328,0
1,329,0
22,329,0
1,330,0
22,330,0
1,331,0
22,331,0
1,332,0
22,332,0
1,333,0
21,333,0
1,334,0
21,334,0
1,335,0
21,335,0
1,336,0
21,336,0
1,337,0
21,337,0
1,338,0
21,338,0
1,339,0
21,339,0
1,340,0
21,340,0
1,341,0
21,341,0
1,342,0
20,342,0
1,343,0
20,343,0
1,344,0
20,344,0
1,345,0
20,345,0
1,346,0
20,346,0
1,347,0
20,347,0
1,348,0
20,348,0
1,349,0
20,349,0
1,350,0
20,350,0
1,351,0
19,351,0
1,352,0
19,352,0
1,353,0
19,353,0
1,354,0
18,354,0
1,355,0
18,355,0
1,356,0
18,356,0
1,357,0
18,357,0
1,358,0
18,358,0
1,359,0
18,359,0
1,360,0
18,360,0
1,361,0
18,361,0
1,362,0
18,362,0
1,363,0
18,363,0
1,364,0
18,364,0
1,365,0
18,365,0
1,366,0
18,366,0
1,367,0
18,367,0
1,368,0
18,368,0
1,369,0
18,369,0
1,370,0
18,370,0
1,371,0
18,371,0
1,372,0
18,372,0
1,373,0
18,373,0
1,374,0
18,374,0
1,375,0
18,375,0
1,376,0
18,376,0
1,377,0
18,377,0
1,378,0
18,378,0
1,379,0
18,379,0
1,380,0
18,380,0
1,381,0
18,381,0
1,382,0
18,382,0
1,383,0
17,383,0
1,384,0
17,384,0
1,385,0
17,385,0
1,386,0
17,386,0
1,387,0
16,387,0
1,388,0
16,388,0
1,389,0
16,389,0
1,390,0
16,390,0
1,391,0
15,391,0
1,392,0
15,392,0
1,393,0
15,393,0
1,394,0
15,394,0
1,395,0
15,395,0
1,396,0
15,396,0
1,397,0
15,397,0
1,398,0
15,398,0
1,399,0
15,399,0
1,400,0
15,400,0
1,401,0
15,401,0
1,402,0
15,402,0
1,403,0
15,403,0
1,404,0
15,404,0
1,405,0
15,405,0
1,406,0
15,406,0
1,407,0
15,407,0
1,408,0
15,408,0
1,409,0
15,409,0
1,410,0
15,410,0
1,411,0
15,411,0
1,412,0
15,412,0
1,413,0
14,413,0
1,414,0
14,414,0
1,415,0
14,415,0
1,416,0
14,416,0
1,417,0
13,417,0
1,418,0
13,418,0
1,419,0
13,419,0
1,420,0
13,420,0
1,421,0
13,421,0
1,422,0
13,422,0
1,423,0
13,423,0
1,424,0
13,424,0
1,425,0
13,425,0
1,426,0
13,426,0
1,427,0
13,427,0
1,428,0
13,428,0
1,429,0
13,429,0
1,430,0
13,430,0
1,431,0
13,431,0
1,432,0
13,432,0
1,433,0
13,433,0
1,434,0
13,434,0
1,435,0
13,435,0
1,436,0
13,436,0
1,437,0
13,437,0
1,438,0
13,438,0
1,439,0
13,439,0
1,440,0
13,440,0
1,441,0
13,441,0
1,442,0
13,442,0
1,443,0
13,443,0
1,444,0
13,444,0
1,445,0
13,445,0
1,446,0
13,446,0
1,447,0
13,447,0
1,448,0
13,448,0
1,449,0
13,449,0
1,450,0
13,450,0
1,451,0
13,451,0
1,452,0
13,452,0
1,453,0
12,453,0
1,454,0
11,454,0
1,455,0
11,455,0
1,456,0
10,456,0
1,457,0
10,457,0
1,458,0
9,458,0
1,459,0
9,459,0
1,460,0
9,460,0
1,461,0
9,461,0
1,462,0
9,462,0
1,463,0
9,463,0
1,464,0
9,464,0
1,465,0
9,465,0
1,466,0
9,466,0
1,467,0
9,467,0
1,468,0
9,468,0
1,469,0
8,469,0
1,470,0
8,470,0
1,471,0
8,471,0
1,472,0
8,472,0
1,473,0
8,473,0
1,474,0
8,474,0
1,475,0
8,475,0
1,476,0
7,476,0
1,477,0
7,477,0
1,478,0
7,478,0
1,479,0
7,479,0
1,480,0
7,480,0
1,481,0
7,481,0
1,482,0
7,482,0
1,483,0
6,483,0
1,484,0
6,484,0
1,485,0
6,485,0
1,486,0
6,486,0
1,487,0
6,487,0
1,488,0
6,488,0
1,489,0
6,489,0
1,490,0
6,490,0
1,491,0
6,491,0
1,492,0
6,492,0
1,493,0
6,493,0
1,494,0
6,494,0
1,495,0
6,495,0
1,496,0
6,496,0
1,497,0
6,497,0
1,498,0
6,498,0
1,499,0
6,499,0
1,500,0
6,500,0
1,501,0
6,501,0
1,502,0
6,502,0
1,503,0
6,503,0
1,504,0
6,504,0
1,505,0
6,505,0
1,506,0
6,506,0
1,507,0
6,507,0
1,508,0
6,508,0
1,509,0
6,509,0
1,510,0
6,510,0
1,511,0
6,511,0
1,512,0
6,512,0
1,513,0
6,513,0
1,514,0
6,514,0
1,515,0
6,515,0
1,516,0
6,516,0
1,517,0
6,517,0
1,518,0
6,518,0
1,519,0
6,519,0
1,520,0
6,520,0
1,521,0
6,521,0
1,522,0
6,522,0
1,523,0
6,523,0
1,524,0
6,524,0
1,525,0
6,525,0
1,526,0
5,526,0
1,527,0
5,527,0
1,528,0
5,528,0
1,529,0
5,529,0
1,530,0
5,530,0
1,531,0
5,531,0
1,532,0
5,532,0
1,533,0
5,533,0
1,534,0
5,534,0
1,535,0
5,535,0
1,536,0
5,536,0
1,537,0
5,537,0
1,538,0
5,538,0
1,539,0
5,539,0
1,540,0
5,540,0
1,541,0
5,541,0
1,542,0
5,542,0
1,543,0
5,543,0
1,544,0
5,544,0
1,545,0
5,545,0
1,546,0
5,546,0
1,547,0
5,547,0
1,548,0
5,548,0
1,549,0
5,549,0
1,550,0
5,550,0
1,551,0
5,551,0
1,552,0
5,552,0
1,553,0
5,553,0
1,554,0
5,554,0
1,555,0
5,555,0
1,556,0
5,556,0
1,557,0
5,557,0
1,558,0
5,558,0
1,559,0
5,559,0
1,560,0
5,560,0
1,561,0
5,561,0
1,562,0
5,562,0
1,563,0
5,563,0
1,564,0
5,564,0
1,565,0
5,565,0
1,566,0
5,566,0
1,567,0
5,567,0
1,568,0
5,568,0
1,569,0
5,569,0
1,570,0
5,570,0
1,571,0
5,571,0
1,572,0
5,572,0
1,573,0
5,573,0
1,574,0
5,574,0
1,575,0
5,575,0
1,576,0
5,576,0
1,577,0
5,577,0
1,578,0
5,578,0
1,579,0
5,579,0
1,580,0
5,580,0
1,581,0
5,581,0
1,582,0
5,582,0
1,583,0
5,583,0
1,584,0
5,584,0
1,585,0
5,585,0
1,586,0
5,586,0
1,587,0
5,587,0
1,588,0
5,588,0
1,589,0
5,589,0
1,590,0
5,590,0
1,591,0
5,591,0
1,592,0
5,592,0
1,593,0
5,593,0
1,594,0
5,594,0
1,595,0
5,595,0
1,596,0
5,596,0
1,597,0
5,597,0
1,598,0
5,598,0
1,599,0
4,599,0
1,600,0
4,600,0
1,601,0
4,601,0
1,602,0
4,602,0
1,603,0
4,603,0
1,604,0
4,604,0
1,605,0
4,605,0
1,606,0
4,606,0
1,607,0
3,607,0
1,608,0
3,608,0
1,609,0
3,609,0
1,610,0
3,610,0
1,611,0
3,611,0
1,612,0
3,612,0
1,613,0
3,613,0
1,614,0
3,614,0
1,615,0
3,615,0
1,616,0
3,616,0
1,617,0
3,617,0
1,618,0
3,618,0
1,619,0
3,619,0
1,620,0
3,620,0
1,621,0
3,621,0
1,622,0
3,622,0
1,623,0
3,623,0
1,624,0
3,624,0
1,625,0
3,625,0
1,626,0
3,626,0
1,627,0
3,627,0
1,628,0
3,628,0
1,629,0
3,629,0
1,630,0
3,630,0
1,631,0
3,631,0
1,632,0
3,632,0
1,633,0
3,633,0
1,634,0
3,634,0
1,635,0
3,635,0
1,636,0
3,636,0
1,637,0
3,637,0
1,638,0
3,638,0
1,639,0
2,639,0
1,640,0
2,640,0
1,641,0
2,641,0
1,642,0
2,642,0
1,643,0
2,643,0
1,644,0
2,644,0
1,645,0
2,645,0
1,646,0
2,646,0
1,647,0
2,647,0
1,648,0
2,648,0
1,649,0
2,649,0
1,650,0
2,650,0
1,651,0
2,651,0
1,652,0
2,652,0
1,653,0
2,653,0
1,654,0
2,654,0
1,655,0
2,655,0
1,656,0
2,656,0
1,657,0
2,657,0
1,658,0
2,658,0
1,659,0
2,659,0
1,660,0
2,660,0
1,661,0
2,661,0
1,662,0
2,662,0
1,663,0
2,663,0
1,664,0
2,664,0
1,665,0
2,665,0
1,666,0
2,666,0
1,667,0
2,667,0
1,668,0
2,668,0
1,669,0
2,669,0
1,670,0
2,670,0
1,671,0
2,671,0
1,672,0
2,672,0
1,673,0
2,673,0
1,674,0
2,674,0
1,675,0
2,675,0
1,676,0
2,676,0
1,677,0
2,677,0
1,678,0
2,678,0
1,679,0
2,679,0
1,680,0
2,680,0
1,681,0
2,681,0
1,682,0
2,682,0
1,683,0
2,683,0
1,684,0
2,684,0
1,685,0
2,685,0
1,686,0
2,686,0
1,687,0
2,687,0
1,688,0
2,688,0
1,689,0
2,689,0
1,690,0
2,690,0
1,691,0
2,691,0
1,692,0
2,692,0
1,693,0
2,693,0
1,694,0
2,694,0
1,695,0
2,695,0
1,696,0
2,696,0
1,697,0
2,697,0
1,698,0
2,698,0
1,699,0
2,699,0
1,700,0
2,700,0
1,701,0
2,701,0
1,702,0
2,702,0
1,703,0
2,703,0
1,704,0
2,704,0
1,705,0
2,705,0
1,706,0
2,706,0
1,707,0
2,707,0
1,708,0
2,708,0
1,709,0
2,709,0
1,710,0
2,710,0
1,711,0
2,711,0
1,712,0
1,712,0
1,713,0
1,713,0
1,714,0
1,714,0
1,715,0
1,715,0
1,716,0
1,716,0
1,717,0
1,717,0
1,718,0
1,718,0
1,719,0
1,719,0
1,720,0
1,720,0
1,721,0
1,721,0
1,722,0
1,722,0
1,723,0
1,723,0
1,724,0
1,724,0
1,725,0
1,725,0
1,726,0
1,726,0
1,727,0
1,727,0
1,728,0
1,728,0
1,729,0
1,729,0
1,730,0
1,730,0
1,731,0
1,731,0
1,732,0
1,732,0
1,733,0
1,733,0
1,734,0
1,734,0
1,735,0
1,735,0
1,736,0
1,736,0
1,737,0
1,737,0
1,738,0
1,738,0
1,739,0
1,739,0
1,740,0
1,740,0
1,741,0
1,741,0
1,742,0
1,742,0
1,743,0
1,743,0
1,744,0
1,744,0
1,745,0
1,745,0
1,746,0
1,746,0
1,747,0
1,747,0
1,748,0
1,748,0
1,749,0
1,749,0
1,750,0
1,750,0
1,751,0
1,751,0
1,752,0
1,752,0
1,753,0
1,753,0
1,754,0
1,754,0
1,755,0
1,755,0
1,756,0
1,756,0
1,757,0
1,757,0
1,758,0
1,758,0
1,759,0
1,759,0
1,760,0
1,760,0
1,761,0
1,761,0
1,762,0
1,762,0
1,763,0
1,763,0
1,764,0
1,764,0
1,765,0
1,765,0
1,766,0
1,766,0
1,767,0
1,767,0
1,768,0
1,768,0
1,769,0
1,769,0
1,770,0
1,770,0
1,771,0
1,771,0
1,772,0
1,772,0
1,773,0
1,773,0
1,774,0
1,774,0
1,775,0
1,775,0
1,776,0
1,776,0
1,777,0
1,777,0
