1,1,0
2337,1,0
1,2,0
1243,2,0
1,3,0
1093,3,0
1,4,0
1083,4,0
1,5,0
1031,5,0
1,6,0
999,6,0
1,7,0
991,7,0
1,8,0
943,8,0
1,9,0
911,9,0
1,10,0
909,10,0
1,11,0
899,11,0
1,12,0
891,12,0
1,13,0
891,13,0
1,14,0
883,14,0
1,15,0
879,15,0
1,16,0
839,16,0
1,17,0
805,17,0
1,18,0
721,18,0
1,19,0
713,19,0
1,20,0
707,20,0
1,21,0
679,21,0
1,22,0
677,22,0
1,23,0
677,23,0
1,24,0
677,24,0
1,25,0
671,25,0
1,26,0
655,26,0
1,27,0
653,27,0
1,28,0
647,28,0
1,29,0
643,29,0
1,30,0
641,30,0
1,31,0
641,31,0
1,32,0
613,32,0
1,33,0
607,33,0
1,34,0
603,34,0
1,35,0
597,35,0
1,36,0
591,36,0
1,37,0
591,37,0
1,38,0
587,38,0
1,39,0
587,39,0
1,40,0
587,40,0
1,41,0
585,41,0
1,42,0
577,42,0
1,43,0
577,43,0
1,44,0
577,44,0
1,45,0
577,45,0
1,46,0
539,46,0
1,47,0
531,47,0
1,48,0
529,48,0
1,49,0
529,49,0
1,50,0
527,50,0
1,51,0
513,51,0
1,52,0
495,52,0
1,53,0
493,53,0
1,54,0
487,54,0
1,55,0
483,55,0
1,56,0
475,56,0
1,57,0
473,57,0
1,58,0
469,58,0
1,59,0
469,59,0
1,60,0
469,60,0
1,61,0
469,61,0
1,62,0
461,62,0
1,63,0
459,63,0
1,64,0
455,64,0
1,65,0
449,65,0
1,66,0
447,66,0
1,67,0
433,67,0
1,68,0
433,68,0
1,69,0
433,69,0
1,70,0
425,70,0
1,71,0
421,71,0
1,72,0
419,72,0
1,73,0
411,73,0
1,74,0
409,74,0
1,75,0
397,75,0
1,76,0
395,76,0
1,77,0
387,77,0
1,78,0
387,78,0
1,79,0
379,79,0
1,80,0
365,80,0
1,81,0
361,81,0
1,82,0
349,82,0
1,83,0
341,83,0
1,84,0
325,84,0
1,85,0
325,85,0
1,86,0
325,86,0
1,87,0
325,87,0
1,88,0
325,88,0
1,89,0
325,89,0
1,90,0
319,90,0
1,91,0
311,91,0
1,92,0
311,92,0
1,93,0
311,93,0
1,94,0
309,94,0
1,95,0
309,95,0
1,96,0
309,96,0
1,97,0
307,97,0
1,98,0
307,98,0
1,99,0
307,99,0
1,100,0
305,100,0
1,101,0
305,101,0
1,102,0
303,102,0
1,103,0
303,103,0
1,104,0
299,104,0
1,105,0
299,105,0
1,106,0
299,106,0
1,107,0
297,107,0
1,108,0
289,108,0
1,109,0
287,109,0
1,110,0
287,110,0
1,111,0
285,111,0
1,112,0
283,112,0
1,113,0
279,113,0
1,114,0
277,114,0
1,115,0
275,115,0
1,116,0
275,116,0
1,117,0
273,117,0
1,118,0
273,118,0
1,119,0
273,119,0
1,120,0
271,120,0
1,121,0
271,121,0
1,122,0
271,122,0
1,123,0
265,123,0
1,124,0
259,124,0
1,125,0
253,125,0
1,126,0
247,126,0
1,127,0
247,127,0
1,128,0
247,128,0
1,129,0
245,129,0
1,130,0
245,130,0
1,131,0
245,131,0
1,132,0
245,132,0
1,133,0
245,133,0
1,134,0
245,134,0
1,135,0
237,135,0
1,136,0
235,136,0
1,137,0
235,137,0
1,138,0
233,138,0
1,139,0
233,139,0
1,140,0
227,140,0
1,141,0
225,141,0
1,142,0
217,142,0
1,143,0
217,143,0
1,144,0
215,144,0
1,145,0
213,145,0
1,146,0
211,146,0
1,147,0
211,147,0
1,148,0
211,148,0
1,149,0
209,149,0
1,150,0
207,150,0
1,151,0
207,151,0
1,152,0
207,152,0
1,153,0
203,153,0
1,154,0
203,154,0
1,155,0
197,155,0
1,156,0
193,156,0
1,157,0
191,157,0
1,158,0
191,158,0
1,159,0
189,159,0
1,160,0
187,160,0
1,161,0
187,161,0
1,162,0
187,162,0
1,163,0
187,163,0
1,164,0
187,164,0
1,165,0
183,165,0
1,166,0
183,166,0
1,167,0
181,167,0
1,168,0
181,168,0
1,169,0
179,169,0
1,170,0
179,170,0
1,171,0
177,171,0
1,172,0
177,172,0
1,173,0
177,173,0
1,174,0
177,174,0
1,175,0
177,175,0
1,176,0
175,176,0
1,177,0
175,177,0
1,178,0
175,178,0
1,179,0
171,179,0
1,180,0
171,180,0
1,181,0
167,181,0
1,182,0
165,182,0
1,183,0
165,183,0
1,184,0
163,184,0
1,185,0
163,185,0
1,186,0
163,186,0
1,187,0
163,187,0
1,188,0
161,188,0
1,189,0
161,189,0
1,190,0
161,190,0
1,191,0
161,191,0
1,192,0
161,192,0
1,193,0
159,193,0
1,194,0
157,194,0
1,195,0
157,195,0
1,196,0
157,196,0
1,197,0
155,197,0
1,198,0
155,198,0
1,199,0
151,199,0
1,200,0
147,200,0
1,201,0
143,201,0
1,202,0
141,202,0
1,203,0
141,203,0
1,204,0
141,204,0
1,205,0
141,205,0
1,206,0
141,206,0
1,207,0
141,207,0
1,208,0
141,208,0
1,209,0
139,209,0
1,210,0
139,210,0
1,211,0
137,211,0
1,212,0
137,212,0
1,213,0
137,213,0
1,214,0
137,214,0
1,215,0
137,215,0
1,216,0
137,216,0
1,217,0
137,217,0
1,218,0
137,218,0
1,219,0
137,219,0
1,220,0
137,220,0
1,221,0
137,221,0
1,222,0
137,222,0
1,223,0
137,223,0
1,224,0
137,224,0
1,225,0
137,225,0
1,226,0
133,226,0
1,227,0
125,227,0
1,228,0
125,228,0
1,229,0
125,229,0
1,230,0
121,230,0
1,231,0
117,231,0
1,232,0
115,232,0
1,233,0
109,233,0
1,234,0
99,234,0
1,235,0
99,235,0
1,236,0
97,236,0
1,237,0
97,237,0
1,238,0
97,238,0
1,239,0
97,239,0
1,240,0
95,240,0
1,241,0
95,241,0
1,242,0
95,242,0
1,243,0
95,243,0
1,244,0
95,244,0
1,245,0
95,245,0
1,246,0
95,246,0
1,247,0
95,247,0
1,248,0
93,248,0
1,249,0
91,249,0
1,250,0
91,250,0
1,251,0
91,251,0
1,252,0
91,252,0
1,253,0
91,253,0
1,254,0
91,254,0
1,255,0
91,255,0
1,256,0
91,256,0
1,257,0
91,257,0
1,258,0
91,258,0
1,259,0
91,259,0
1,260,0
91,260,0
1,261,0
91,261,0
1,262,0
91,262,0
1,263,0
83,263,0
1,264,0
83,264,0
1,265,0
83,265,0
1,266,0
83,266,0
1,267,0
81,267,0
1,268,0
79,268,0
1,269,0
79,269,0
1,270,0
79,270,0
1,271,0
79,271,0
1,272,0
79,272,0
1,273,0
79,273,0
1,274,0
79,274,0
1,275,0
77,275,0
1,276,0
73,276,0
1,277,0
73,277,0
1,278,0
73,278,0
1,279,0
73,279,0
1,280,0
73,280,0
1,281,0
73,281,0
1,282,0
73,282,0
1,283,0
73,283,0
1,284,0
73,284,0
1,285,0
73,285,0
1,286,0
73,286,0
1,287,0
73,287,0
1,288,0
73,288,0
1,289,0
73,289,0
1,290,0
73,290,0
1,291,0
73,291,0
1,292,0
73,292,0
1,293,0
73,293,0
1,294,0
73,294,0
1,295,0
71,295,0
1,296,0
71,296,0
1,297,0
71,297,0
1,298,0
71,298,0
1,299,0
69,299,0
1,300,0
69,300,0
1,301,0
69,301,0
1,302,0
69,302,0
1,303,0
69,303,0
1,304,0
67,304,0
1,305,0
67,305,0
1,306,0
67,306,0
1,307,0
67,307,0
1,308,0
67,308,0
1,309,0
67,309,0
1,310,0
67,310,0
1,311,0
67,311,0
1,312,0
67,312,0
1,313,0
65,313,0
1,314,0
63,314,0
1,315,0
63,315,0
1,316,0
63,316,0
1,317,0
63,317,0
1,318,0
63,318,0
1,319,0
63,319,0
1,320,0
63,320,0
1,321,0
63,321,0
1,322,0
63,322,0
1,323,0
63,323,0
1,324,0
59,324,0
1,325,0
59,325,0
1,326,0
59,326,0
1,327,0
59,327,0
1,328,0
59,328,0
1,329,0
59,329,0
1,330,0
59,330,0
1,331,0
59,331,0
1,332,0
59,332,0
1,333,0
59,333,0
1,334,0
59,334,0
1,335,0
59,335,0
1,336,0
59,336,0
1,337,0
59,337,0
1,338,0
57,338,0
1,339,0
57,339,0
1,340,0
57,340,0
1,341,0
57,341,0
1,342,0
57,342,0
1,343,0
57,343,0
1,344,0
57,344,0
1,345,0
57,345,0
1,346,0
57,346,0
1,347,0
57,347,0
1,348,0
57,348,0
1,349,0
55,349,0
1,350,0
55,350,0
1,351,0
55,351,0
1,352,0
55,352,0
1,353,0
55,353,0
1,354,0
55,354,0
1,355,0
55,355,0
1,356,0
55,356,0
1,357,0
55,357,0
1,358,0
55,358,0
1,359,0
53,359,0
1,360,0
51,360,0
1,361,0
51,361,0
1,362,0
51,362,0
1,363,0
51,363,0
1,364,0
51,364,0
1,365,0
51,365,0
1,366,0
51,366,0
1,367,0
51,367,0
1,368,0
49,368,0
1,369,0
47,369,0
1,370,0
47,370,0
1,371,0
47,371,0
1,372,0
47,372,0
1,373,0
47,373,0
1,374,0
47,374,0
1,375,0
45,375,0
1,376,0
45,376,0
1,377,0
45,377,0
1,378,0
45,378,0
1,379,0
43,379,0
1,380,0
43,380,0
1,381,0
43,381,0
1,382,0
43,382,0
1,383,0
43,383,0
1,384,0
43,384,0
1,385,0
43,385,0
1,386,0
43,386,0
1,387,0
43,387,0
1,388,0
43,388,0
1,389,0
43,389,0
1,390,0
43,390,0
1,391,0
43,391,0
1,392,0
43,392,0
1,393,0
43,393,0
1,394,0
43,394,0
1,395,0
43,395,0
1,396,0
43,396,0
1,397,0
43,397,0
1,398,0
43,398,0
1,399,0
43,399,0
1,400,0
43,400,0
1,401,0
43,401,0
1,402,0
41,402,0
1,403,0
41,403,0
1,404,0
37,404,0
1,405,0
37,405,0
1,406,0
37,406,0
1,407,0
37,407,0
1,408,0
37,408,0
1,409,0
37,409,0
1,410,0
37,410,0
1,411,0
35,411,0
1,412,0
35,412,0
1,413,0
35,413,0
1,414,0
35,414,0
1,415,0
35,415,0
1,416,0
35,416,0
1,417,0
35,417,0
1,418,0
35,418,0
1,419,0
33,419,0
1,420,0
33,420,0
1,421,0
33,421,0
1,422,0
33,422,0
1,423,0
33,423,0
1,424,0
33,424,0
1,425,0
33,425,0
1,426,0
33,426,0
1,427,0
33,427,0
1,428,0
33,428,0
1,429,0
33,429,0
1,430,0
33,430,0
1,431,0
33,431,0
1,432,0
33,432,0
1,433,0
33,433,0
1,434,0
33,434,0
1,435,0
33,435,0
1,436,0
33,436,0
1,437,0
33,437,0
1,438,0
31,438,0
1,439,0
31,439,0
1,440,0
31,440,0
1,441,0
31,441,0
1,442,0
31,442,0
1,443,0
31,443,0
1,444,0
29,444,0
1,445,0
29,445,0
1,446,0
29,446,0
1,447,0
29,447,0
1,448,0
29,448,0
1,449,0
29,449,0
1,450,0
27,450,0
1,451,0
27,451,0
1,452,0
27,452,0
1,453,0
27,453,0
1,454,0
27,454,0
1,455,0
27,455,0
1,456,0
25,456,0
1,457,0
25,457,0
1,458,0
25,458,0
1,459,0
25,459,0
1,460,0
25,460,0
1,461,0
25,461,0
1,462,0
25,462,0
1,463,0
25,463,0
1,464,0
25,464,0
1,465,0
25,465,0
1,466,0
25,466,0
1,467,0
25,467,0
1,468,0
25,468,0
1,469,0
25,469,0
1,470,0
25,470,0
1,471,0
25,471,0
1,472,0
25,472,0
1,473,0
23,473,0
1,474,0
23,474,0
1,475,0
23,475,0
1,476,0
23,476,0
1,477,0
23,477,0
1,478,0
23,478,0
1,479,0
23,479,0
1,480,0
23,480,0
1,481,0
23,481,0
1,482,0
21,482,0
1,483,0
21,483,0
1,484,0
21,484,0
1,485,0
21,485,0
1,486,0
21,486,0
1,487,0
21,487,0
1,488,0
21,488,0
1,489,0
21,489,0
1,490,0
21,490,0
1,491,0
21,491,0
1,492,0
21,492,0
1,493,0
21,493,0
1,494,0
21,494,0
1,495,0
21,495,0
1,496,0
21,496,0
1,497,0
21,497,0
1,498,0
21,498,0
1,499,0
21,499,0
1,500,0
21,500,0
1,501,0
21,501,0
1,502,0
21,502,0
1,503,0
21,503,0
1,504,0
19,504,0
1,505,0
19,505,0
1,506,0
19,506,0
1,507,0
19,507,0
1,508,0
19,508,0
1,509,0
17,509,0
1,510,0
17,510,0
1,511,0
17,511,0
1,512,0
17,512,0
1,513,0
17,513,0
1,514,0
17,514,0
1,515,0
17,515,0
1,516,0
17,516,0
1,517,0
17,517,0
1,518,0
17,518,0
1,519,0
17,519,0
1,520,0
17,520,0
1,521,0
17,521,0
1,522,0
17,522,0
1,523,0
17,523,0
1,524,0
17,524,0
1,525,0
17,525,0
1,526,0
13,526,0
1,527,0
13,527,0
1,528,0
13,528,0
1,529,0
13,529,0
1,530,0
13,530,0
1,531,0
13,531,0
1,532,0
13,532,0
1,533,0
13,533,0
1,534,0
13,534,0
1,535,0
13,535,0
1,536,0
13,536,0
1,537,0
13,537,0
1,538,0
13,538,0
1,539,0
13,539,0
1,540,0
13,540,0
1,541,0
13,541,0
1,542,0
13,542,0
1,543,0
11,543,0
1,544,0
11,544,0
1,545,0
11,545,0
1,546,0
11,546,0
1,547,0
11,547,0
1,548,0
11,548,0
1,549,0
11,549,0
1,550,0
11,550,0
1,551,0
11,551,0
1,552,0
11,552,0
1,553,0
11,553,0
1,554,0
11,554,0
1,555,0
11,555,0
1,556,0
11,556,0
1,557,0
11,557,0
1,558,0
11,558,0
1,559,0
11,559,0
1,560,0
11,560,0
1,561,0
11,561,0
1,562,0
11,562,0
1,563,0
11,563,0
1,564,0
11,564,0
1,565,0
11,565,0
1,566,0
11,566,0
1,567,0
11,567,0
1,568,0
11,568,0
1,569,0
11,569,0
1,570,0
11,570,0
1,571,0
11,571,0
1,572,0
11,572,0
1,573,0
11,573,0
1,574,0
11,574,0
1,575,0
11,575,0
1,576,0
11,576,0
1,577,0
11,577,0
1,578,0
11,578,0
1,579,0
11,579,0
1,580,0
11,580,0
1,581,0
11,581,0
1,582,0
11,582,0
1,583,0
11,583,0
1,584,0
11,584,0
1,585,0
11,585,0
1,586,0
11,586,0
1,587,0
9,587,0
1,588,0
9,588,0
1,589,0
9,589,0
1,590,0
9,590,0
1,591,0
9,591,0
1,592,0
9,592,0
1,593,0
7,593,0
1,594,0
7,594,0
1,595,0
7,595,0
1,596,0
7,596,0
1,597,0
7,597,0
1,598,0
7,598,0
1,599,0
7,599,0
1,600,0
7,600,0
1,601,0
7,601,0
1,602,0
7,602,0
1,603,0
7,603,0
1,604,0
7,604,0
1,605,0
7,605,0
1,606,0
7,606,0
1,607,0
7,607,0
1,608,0
7,608,0
1,609,0
7,609,0
1,610,0
7,610,0
1,611,0
7,611,0
1,612,0
7,612,0
1,613,0
7,613,0
1,614,0
7,614,0
1,615,0
7,615,0
1,616,0
7,616,0
1,617,0
7,617,0
1,618,0
7,618,0
1,619,0
7,619,0
1,620,0
7,620,0
1,621,0
7,621,0
1,622,0
7,622,0
1,623,0
7,623,0
1,624,0
7,624,0
1,625,0
7,625,0
1,626,0
7,626,0
1,627,0
7,627,0
1,628,0
7,628,0
1,629,0
7,629,0
1,630,0
7,630,0
1,631,0
7,631,0
1,632,0
7,632,0
1,633,0
7,633,0
1,634,0
7,634,0
1,635,0
7,635,0
1,636,0
7,636,0
1,637,0
7,637,0
1,638,0
7,638,0
1,639,0
7,639,0
1,640,0
7,640,0
1,641,0
7,641,0
1,642,0
7,642,0
1,643,0
7,643,0
1,644,0
7,644,0
1,645,0
7,645,0
1,646,0
7,646,0
1,647,0
7,647,0
1,648,0
7,648,0
1,649,0
7,649,0
1,650,0
7,650,0
1,651,0
7,651,0
1,652,0
7,652,0
1,653,0
7,653,0
1,654,0
7,654,0
1,655,0
7,655,0
1,656,0
7,656,0
1,657,0
7,657,0
1,658,0
7,658,0
1,659,0
7,659,0
1,660,0
7,660,0
1,661,0
7,661,0
1,662,0
7,662,0
1,663,0
7,663,0
1,664,0
7,664,0
1,665,0
7,665,0
1,666,0
7,666,0
1,667,0
7,667,0
1,668,0
7,668,0
1,669,0
7,669,0
1,670,0
7,670,0
1,671,0
7,671,0
1,672,0
7,672,0
1,673,0
7,673,0
1,674,0
7,674,0
1,675,0
7,675,0
1,676,0
7,676,0
1,677,0
7,677,0
1,678,0
7,678,0
1,679,0
7,679,0
1,680,0
7,680,0
1,681,0
7,681,0
1,682,0
7,682,0
1,683,0
7,683,0
1,684,0
7,684,0
1,685,0
5,685,0
1,686,0
5,686,0
1,687,0
5,687,0
1,688,0
5,688,0
1,689,0
5,689,0
1,690,0
5,690,0
1,691,0
3,691,0
1,692,0
3,692,0
1,693,0
3,693,0
1,694,0
3,694,0
1,695,0
3,695,0
1,696,0
3,696,0
1,697,0
3,697,0
1,698,0
3,698,0
1,699,0
3,699,0
1,700,0
3,700,0
1,701,0
3,701,0
1,702,0
3,702,0
1,703,0
3,703,0
1,704,0
3,704,0
1,705,0
3,705,0
1,706,0
3,706,0
1,707,0
3,707,0
1,708,0
3,708,0
1,709,0
3,709,0
1,710,0
3,710,0
1,711,0
3,711,0
1,712,0
3,712,0
1,713,0
3,713,0
1,714,0
3,714,0
1,715,0
3,715,0
1,716,0
3,716,0
1,717,0
3,717,0
1,718,0
3,718,0
1,719,0
3,719,0
1,720,0
3,720,0
1,721,0
3,721,0
1,722,0
3,722,0
1,723,0
3,723,0
1,724,0
3,724,0
1,725,0
3,725,0
1,726,0
3,726,0
1,727,0
3,727,0
1,728,0
3,728,0
1,729,0
3,729,0
1,730,0
3,730,0
1,731,0
3,731,0
1,732,0
3,732,0
1,733,0
3,733,0
1,734,0
3,734,0
1,735,0
3,735,0
1,736,0
3,736,0
1,737,0
3,737,0
1,738,0
3,738,0
1,739,0
3,739,0
1,740,0
3,740,0
1,741,0
3,741,0
1,742,0
3,742,0
1,743,0
3,743,0
1,744,0
3,744,0
1,745,0
3,745,0
1,746,0
3,746,0
1,747,0
3,747,0
1,748,0
3,748,0
1,749,0
3,749,0
1,750,0
3,750,0
1,751,0
3,751,0
1,752,0
3,752,0
1,753,0
3,753,0
1,754,0
3,754,0
1,755,0
3,755,0
1,756,0
3,756,0
1,757,0
3,757,0
1,758,0
3,758,0
1,759,0
3,759,0
1,760,0
3,760,0
1,761,0
3,761,0
1,762,0
3,762,0
1,763,0
3,763,0
1,764,0
3,764,0
1,765,0
3,765,0
1,766,0
3,766,0
1,767,0
3,767,0
1,768,0
3,768,0
1,769,0
3,769,0
1,770,0
3,770,0
1,771,0
3,771,0
1,772,0
3,772,0
1,773,0
3,773,0
1,774,0
3,774,0
1,775,0
3,775,0
1,776,0
3,776,0
1,777,0
3,777,0
1,778,0
3,778,0
1,779,0
3,779,0
1,780,0
3,780,0
1,781,0
3,781,0
1,782,0
3,782,0
1,783,0
3,783,0
1,784,0
3,784,0
1,785,0
3,785,0
1,786,0
3,786,0
1,787,0
3,787,0
1,788,0
3,788,0
1,789,0
3,789,0
1,790,0
3,790,0
1,791,0
3,791,0
1,792,0
3,792,0
1,793,0
3,793,0
1,794,0
3,794,0
1,795,0
3,795,0
1,796,0
3,796,0
1,797,0
3,797,0
1,798,0
3,798,0
1,799,0
3,799,0
1,800,0
3,800,0
1,801,0
3,801,0
1,802,0
3,802,0
1,803,0
3,803,0
1,804,0
3,804,0
1,805,0
3,805,0
1,806,0
3,806,0
1,807,0
3,807,0
1,808,0
3,808,0
1,809,0
3,809,0
1,810,0
3,810,0
1,811,0
3,811,0
1,812,0
3,812,0
1,813,0
3,813,0
1,814,0
3,814,0
1,815,0
3,815,0
1,816,0
3,816,0
1,817,0
3,817,0
1,818,0
3,818,0
1,819,0
3,819,0
1,820,0
3,820,0
1,821,0
3,821,0
1,822,0
3,822,0
1,823,0
3,823,0
1,824,0
3,824,0
1,825,0
3,825,0
1,826,0
3,826,0
1,827,0
3,827,0
1,828,0
3,828,0
1,829,0
3,829,0
1,830,0
3,830,0
1,831,0
3,831,0
1,832,0
3,832,0
1,833,0
3,833,0
1,834,0
3,834,0
1,835,0
3,835,0
1,836,0
3,836,0
1,837,0
3,837,0
1,838,0
3,838,0
1,839,0
3,839,0
1,840,0
3,840,0
1,841,0
3,841,0
1,842,0
3,842,0
1,843,0
3,843,0
1,844,0
3,844,0
1,845,0
3,845,0
1,846,0
3,846,0
1,847,0
3,847,0
1,848,0
3,848,0
1,849,0
3,849,0
1,850,0
3,850,0
1,851,0
3,851,0
1,852,0
3,852,0
1,853,0
3,853,0
1,854,0
3,854,0
1,855,0
3,855,0
1,856,0
3,856,0
1,857,0
3,857,0
1,858,0
3,858,0
1,859,0
3,859,0
1,860,0
3,860,0
1,861,0
3,861,0
1,862,0
3,862,0
1,863,0
3,863,0
1,864,0
3,864,0
1,865,0
3,865,0
1,866,0
3,866,0
1,867,0
3,867,0
1,868,0
3,868,0
1,869,0
3,869,0
1,870,0
3,870,0
1,871,0
3,871,0
1,872,0
3,872,0
1,873,0
3,873,0
1,874,0
3,874,0
1,875,0
3,875,0
1,876,0
3,876,0
1,877,0
3,877,0
1,878,0
3,878,0
1,879,0
3,879,0
1,880,0
3,880,0
1,881,0
3,881,0
1,882,0
3,882,0
1,883,0
3,883,0
1,884,0
3,884,0
1,885,0
3,885,0
1,886,0
3,886,0
1,887,0
3,887,0
1,888,0
3,888,0
1,889,0
3,889,0
1,890,0
3,890,0
1,891,0
3,891,0
1,892,0
3,892,0
1,893,0
1,893,0
1,894,0
1,894,0
1,895,0
1,895,0
1,896,0
1,896,0
1,897,0
1,897,0
1,898,0
1,898,0
1,899,0
1,899,0
1,900,0
1,900,0
1,901,0
1,901,0
1,902,0
1,902,0
1,903,0
1,903,0
1,904,0
1,904,0
1,905,0
1,905,0
1,906,0
1,906,0
1,907,0
1,907,0
1,908,0
1,908,0
1,909,0
1,909,0
1,910,0
1,910,0
1,911,0
1,911,0
1,912,0
1,912,0
1,913,0
1,913,0
1,914,0
1,914,0
1,915,0
1,915,0
1,916,0
1,916,0
1,917,0
1,917,0
1,918,0
1,918,0
1,919,0
1,919,0
1,920,0
1,920,0
1,921,0
1,921,0
1,922,0
1,922,0
1,923,0
1,923,0
1,924,0
1,924,0
1,925,0
1,925,0
1,926,0
1,926,0
1,927,0
1,927,0
1,928,0
1,928,0
1,929,0
1,929,0
1,930,0
1,930,0
1,931,0
1,931,0
1,932,0
1,932,0
1,933,0
1,933,0
1,934,0
1,934,0
1,935,0
1,935,0
1,936,0
1,936,0
1,937,0
1,937,0
1,938,0
1,938,0
1,939,0
1,939,0
1,940,0
1,940,0
1,941,0
1,941,0
1,942,0
1,942,0
1,943,0
1,943,0
1,944,0
1,944,0
1,945,0
1,945,0
1,946,0
1,946,0
1,947,0
1,947,0
1,948,0
1,948,0
1,949,0
1,949,0
1,950,0
1,950,0
1,951,0
1,951,0
1,952,0
1,952,0
1,953,0
1,953,0
1,954,0
1,954,0
1,955,0
1,955,0
1,956,0
1,956,0
1,957,0
1,957,0
1,958,0
1,958,0
1,959,0
1,959,0
1,960,0
1,960,0
1,961,0
1,961,0
1,962,0
1,962,0
1,963,0
1,963,0
1,964,0
1,964,0
1,965,0
1,965,0
1,966,0
1,966,0
1,967,0
1,967,0
1,968,0
1,968,0
1,969,0
1,969,0
1,970,0
1,970,0
1,971,0
1,971,0
1,972,0
1,972,0
1,973,0
1,973,0
1,974,0
1,974,0
1,975,0
1,975,0
1,976,0
1,976,0
1,977,0
1,977,0
1,978,0
1,978,0
1,979,0
1,979,0
1,980,0
1,980,0
1,981,0
1,981,0
1,982,0
1,982,0
1,983,0
1,983,0
1,984,0
1,984,0
1,985,0
1,985,0
1,986,0
1,986,0
1,987,0
1,987,0
1,988,0
1,988,0
