1,1,0
119,1,0
1,2,0
118,2,0
1,3,0
118,3,0
1,4,0
118,4,0
1,5,0
117,5,0
1,6,0
117,6,0
1,7,0
117,7,0
1,8,0
116,8,0
1,9,0
116,9,0
1,10,0
116,10,0
1,11,0
115,11,0
1,12,0
115,12,0
1,13,0
114,13,0
1,14,0
113,14,0
1,15,0
113,15,0
1,16,0
112,16,0
1,17,0
111,17,0
1,18,0
110,18,0
1,19,0
110,19,0
1,20,0
110,20,0
1,21,0
110,21,0
1,22,0
109,22,0
1,23,0
109,23,0
1,24,0
109,24,0
1,25,0
108,25,0
1,26,0
108,26,0
1,27,0
107,27,0
1,28,0
107,28,0
1,29,0
106,29,0
1,30,0
106,30,0
1,31,0
106,31,0
1,32,0
105,32,0
1,33,0
104,33,0
1,34,0
103,34,0
1,35,0
103,35,0
1,36,0
102,36,0
1,37,0
102,37,0
1,38,0
102,38,0
1,39,0
102,39,0
1,40,0
102,40,0
1,41,0
102,41,0
1,42,0
102,42,0
1,43,0
102,43,0
1,44,0
101,44,0
1,45,0
101,45,0
1,46,0
100,46,0
1,47,0
100,47,0
1,48,0
100,48,0
1,49,0
99,49,0
1,50,0
98,50,0
1,51,0
97,51,0
1,52,0
97,52,0
1,53,0
97,53,0
1,54,0
97,54,0
1,55,0
97,55,0
1,56,0
96,56,0
1,57,0
95,57,0
1,58,0
94,58,0
1,59,0
93,59,0
1,60,0
93,60,0
1,61,0
93,61,0
1,62,0
93,62,0
1,63,0
92,63,0
1,64,0
91,64,0
1,65,0
91,65,0
1,66,0
90,66,0
1,67,0
90,67,0
1,68,0
90,68,0
1,69,0
90,69,0
1,70,0
90,70,0
1,71,0
90,71,0
1,72,0
90,72,0
1,73,0
89,73,0
1,74,0
89,74,0
1,75,0
89,75,0
1,76,0
89,76,0
1,77,0
89,77,0
1,78,0
88,78,0
1,79,0
88,79,0
1,80,0
87,80,0
1,81,0
86,81,0
1,82,0
86,82,0
1,83,0
86,83,0
1,84,0
86,84,0
1,85,0
86,85,0
1,86,0
86,86,0
1,87,0
85,87,0
1,88,0
85,88,0
1,89,0
84,89,0
1,90,0
83,90,0
1,91,0
83,91,0
1,92,0
82,92,0
1,93,0
82,93,0
1,94,0
82,94,0
1,95,0
82,95,0
1,96,0
81,96,0
1,97,0
80,97,0
1,98,0
80,98,0
1,99,0
80,99,0
1,100,0
80,100,0
1,101,0
79,101,0
1,102,0
79,102,0
1,103,0
79,103,0
1,104,0
78,104,0
1,105,0
78,105,0
1,106,0
78,106,0
1,107,0
77,107,0
1,108,0
77,108,0
1,109,0
76,109,0
1,110,0
76,110,0
1,111,0
76,111,0
1,112,0
76,112,0
1,113,0
76,113,0
1,114,0
76,114,0
1,115,0
75,115,0
1,116,0
74,116,0
1,117,0
74,117,0
1,118,0
74,118,0
1,119,0
73,119,0
1,120,0
73,120,0
1,121,0
73,121,0
1,122,0
73,122,0
1,123,0
73,123,0
1,124,0
73,124,0
1,125,0
73,125,0
1,126,0
72,126,0
1,127,0
72,127,0
1,128,0
71,128,0
1,129,0
70,129,0
1,130,0
70,130,0
1,131,0
70,131,0
1,132,0
69,132,0
1,133,0
69,133,0
1,134,0
69,134,0
1,135,0
68,135,0
1,136,0
67,136,0
1,137,0
67,137,0
1,138,0
67,138,0
1,139,0
67,139,0
1,140,0
67,140,0
1,141,0
67,141,0
1,142,0
66,142,0
1,143,0
66,143,0
1,144,0
66,144,0
1,145,0
66,145,0
1,146,0
66,146,0
1,147,0
66,147,0
1,148,0
66,148,0
1,149,0
65,149,0
1,150,0
65,150,0
1,151,0
65,151,0
1,152,0
65,152,0
1,153,0
64,153,0
1,154,0
64,154,0
1,155,0
64,155,0
1,156,0
64,156,0
1,157,0
64,157,0
1,158,0
63,158,0
1,159,0
63,159,0
1,160,0
62,160,0
1,161,0
62,161,0
1,162,0
62,162,0
1,163,0
61,163,0
1,164,0
61,164,0
1,165,0
60,165,0
1,166,0
60,166,0
1,167,0
60,167,0
1,168,0
60,168,0
1,169,0
59,169,0
1,170,0
59,170,0
1,171,0
59,171,0
1,172,0
58,172,0
1,173,0
58,173,0
1,174,0
57,174,0
1,175,0
57,175,0
1,176,0
57,176,0
1,177,0
57,177,0
1,178,0
57,178,0
1,179,0
57,179,0
1,180,0
57,180,0
1,181,0
56,181,0
1,182,0
56,182,0
1,183,0
56,183,0
1,184,0
55,184,0
1,185,0
55,185,0
1,186,0
55,186,0
1,187,0
55,187,0
1,188,0
54,188,0
1,189,0
54,189,0
1,190,0
54,190,0
1,191,0
54,191,0
1,192,0
54,192,0
1,193,0
54,193,0
1,194,0
54,194,0
1,195,0
54,195,0
1,196,0
54,196,0
1,197,0
54,197,0
1,198,0
54,198,0
1,199,0
54,199,0
1,200,0
54,200,0
1,201,0
54,201,0
1,202,0
54,202,0
1,203,0
54,203,0
1,204,0
54,204,0
1,205,0
54,205,0
1,206,0
54,206,0
1,207,0
54,207,0
1,208,0
54,208,0
1,209,0
54,209,0
1,210,0
53,210,0
1,211,0
52,211,0
1,212,0
52,212,0
1,213,0
52,213,0
1,214,0
51,214,0
1,215,0
50,215,0
1,216,0
49,216,0
1,217,0
49,217,0
1,218,0
49,218,0
1,219,0
49,219,0
1,220,0
48,220,0
1,221,0
47,221,0
1,222,0
47,222,0
1,223,0
47,223,0
1,224,0
47,224,0
1,225,0
47,225,0
1,226,0
47,226,0
1,227,0
47,227,0
1,228,0
47,228,0
1,229,0
47,229,0
1,230,0
47,230,0
1,231,0
47,231,0
1,232,0
47,232,0
1,233,0
47,233,0
1,234,0
47,234,0
1,235,0
47,235,0
1,236,0
46,236,0
1,237,0
46,237,0
1,238,0
45,238,0
1,239,0
45,239,0
1,240,0
44,240,0
1,241,0
44,241,0
1,242,0
43,242,0
1,243,0
43,243,0
1,244,0
43,244,0
1,245,0
42,245,0
1,246,0
42,246,0
1,247,0
42,247,0
1,248,0
42,248,0
1,249,0
41,249,0
1,250,0
41,250,0
1,251,0
41,251,0
1,252,0
41,252,0
1,253,0
40,253,0
1,254,0
40,254,0
1,255,0
40,255,0
1,256,0
40,256,0
1,257,0
39,257,0
1,258,0
38,258,0
1,259,0
38,259,0
1,260,0
37,260,0
1,261,0
37,261,0
1,262,0
36,262,0
1,263,0
36,263,0
1,264,0
36,264,0
1,265,0
36,265,0
1,266,0
36,266,0
1,267,0
36,267,0
1,268,0
36,268,0
1,269,0
36,269,0
1,270,0
36,270,0
1,271,0
36,271,0
1,272,0
36,272,0
1,273,0
36,273,0
1,274,0
36,274,0
1,275,0
36,275,0
1,276,0
36,276,0
1,277,0
36,277,0
1,278,0
36,278,0
1,279,0
36,279,0
1,280,0
36,280,0
1,281,0
36,281,0
1,282,0
36,282,0
1,283,0
36,283,0
1,284,0
36,284,0
1,285,0
36,285,0
1,286,0
36,286,0
1,287,0
36,287,0
1,288,0
36,288,0
1,289,0
35,289,0
1,290,0
35,290,0
1,291,0
34,291,0
1,292,0
34,292,0
1,293,0
34,293,0
1,294,0
33,294,0
1,295,0
33,295,0
1,296,0
33,296,0
1,297,0
33,297,0
1,298,0
33,298,0
1,299,0
33,299,0
1,300,0
33,300,0
1,301,0
32,301,0
1,302,0
32,302,0
1,303,0
32,303,0
1,304,0
32,304,0
1,305,0
32,305,0
1,306,0
31,306,0
1,307,0
31,307,0
1,308,0
31,308,0
1,309,0
31,309,0
1,310,0
31,310,0
1,311,0
31,311,0
1,312,0
30,312,0
1,313,0
30,313,0
1,314,0
30,314,0
1,315,0
30,315,0
1,316,0
30,316,0
1,317,0
30,317,0
1,318,0
30,318,0
1,319,0
30,319,0
1,320,0
30,320,0
1,321,0
30,321,0
1,322,0
30,322,0
1,323,0
30,323,0
1,324,0
30,324,0
1,325,0
30,325,0
1,326,0
30,326,0
1,327,0
30,327,0
1,328,0
30,328,0
1,329,0
30,329,0
1,330,0
30,330,0
1,331,0
30,331,0
1,332,0
30,332,0
1,333,0
30,333,0
1,334,0
30,334,0
1,335,0
30,335,0
1,336,0
30,336,0
1,337,0
30,337,0
1,338,0
30,338,0
1,339,0
30,339,0
1,340,0
30,340,0
1,341,0
29,341,0
1,342,0
29,342,0
1,343,0
29,343,0
1,344,0
29,344,0
1,345,0
28,345,0
1,346,0
28,346,0
1,347,0
28,347,0
1,348,0
27,348,0
1,349,0
27,349,0
1,350,0
27,350,0
1,351,0
26,351,0
1,352,0
26,352,0
1,353,0
26,353,0
1,354,0
26,354,0
1,355,0
26,355,0
1,356,0
25,356,0
1,357,0
25,357,0
1,358,0
25,358,0
1,359,0
25,359,0
1,360,0
25,360,0
1,361,0
25,361,0
1,362,0
25,362,0
1,363,0
25,363,0
1,364,0
24,364,0
1,365,0
24,365,0
1,366,0
24,366,0
1,367,0
24,367,0
1,368,0
24,368,0
1,369,0
24,369,0
1,370,0
24,370,0
1,371,0
24,371,0
1,372,0
24,372,0
1,373,0
24,373,0
1,374,0
24,374,0
1,375,0
23,375,0
1,376,0
23,376,0
1,377,0
23,377,0
1,378,0
22,378,0
1,379,0
22,379,0
1,380,0
22,380,0
1,381,0
22,381,0
1,382,0
22,382,0
1,383,0
22,383,0
1,384,0
22,384,0
1,385,0
22,385,0
1,386,0
22,386,0
1,387,0
22,387,0
1,388,0
22,388,0
1,389,0
22,389,0
1,390,0
22,390,0
1,391,0
21,391,0
1,392,0
21,392,0
1,393,0
21,393,0
1,394,0
21,394,0
1,395,0
20,395,0
1,396,0
20,396,0
1,397,0
20,397,0
1,398,0
20,398,0
1,399,0
20,399,0
1,400,0
19,400,0
1,401,0
19,401,0
1,402,0
18,402,0
1,403,0
18,403,0
1,404,0
18,404,0
1,405,0
18,405,0
1,406,0
18,406,0
1,407,0
18,407,0
1,408,0
18,408,0
1,409,0
17,409,0
1,410,0
17,410,0
1,411,0
17,411,0
1,412,0
17,412,0
1,413,0
17,413,0
1,414,0
17,414,0
1,415,0
16,415,0
1,416,0
16,416,0
1,417,0
16,417,0
1,418,0
16,418,0
1,419,0
16,419,0
1,420,0
16,420,0
1,421,0
16,421,0
1,422,0
16,422,0
1,423,0
16,423,0
1,424,0
15,424,0
1,425,0
15,425,0
1,426,0
14,426,0
1,427,0
14,427,0
1,428,0
14,428,0
1,429,0
14,429,0
1,430,0
14,430,0
1,431,0
14,431,0
1,432,0
14,432,0
1,433,0
13,433,0
1,434,0
13,434,0
1,435,0
13,435,0
1,436,0
13,436,0
1,437,0
13,437,0
1,438,0
13,438,0
1,439,0
13,439,0
1,440,0
13,440,0
1,441,0
13,441,0
1,442,0
13,442,0
1,443,0
13,443,0
1,444,0
13,444,0
1,445,0
13,445,0
1,446,0
13,446,0
1,447,0
12,447,0
1,448,0
12,448,0
1,449,0
12,449,0
1,450,0
12,450,0
1,451,0
12,451,0
1,452,0
12,452,0
1,453,0
12,453,0
1,454,0
12,454,0
1,455,0
12,455,0
1,456,0
12,456,0
1,457,0
11,457,0
1,458,0
11,458,0
1,459,0
11,459,0
1,460,0
11,460,0
1,461,0
11,461,0
1,462,0
10,462,0
1,463,0
10,463,0
1,464,0
10,464,0
1,465,0
10,465,0
1,466,0
10,466,0
1,467,0
10,467,0
1,468,0
10,468,0
1,469,0
10,469,0
1,470,0
9,470,0
1,471,0
8,471,0
1,472,0
8,472,0
1,473,0
8,473,0
1,474,0
8,474,0
1,475,0
8,475,0
1,476,0
7,476,0
1,477,0
7,477,0
1,478,0
7,478,0
1,479,0
7,479,0
1,480,0
7,480,0
1,481,0
7,481,0
1,482,0
7,482,0
1,483,0
7,483,0
1,484,0
7,484,0
1,485,0
7,485,0
1,486,0
7,486,0
1,487,0
7,487,0
1,488,0
7,488,0
1,489,0
7,489,0
1,490,0
7,490,0
1,491,0
7,491,0
1,492,0
7,492,0
1,493,0
7,493,0
1,494,0
7,494,0
1,495,0
7,495,0
1,496,0
7,496,0
1,497,0
7,497,0
1,498,0
7,498,0
1,499,0
7,499,0
1,500,0
7,500,0
1,501,0
7,501,0
1,502,0
7,502,0
1,503,0
7,503,0
1,504,0
7,504,0
1,505,0
7,505,0
1,506,0
7,506,0
1,507,0
7,507,0
1,508,0
7,508,0
1,509,0
7,509,0
1,510,0
7,510,0
1,511,0
7,511,0
1,512,0
7,512,0
1,513,0
7,513,0
1,514,0
7,514,0
1,515,0
7,515,0
1,516,0
7,516,0
1,517,0
7,517,0
1,518,0
7,518,0
1,519,0
7,519,0
1,520,0
7,520,0
1,521,0
6,521,0
1,522,0
6,522,0
1,523,0
6,523,0
1,524,0
6,524,0
1,525,0
6,525,0
1,526,0
6,526,0
1,527,0
6,527,0
1,528,0
6,528,0
1,529,0
6,529,0
1,530,0
6,530,0
1,531,0
6,531,0
1,532,0
6,532,0
1,533,0
6,533,0
1,534,0
6,534,0
1,535,0
5,535,0
1,536,0
5,536,0
1,537,0
5,537,0
1,538,0
5,538,0
1,539,0
5,539,0
1,540,0
5,540,0
1,541,0
5,541,0
1,542,0
5,542,0
1,543,0
5,543,0
1,544,0
5,544,0
1,545,0
5,545,0
1,546,0
5,546,0
1,547,0
5,547,0
1,548,0
5,548,0
1,549,0
5,549,0
1,550,0
5,550,0
1,551,0
5,551,0
1,552,0
5,552,0
1,553,0
5,553,0
1,554,0
5,554,0
1,555,0
5,555,0
1,556,0
5,556,0
1,557,0
5,557,0
1,558,0
5,558,0
1,559,0
5,559,0
1,560,0
5,560,0
1,561,0
5,561,0
1,562,0
5,562,0
1,563,0
5,563,0
1,564,0
5,564,0
1,565,0
5,565,0
1,566,0
5,566,0
1,567,0
5,567,0
1,568,0
5,568,0
1,569,0
5,569,0
1,570,0
5,570,0
1,571,0
5,571,0
1,572,0
5,572,0
1,573,0
5,573,0
1,574,0
5,574,0
1,575,0
5,575,0
1,576,0
5,576,0
1,577,0
5,577,0
1,578,0
5,578,0
1,579,0
5,579,0
1,580,0
5,580,0
1,581,0
5,581,0
1,582,0
5,582,0
1,583,0
5,583,0
1,584,0
5,584,0
1,585,0
5,585,0
1,586,0
5,586,0
1,587,0
5,587,0
1,588,0
5,588,0
1,589,0
5,589,0
1,590,0
5,590,0
1,591,0
5,591,0
1,592,0
5,592,0
1,593,0
5,593,0
1,594,0
5,594,0
1,595,0
5,595,0
1,596,0
5,596,0
1,597,0
5,597,0
1,598,0
5,598,0
1,599,0
5,599,0
1,600,0
5,600,0
1,601,0
5,601,0
1,602,0
5,602,0
1,603,0
5,603,0
1,604,0
5,604,0
1,605,0
5,605,0
1,606,0
5,606,0
1,607,0
5,607,0
1,608,0
5,608,0
1,609,0
5,609,0
1,610,0
5,610,0
1,611,0
5,611,0
1,612,0
5,612,0
1,613,0
5,613,0
1,614,0
5,614,0
1,615,0
5,615,0
1,616,0
5,616,0
1,617,0
4,617,0
1,618,0
4,618,0
1,619,0
4,619,0
1,620,0
4,620,0
1,621,0
4,621,0
1,622,0
4,622,0
1,623,0
4,623,0
1,624,0
4,624,0
1,625,0
4,625,0
1,626,0
4,626,0
1,627,0
4,627,0
1,628,0
4,628,0
1,629,0
4,629,0
1,630,0
4,630,0
1,631,0
4,631,0
1,632,0
4,632,0
1,633,0
4,633,0
1,634,0
4,634,0
1,635,0
4,635,0
1,636,0
4,636,0
1,637,0
4,637,0
1,638,0
4,638,0
1,639,0
4,639,0
1,640,0
4,640,0
1,641,0
4,641,0
1,642,0
4,642,0
1,643,0
4,643,0
1,644,0
4,644,0
1,645,0
4,645,0
1,646,0
4,646,0
1,647,0
4,647,0
1,648,0
4,648,0
1,649,0
4,649,0
1,650,0
4,650,0
1,651,0
4,651,0
1,652,0
4,652,0
1,653,0
4,653,0
1,654,0
4,654,0
1,655,0
4,655,0
1,656,0
4,656,0
1,657,0
4,657,0
1,658,0
4,658,0
1,659,0
4,659,0
1,660,0
4,660,0
1,661,0
3,661,0
1,662,0
3,662,0
1,663,0
3,663,0
1,664,0
3,664,0
1,665,0
3,665,0
1,666,0
3,666,0
1,667,0
3,667,0
1,668,0
3,668,0
1,669,0
3,669,0
1,670,0
3,670,0
1,671,0
3,671,0
1,672,0
3,672,0
1,673,0
3,673,0
1,674,0
3,674,0
1,675,0
3,675,0
1,676,0
3,676,0
1,677,0
3,677,0
1,678,0
3,678,0
1,679,0
3,679,0
1,680,0
3,680,0
1,681,0
3,681,0
1,682,0
3,682,0
1,683,0
3,683,0
1,684,0
3,684,0
1,685,0
3,685,0
1,686,0
3,686,0
1,687,0
3,687,0
1,688,0
3,688,0
1,689,0
3,689,0
1,690,0
3,690,0
1,691,0
3,691,0
1,692,0
3,692,0
1,693,0
3,693,0
1,694,0
3,694,0
1,695,0
3,695,0
1,696,0
3,696,0
1,697,0
3,697,0
1,698,0
3,698,0
1,699,0
3,699,0
1,700,0
3,700,0
1,701,0
3,701,0
1,702,0
3,702,0
1,703,0
3,703,0
1,704,0
3,704,0
1,705,0
3,705,0
1,706,0
3,706,0
1,707,0
3,707,0
1,708,0
3,708,0
1,709,0
3,709,0
1,710,0
3,710,0
1,711,0
3,711,0
1,712,0
3,712,0
1,713,0
3,713,0
1,714,0
3,714,0
1,715,0
3,715,0
1,716,0
3,716,0
1,717,0
3,717,0
1,718,0
3,718,0
1,719,0
3,719,0
1,720,0
3,720,0
1,721,0
3,721,0
1,722,0
3,722,0
1,723,0
3,723,0
1,724,0
3,724,0
1,725,0
3,725,0
1,726,0
3,726,0
1,727,0
3,727,0
1,728,0
3,728,0
1,729,0
3,729,0
1,730,0
3,730,0
1,731,0
3,731,0
1,732,0
3,732,0
1,733,0
3,733,0
1,734,0
3,734,0
1,735,0
3,735,0
1,736,0
3,736,0
1,737,0
3,737,0
1,738,0
3,738,0
1,739,0
3,739,0
1,740,0
3,740,0
1,741,0
3,741,0
1,742,0
3,742,0
1,743,0
3,743,0
1,744,0
3,744,0
1,745,0
3,745,0
1,746,0
3,746,0
1,747,0
3,747,0
1,748,0
3,748,0
1,749,0
3,749,0
1,750,0
3,750,0
1,751,0
3,751,0
1,752,0
3,752,0
1,753,0
3,753,0
1,754,0
3,754,0
1,755,0
3,755,0
1,756,0
3,756,0
1,757,0
3,757,0
1,758,0
3,758,0
1,759,0
3,759,0
1,760,0
3,760,0
1,761,0
3,761,0
1,762,0
3,762,0
1,763,0
3,763,0
1,764,0
2,764,0
1,765,0
2,765,0
1,766,0
2,766,0
1,767,0
2,767,0
1,768,0
2,768,0
1,769,0
2,769,0
1,770,0
2,770,0
1,771,0
2,771,0
1,772,0
2,772,0
1,773,0
2,773,0
1,774,0
2,774,0
1,775,0
2,775,0
1,776,0
2,776,0
1,777,0
2,777,0
1,778,0
2,778,0
1,779,0
2,779,0
1,780,0
2,780,0
1,781,0
2,781,0
1,782,0
2,782,0
1,783,0
2,783,0
1,784,0
2,784,0
1,785,0
2,785,0
1,786,0
2,786,0
1,787,0
2,787,0
1,788,0
1,788,0
1,789,0
1,789,0
1,790,0
1,790,0
1,791,0
1,791,0
1,792,0
1,792,0
1,793,0
1,793,0
1,794,0
1,794,0
1,795,0
1,795,0
1,796,0
1,796,0
1,797,0
1,797,0
1,798,0
1,798,0
1,799,0
1,799,0
1,800,0
1,800,0
1,801,0
1,801,0
1,802,0
1,802,0
1,803,0
1,803,0
1,804,0
1,804,0
1,805,0
1,805,0
1,806,0
1,806,0
1,807,0
1,807,0
1,808,0
1,808,0
1,809,0
1,809,0
1,810,0
1,810,0
1,811,0
1,811,0
1,812,0
1,812,0
1,813,0
1,813,0
1,814,0
1,814,0
1,815,0
1,815,0
1,816,0
1,816,0
1,817,0
1,817,0
1,818,0
1,818,0
1,819,0
1,819,0
1,820,0
1,820,0
1,821,0
1,821,0
1,822,0
1,822,0
1,823,0
1,823,0
1,824,0
1,824,0
1,825,0
1,825,0
1,826,0
1,826,0
1,827,0
1,827,0
1,828,0
1,828,0
1,829,0
1,829,0
1,830,0
1,830,0
1,831,0
1,831,0
1,832,0
1,832,0
1,833,0
1,833,0
1,834,0
1,834,0
1,835,0
1,835,0
1,836,0
1,836,0
1,837,0
1,837,0
1,838,0
1,838,0
1,839,0
1,839,0
1,840,0
1,840,0
1,841,0
1,841,0
1,842,0
1,842,0
1,843,0
1,843,0
1,844,0
1,844,0
1,845,0
1,845,0
1,846,0
1,846,0
1,847,0
1,847,0
1,848,0
1,848,0
1,849,0
1,849,0
1,850,0
1,850,0
1,851,0
1,851,0
1,852,0
1,852,0
1,853,0
1,853,0
1,854,0
1,854,0
1,855,0
1,855,0
1,856,0
1,856,0
1,857,0
1,857,0
1,858,0
1,858,0
1,859,0
1,859,0
1,860,0
1,860,0
1,861,0
1,861,0
