1,1,0
125,1,0
1,2,0
124,2,0
1,3,0
123,3,0
1,4,0
122,4,0
1,5,0
121,5,0
1,6,0
120,6,0
1,7,0
119,7,0
1,8,0
118,8,0
1,9,0
117,9,0
1,10,0
117,10,0
1,11,0
117,11,0
1,12,0
116,12,0
1,13,0
116,13,0
1,14,0
115,14,0
1,15,0
114,15,0
1,16,0
113,16,0
1,17,0
112,17,0
1,18,0
111,18,0
1,19,0
111,19,0
1,20,0
110,20,0
1,21,0
109,21,0
1,22,0
109,22,0
1,23,0
109,23,0
1,24,0
109,24,0
1,25,0
108,25,0
1,26,0
107,26,0
1,27,0
107,27,0
1,28,0
106,28,0
1,29,0
105,29,0
1,30,0
105,30,0
1,31,0
105,31,0
1,32,0
105,32,0
1,33,0
105,33,0
1,34,0
105,34,0
1,35,0
104,35,0
1,36,0
103,36,0
1,37,0
102,37,0
1,38,0
101,38,0
1,39,0
100,39,0
1,40,0
100,40,0
1,41,0
99,41,0
1,42,0
99,42,0
1,43,0
98,43,0
1,44,0
97,44,0
1,45,0
97,45,0
1,46,0
97,46,0
1,47,0
96,47,0
1,48,0
96,48,0
1,49,0
95,49,0
1,50,0
95,50,0
1,51,0
94,51,0
1,52,0
94,52,0
1,53,0
94,53,0
1,54,0
94,54,0
1,55,0
93,55,0
1,56,0
92,56,0
1,57,0
92,57,0
1,58,0
91,58,0
1,59,0
91,59,0
1,60,0
91,60,0
1,61,0
91,61,0
1,62,0
90,62,0
1,63,0
90,63,0
1,64,0
89,64,0
1,65,0
88,65,0
1,66,0
88,66,0
1,67,0
88,67,0
1,68,0
88,68,0
1,69,0
88,69,0
1,70,0
87,70,0
1,71,0
86,71,0
1,72,0
86,72,0
1,73,0
86,73,0
1,74,0
85,74,0
1,75,0
84,75,0
1,76,0
84,76,0
1,77,0
84,77,0
1,78,0
83,78,0
1,79,0
83,79,0
1,80,0
82,80,0
1,81,0
81,81,0
1,82,0
81,82,0
1,83,0
81,83,0
1,84,0
80,84,0
1,85,0
80,85,0
1,86,0
80,86,0
1,87,0
80,87,0
1,88,0
80,88,0
1,89,0
80,89,0
1,90,0
80,90,0
1,91,0
80,91,0
1,92,0
80,92,0
1,93,0
80,93,0
1,94,0
79,94,0
1,95,0
78,95,0
1,96,0
77,96,0
1,97,0
77,97,0
1,98,0
76,98,0
1,99,0
76,99,0
1,100,0
76,100,0
1,101,0
76,101,0
1,102,0
76,102,0
1,103,0
76,103,0
1,104,0
75,104,0
1,105,0
74,105,0
1,106,0
74,106,0
1,107,0
73,107,0
1,108,0
73,108,0
1,109,0
72,109,0
1,110,0
72,110,0
1,111,0
72,111,0
1,112,0
72,112,0
1,113,0
71,113,0
1,114,0
70,114,0
1,115,0
69,115,0
1,116,0
68,116,0
1,117,0
68,117,0
1,118,0
68,118,0
1,119,0
67,119,0
1,120,0
67,120,0
1,121,0
66,121,0
1,122,0
66,122,0
1,123,0
65,123,0
1,124,0
65,124,0
1,125,0
65,125,0
1,126,0
65,126,0
1,127,0
65,127,0
1,128,0
64,128,0
1,129,0
64,129,0
1,130,0
64,130,0
1,131,0
64,131,0
1,132,0
64,132,0
1,133,0
64,133,0
1,134,0
63,134,0
1,135,0
62,135,0
1,136,0
62,136,0
1,137,0
62,137,0
1,138,0
61,138,0
1,139,0
61,139,0
1,140,0
61,140,0
1,141,0
61,141,0
1,142,0
61,142,0
1,143,0
61,143,0
1,144,0
60,144,0
1,145,0
60,145,0
1,146,0
60,146,0
1,147,0
60,147,0
1,148,0
59,148,0
1,149,0
59,149,0
1,150,0
58,150,0
1,151,0
58,151,0
1,152,0
58,152,0
1,153,0
57,153,0
1,154,0
56,154,0
1,155,0
55,155,0
1,156,0
55,156,0
1,157,0
55,157,0
1,158,0
55,158,0
1,159,0
55,159,0
1,160,0
54,160,0
1,161,0
54,161,0
1,162,0
54,162,0
1,163,0
53,163,0
1,164,0
52,164,0
1,165,0
52,165,0
1,166,0
52,166,0
1,167,0
52,167,0
1,168,0
52,168,0
1,169,0
52,169,0
1,170,0
52,170,0
1,171,0
52,171,0
1,172,0
51,172,0
1,173,0
50,173,0
1,174,0
50,174,0
1,175,0
49,175,0
1,176,0
48,176,0
1,177,0
48,177,0
1,178,0
48,178,0
1,179,0
48,179,0
1,180,0
48,180,0
1,181,0
47,181,0
1,182,0
46,182,0
1,183,0
45,183,0
1,184,0
44,184,0
1,185,0
43,185,0
1,186,0
43,186,0
1,187,0
43,187,0
1,188,0
42,188,0
1,189,0
42,189,0
1,190,0
42,190,0
1,191,0
41,191,0
1,192,0
41,192,0
1,193,0
41,193,0
1,194,0
41,194,0
1,195,0
40,195,0
1,196,0
39,196,0
1,197,0
39,197,0
1,198,0
39,198,0
1,199,0
39,199,0
1,200,0
39,200,0
1,201,0
39,201,0
1,202,0
39,202,0
1,203,0
39,203,0
1,204,0
39,204,0
1,205,0
39,205,0
1,206,0
39,206,0
1,207,0
39,207,0
1,208,0
39,208,0
1,209,0
39,209,0
1,210,0
39,210,0
1,211,0
38,211,0
1,212,0
37,212,0
1,213,0
36,213,0
1,214,0
36,214,0
1,215,0
36,215,0
1,216,0
36,216,0
1,217,0
35,217,0
1,218,0
35,218,0
1,219,0
35,219,0
1,220,0
35,220,0
1,221,0
35,221,0
1,222,0
35,222,0
1,223,0
35,223,0
1,224,0
35,224,0
1,225,0
34,225,0
1,226,0
34,226,0
1,227,0
33,227,0
1,228,0
32,228,0
1,229,0
32,229,0
1,230,0
32,230,0
1,231,0
31,231,0
1,232,0
31,232,0
1,233,0
31,233,0
1,234,0
31,234,0
1,235,0
31,235,0
1,236,0
31,236,0
1,237,0
31,237,0
1,238,0
31,238,0
1,239,0
31,239,0
1,240,0
31,240,0
1,241,0
31,241,0
1,242,0
31,242,0
1,243,0
31,243,0
1,244,0
31,244,0
1,245,0
31,245,0
1,246,0
31,246,0
1,247,0
31,247,0
1,248,0
31,248,0
1,249,0
31,249,0
1,250,0
31,250,0
1,251,0
31,251,0
1,252,0
31,252,0
1,253,0
31,253,0
1,254,0
31,254,0
1,255,0
31,255,0
1,256,0
31,256,0
1,257,0
31,257,0
1,258,0
30,258,0
1,259,0
29,259,0
1,260,0
28,260,0
1,261,0
27,261,0
1,262,0
27,262,0
1,263,0
27,263,0
1,264,0
27,264,0
1,265,0
26,265,0
1,266,0
26,266,0
1,267,0
26,267,0
1,268,0
26,268,0
1,269,0
26,269,0
1,270,0
26,270,0
1,271,0
26,271,0
1,272,0
26,272,0
1,273,0
26,273,0
1,274,0
26,274,0
1,275,0
26,275,0
1,276,0
26,276,0
1,277,0
26,277,0
1,278,0
26,278,0
1,279,0
26,279,0
1,280,0
26,280,0
1,281,0
26,281,0
1,282,0
25,282,0
1,283,0
24,283,0
1,284,0
24,284,0
1,285,0
24,285,0
1,286,0
24,286,0
1,287,0
24,287,0
1,288,0
24,288,0
1,289,0
24,289,0
1,290,0
24,290,0
1,291,0
24,291,0
1,292,0
24,292,0
1,293,0
24,293,0
1,294,0
24,294,0
1,295,0
24,295,0
1,296,0
24,296,0
1,297,0
23,297,0
1,298,0
23,298,0
1,299,0
23,299,0
1,300,0
23,300,0
1,301,0
22,301,0
1,302,0
22,302,0
1,303,0
22,303,0
1,304,0
22,304,0
1,305,0
22,305,0
1,306,0
22,306,0
1,307,0
22,307,0
1,308,0
21,308,0
1,309,0
21,309,0
1,310,0
21,310,0
1,311,0
21,311,0
1,312,0
21,312,0
1,313,0
21,313,0
1,314,0
21,314,0
1,315,0
20,315,0
1,316,0
20,316,0
1,317,0
20,317,0
1,318,0
20,318,0
1,319,0
20,319,0
1,320,0
20,320,0
1,321,0
20,321,0
1,322,0
20,322,0
1,323,0
20,323,0
1,324,0
20,324,0
1,325,0
19,325,0
1,326,0
19,326,0
1,327,0
19,327,0
1,328,0
19,328,0
1,329,0
19,329,0
1,330,0
19,330,0
1,331,0
19,331,0
1,332,0
19,332,0
1,333,0
19,333,0
1,334,0
19,334,0
1,335,0
19,335,0
1,336,0
19,336,0
1,337,0
19,337,0
1,338,0
19,338,0
1,339,0
19,339,0
1,340,0
19,340,0
1,341,0
19,341,0
1,342,0
19,342,0
1,343,0
19,343,0
1,344,0
19,344,0
1,345,0
19,345,0
1,346,0
19,346,0
1,347,0
19,347,0
1,348,0
19,348,0
1,349,0
18,349,0
1,350,0
18,350,0
1,351,0
17,351,0
1,352,0
17,352,0
1,353,0
17,353,0
1,354,0
17,354,0
1,355,0
17,355,0
1,356,0
17,356,0
1,357,0
17,357,0
1,358,0
17,358,0
1,359,0
17,359,0
1,360,0
17,360,0
1,361,0
17,361,0
1,362,0
17,362,0
1,363,0
17,363,0
1,364,0
17,364,0
1,365,0
17,365,0
1,366,0
17,366,0
1,367,0
17,367,0
1,368,0
17,368,0
1,369,0
17,369,0
1,370,0
17,370,0
1,371,0
17,371,0
1,372,0
17,372,0
1,373,0
17,373,0
1,374,0
17,374,0
1,375,0
17,375,0
1,376,0
17,376,0
1,377,0
17,377,0
1,378,0
16,378,0
1,379,0
16,379,0
1,380,0
16,380,0
1,381,0
16,381,0
1,382,0
16,382,0
1,383,0
16,383,0
1,384,0
16,384,0
1,385,0
16,385,0
1,386,0
16,386,0
1,387,0
16,387,0
1,388,0
16,388,0
1,389,0
16,389,0
1,390,0
16,390,0
1,391,0
16,391,0
1,392,0
16,392,0
1,393,0
16,393,0
1,394,0
16,394,0
1,395,0
16,395,0
1,396,0
16,396,0
1,397,0
16,397,0
1,398,0
16,398,0
1,399,0
16,399,0
1,400,0
15,400,0
1,401,0
15,401,0
1,402,0
15,402,0
1,403,0
15,403,0
1,404,0
15,404,0
1,405,0
15,405,0
1,406,0
14,406,0
1,407,0
14,407,0
1,408,0
14,408,0
1,409,0
14,409,0
1,410,0
14,410,0
1,411,0
14,411,0
1,412,0
14,412,0
1,413,0
14,413,0
1,414,0
14,414,0
1,415,0
14,415,0
1,416,0
14,416,0
1,417,0
14,417,0
1,418,0
14,418,0
1,419,0
14,419,0
1,420,0
14,420,0
1,421,0
14,421,0
1,422,0
14,422,0
1,423,0
14,423,0
1,424,0
14,424,0
1,425,0
14,425,0
1,426,0
14,426,0
1,427,0
14,427,0
1,428,0
13,428,0
1,429,0
13,429,0
1,430,0
13,430,0
1,431,0
13,431,0
1,432,0
13,432,0
1,433,0
13,433,0
1,434,0
13,434,0
1,435,0
13,435,0
1,436,0
13,436,0
1,437,0
13,437,0
1,438,0
13,438,0
1,439,0
13,439,0
1,440,0
13,440,0
1,441,0
13,441,0
1,442,0
13,442,0
1,443,0
13,443,0
1,444,0
12,444,0
1,445,0
11,445,0
1,446,0
11,446,0
1,447,0
11,447,0
1,448,0
11,448,0
1,449,0
11,449,0
1,450,0
11,450,0
1,451,0
11,451,0
1,452,0
11,452,0
1,453,0
11,453,0
1,454,0
11,454,0
1,455,0
11,455,0
1,456,0
11,456,0
1,457,0
10,457,0
1,458,0
10,458,0
1,459,0
10,459,0
1,460,0
10,460,0
1,461,0
10,461,0
1,462,0
10,462,0
1,463,0
10,463,0
1,464,0
10,464,0
1,465,0
10,465,0
1,466,0
10,466,0
1,467,0
10,467,0
1,468,0
10,468,0
1,469,0
10,469,0
1,470,0
10,470,0
1,471,0
10,471,0
1,472,0
10,472,0
1,473,0
10,473,0
1,474,0
10,474,0
1,475,0
10,475,0
1,476,0
10,476,0
1,477,0
10,477,0
1,478,0
10,478,0
1,479,0
10,479,0
1,480,0
10,480,0
1,481,0
10,481,0
1,482,0
10,482,0
1,483,0
10,483,0
1,484,0
10,484,0
1,485,0
10,485,0
1,486,0
10,486,0
1,487,0
10,487,0
1,488,0
9,488,0
1,489,0
9,489,0
1,490,0
9,490,0
1,491,0
9,491,0
1,492,0
8,492,0
1,493,0
8,493,0
1,494,0
8,494,0
1,495,0
8,495,0
1,496,0
8,496,0
1,497,0
8,497,0
1,498,0
8,498,0
1,499,0
8,499,0
1,500,0
8,500,0
1,501,0
8,501,0
1,502,0
8,502,0
1,503,0
8,503,0
1,504,0
8,504,0
1,505,0
7,505,0
1,506,0
7,506,0
1,507,0
7,507,0
1,508,0
7,508,0
1,509,0
7,509,0
1,510,0
7,510,0
1,511,0
7,511,0
1,512,0
7,512,0
1,513,0
7,513,0
1,514,0
7,514,0
1,515,0
7,515,0
1,516,0
7,516,0
1,517,0
7,517,0
1,518,0
7,518,0
1,519,0
7,519,0
1,520,0
7,520,0
1,521,0
7,521,0
1,522,0
7,522,0
1,523,0
7,523,0
1,524,0
7,524,0
1,525,0
7,525,0
1,526,0
7,526,0
1,527,0
7,527,0
1,528,0
7,528,0
1,529,0
7,529,0
1,530,0
7,530,0
1,531,0
7,531,0
1,532,0
7,532,0
1,533,0
7,533,0
1,534,0
7,534,0
1,535,0
7,535,0
1,536,0
7,536,0
1,537,0
7,537,0
1,538,0
7,538,0
1,539,0
7,539,0
1,540,0
7,540,0
1,541,0
7,541,0
1,542,0
7,542,0
1,543,0
7,543,0
1,544,0
7,544,0
1,545,0
7,545,0
1,546,0
7,546,0
1,547,0
7,547,0
1,548,0
7,548,0
1,549,0
7,549,0
1,550,0
7,550,0
1,551,0
7,551,0
1,552,0
7,552,0
1,553,0
7,553,0
1,554,0
7,554,0
1,555,0
7,555,0
1,556,0
7,556,0
1,557,0
7,557,0
1,558,0
7,558,0
1,559,0
7,559,0
1,560,0
7,560,0
1,561,0
7,561,0
1,562,0
7,562,0
1,563,0
7,563,0
1,564,0
7,564,0
1,565,0
7,565,0
1,566,0
7,566,0
1,567,0
7,567,0
1,568,0
7,568,0
1,569,0
7,569,0
1,570,0
7,570,0
1,571,0
7,571,0
1,572,0
7,572,0
1,573,0
7,573,0
1,574,0
7,574,0
1,575,0
7,575,0
1,576,0
7,576,0
1,577,0
7,577,0
1,578,0
7,578,0
1,579,0
7,579,0
1,580,0
7,580,0
1,581,0
7,581,0
1,582,0
7,582,0
1,583,0
7,583,0
1,584,0
7,584,0
1,585,0
7,585,0
1,586,0
7,586,0
1,587,0
7,587,0
1,588,0
7,588,0
1,589,0
7,589,0
1,590,0
7,590,0
1,591,0
7,591,0
1,592,0
7,592,0
1,593,0
7,593,0
1,594,0
7,594,0
1,595,0
7,595,0
1,596,0
7,596,0
1,597,0
7,597,0
1,598,0
7,598,0
1,599,0
7,599,0
1,600,0
7,600,0
1,601,0
7,601,0
1,602,0
6,602,0
1,603,0
6,603,0
1,604,0
6,604,0
1,605,0
6,605,0
1,606,0
6,606,0
1,607,0
6,607,0
1,608,0
6,608,0
1,609,0
6,609,0
1,610,0
6,610,0
1,611,0
6,611,0
1,612,0
6,612,0
1,613,0
6,613,0
1,614,0
5,614,0
1,615,0
5,615,0
1,616,0
5,616,0
1,617,0
5,617,0
1,618,0
5,618,0
1,619,0
5,619,0
1,620,0
5,620,0
1,621,0
5,621,0
1,622,0
5,622,0
1,623,0
5,623,0
1,624,0
5,624,0
1,625,0
5,625,0
1,626,0
5,626,0
1,627,0
5,627,0
1,628,0
5,628,0
1,629,0
4,629,0
1,630,0
4,630,0
1,631,0
4,631,0
1,632,0
4,632,0
1,633,0
4,633,0
1,634,0
4,634,0
1,635,0
4,635,0
1,636,0
4,636,0
1,637,0
4,637,0
1,638,0
4,638,0
1,639,0
4,639,0
1,640,0
4,640,0
1,641,0
4,641,0
1,642,0
4,642,0
1,643,0
4,643,0
1,644,0
4,644,0
1,645,0
4,645,0
1,646,0
4,646,0
1,647,0
4,647,0
1,648,0
4,648,0
1,649,0
4,649,0
1,650,0
4,650,0
1,651,0
4,651,0
1,652,0
4,652,0
1,653,0
4,653,0
1,654,0
4,654,0
1,655,0
4,655,0
1,656,0
4,656,0
1,657,0
4,657,0
1,658,0
4,658,0
1,659,0
4,659,0
1,660,0
4,660,0
1,661,0
4,661,0
1,662,0
4,662,0
1,663,0
4,663,0
1,664,0
4,664,0
1,665,0
4,665,0
1,666,0
4,666,0
1,667,0
4,667,0
1,668,0
4,668,0
1,669,0
4,669,0
1,670,0
4,670,0
1,671,0
4,671,0
1,672,0
4,672,0
1,673,0
4,673,0
1,674,0
4,674,0
1,675,0
4,675,0
1,676,0
4,676,0
1,677,0
4,677,0
1,678,0
4,678,0
1,679,0
4,679,0
1,680,0
4,680,0
1,681,0
4,681,0
1,682,0
4,682,0
1,683,0
4,683,0
1,684,0
4,684,0
1,685,0
4,685,0
1,686,0
4,686,0
1,687,0
4,687,0
1,688,0
4,688,0
1,689,0
4,689,0
1,690,0
3,690,0
1,691,0
3,691,0
1,692,0
3,692,0
1,693,0
3,693,0
1,694,0
3,694,0
1,695,0
3,695,0
1,696,0
3,696,0
1,697,0
3,697,0
1,698,0
3,698,0
1,699,0
3,699,0
1,700,0
3,700,0
1,701,0
3,701,0
1,702,0
3,702,0
1,703,0
3,703,0
1,704,0
3,704,0
1,705,0
3,705,0
1,706,0
3,706,0
1,707,0
3,707,0
1,708,0
3,708,0
1,709,0
3,709,0
1,710,0
3,710,0
1,711,0
3,711,0
1,712,0
3,712,0
1,713,0
3,713,0
1,714,0
3,714,0
1,715,0
3,715,0
1,716,0
3,716,0
1,717,0
3,717,0
1,718,0
3,718,0
1,719,0
3,719,0
1,720,0
3,720,0
1,721,0
3,721,0
1,722,0
3,722,0
1,723,0
3,723,0
1,724,0
3,724,0
1,725,0
3,725,0
1,726,0
3,726,0
1,727,0
3,727,0
1,728,0
3,728,0
1,729,0
3,729,0
1,730,0
3,730,0
1,731,0
3,731,0
1,732,0
3,732,0
1,733,0
3,733,0
1,734,0
3,734,0
1,735,0
3,735,0
1,736,0
3,736,0
1,737,0
3,737,0
1,738,0
3,738,0
1,739,0
3,739,0
1,740,0
3,740,0
1,741,0
3,741,0
1,742,0
3,742,0
1,743,0
3,743,0
1,744,0
3,744,0
1,745,0
3,745,0
1,746,0
3,746,0
1,747,0
3,747,0
1,748,0
3,748,0
1,749,0
2,749,0
1,750,0
2,750,0
1,751,0
2,751,0
1,752,0
2,752,0
1,753,0
2,753,0
1,754,0
2,754,0
1,755,0
2,755,0
1,756,0
2,756,0
1,757,0
2,757,0
1,758,0
2,758,0
1,759,0
2,759,0
1,760,0
2,760,0
1,761,0
2,761,0
1,762,0
2,762,0
1,763,0
2,763,0
1,764,0
2,764,0
1,765,0
2,765,0
1,766,0
2,766,0
1,767,0
2,767,0
1,768,0
2,768,0
1,769,0
2,769,0
1,770,0
2,770,0
1,771,0
2,771,0
1,772,0
2,772,0
1,773,0
2,773,0
1,774,0
2,774,0
1,775,0
2,775,0
1,776,0
2,776,0
1,777,0
2,777,0
1,778,0
2,778,0
1,779,0
2,779,0
1,780,0
2,780,0
1,781,0
2,781,0
1,782,0
2,782,0
1,783,0
2,783,0
1,784,0
2,784,0
1,785,0
2,785,0
1,786,0
2,786,0
1,787,0
2,787,0
1,788,0
2,788,0
1,789,0
2,789,0
1,790,0
2,790,0
1,791,0
2,791,0
1,792,0
2,792,0
1,793,0
2,793,0
1,794,0
2,794,0
1,795,0
2,795,0
1,796,0
2,796,0
1,797,0
2,797,0
1,798,0
2,798,0
1,799,0
2,799,0
1,800,0
2,800,0
1,801,0
2,801,0
1,802,0
2,802,0
1,803,0
2,803,0
1,804,0
2,804,0
1,805,0
2,805,0
1,806,0
2,806,0
1,807,0
2,807,0
1,808,0
2,808,0
1,809,0
2,809,0
1,810,0
2,810,0
1,811,0
2,811,0
1,812,0
2,812,0
1,813,0
2,813,0
1,814,0
2,814,0
1,815,0
2,815,0
1,816,0
2,816,0
1,817,0
2,817,0
1,818,0
1,818,0
1,819,0
1,819,0
1,820,0
1,820,0
1,821,0
1,821,0
1,822,0
1,822,0
1,823,0
1,823,0
1,824,0
1,824,0
1,825,0
1,825,0
1,826,0
1,826,0
1,827,0
1,827,0
1,828,0
1,828,0
1,829,0
1,829,0
1,830,0
1,830,0
1,831,0
1,831,0
1,832,0
1,832,0
1,833,0
1,833,0
1,834,0
1,834,0
1,835,0
1,835,0
1,836,0
1,836,0
1,837,0
1,837,0
1,838,0
1,838,0
1,839,0
1,839,0
1,840,0
1,840,0
1,841,0
1,841,0
1,842,0
1,842,0
1,843,0
1,843,0
1,844,0
1,844,0
1,845,0
1,845,0
1,846,0
1,846,0
1,847,0
1,847,0
1,848,0
1,848,0
1,849,0
1,849,0
1,850,0
1,850,0
1,851,0
1,851,0
1,852,0
1,852,0
1,853,0
1,853,0
1,854,0
1,854,0
1,855,0
1,855,0
1,856,0
1,856,0
1,857,0
1,857,0
1,858,0
1,858,0
1,859,0
1,859,0
1,860,0
1,860,0
1,861,0
1,861,0
1,862,0
1,862,0
1,863,0
1,863,0
1,864,0
1,864,0
1,865,0
1,865,0
1,866,0
1,866,0
1,867,0
1,867,0
1,868,0
1,868,0
1,869,0
1,869,0
1,870,0
1,870,0
1,871,0
1,871,0
1,872,0
1,872,0
1,873,0
1,873,0
1,874,0
1,874,0
1,875,0
1,875,0
1,876,0
1,876,0
1,877,0
1,877,0
1,878,0
1,878,0
1,879,0
1,879,0
1,880,0
1,880,0
1,881,0
1,881,0
1,882,0
1,882,0
1,883,0
1,883,0
1,884,0
1,884,0
1,885,0
1,885,0
1,886,0
1,886,0
1,887,0
1,887,0
1,888,0
1,888,0
1,889,0
1,889,0
1,890,0
1,890,0
1,891,0
1,891,0
1,892,0
1,892,0
1,893,0
1,893,0
1,894,0
1,894,0
1,895,0
1,895,0
1,896,0
1,896,0
1,897,0
1,897,0
1,898,0
1,898,0
1,899,0
1,899,0
1,900,0
1,900,0
1,901,0
1,901,0
1,902,0
1,902,0
1,903,0
1,903,0
1,904,0
1,904,0
1,905,0
1,905,0
1,906,0
1,906,0
1,907,0
1,907,0
1,908,0
1,908,0
1,909,0
1,909,0
1,910,0
1,910,0
1,911,0
1,911,0
1,912,0
1,912,0
1,913,0
1,913,0
1,914,0
1,914,0
1,915,0
1,915,0
1,916,0
1,916,0
1,917,0
1,917,0
1,918,0
1,918,0
1,919,0
1,919,0
1,920,0
1,920,0
1,921,0
1,921,0
1,922,0
1,922,0
1,923,0
1,923,0
1,924,0
1,924,0
1,925,0
1,925,0
1,926,0
1,926,0
1,927,0
1,927,0
1,928,0
1,928,0
1,929,0
1,929,0
1,930,0
1,930,0
1,931,0
1,931,0
1,932,0
1,932,0
1,933,0
1,933,0
1,934,0
1,934,0
1,935,0
1,935,0
1,936,0
1,936,0
1,937,0
1,937,0
1,938,0
1,938,0
1,939,0
1,939,0
1,940,0
1,940,0
1,941,0
1,941,0
1,942,0
1,942,0
1,943,0
1,943,0
1,944,0
1,944,0
1,945,0
1,945,0
1,946,0
1,946,0
1,947,0
1,947,0
1,948,0
1,948,0
1,949,0
1,949,0
1,950,0
1,950,0
1,951,0
1,951,0
1,952,0
1,952,0
1,953,0
1,953,0
1,954,0
1,954,0
1,955,0
1,955,0
1,956,0
1,956,0
1,957,0
1,957,0
1,958,0
1,958,0
1,959,0
1,959,0
1,960,0
1,960,0
1,961,0
1,961,0
1,962,0
1,962,0
1,963,0
1,963,0
1,964,0
1,964,0
1,965,0
1,965,0
1,966,0
1,966,0
1,967,0
1,967,0
1,968,0
1,968,0
1,969,0
1,969,0
1,970,0
1,970,0
1,971,0
1,971,0
1,972,0
1,972,0
1,973,0
1,973,0
1,974,0
1,974,0
1,975,0
1,975,0
1,976,0
1,976,0
1,977,0
1,977,0
1,978,0
1,978,0
1,979,0
1,979,0
1,980,0
1,980,0
1,981,0
1,981,0
1,982,0
1,982,0
1,983,0
1,983,0
1,984,0
1,984,0
1,985,0
1,985,0
1,986,0
1,986,0
1,987,0
1,987,0
1,988,0
1,988,0
1,989,0
1,989,0
1,990,0
1,990,0
1,991,0
1,991,0
1,992,0
1,992,0
1,993,0
1,993,0
1,994,0
1,994,0
1,995,0
1,995,0
1,996,0
1,996,0
1,997,0
1,997,0
1,998,0
1,998,0
1,999,0
1,999,0
1,1000,0
1,1000,0
1,1001,0
1,1001,0
1,1002,0
1,1002,0
1,1003,0
1,1003,0
1,1004,0
1,1004,0
1,1005,0
1,1005,0
1,1006,0
1,1006,0
1,1007,0
1,1007,0
1,1008,0
1,1008,0
1,1009,0
1,1009,0
1,1010,0
1,1010,0
1,1011,0
1,1011,0
1,1012,0
1,1012,0
1,1013,0
1,1013,0
1,1014,0
1,1014,0
1,1015,0
1,1015,0
1,1016,0
1,1016,0
1,1017,0
1,1017,0
1,1018,0
1,1018,0
1,1019,0
1,1019,0
1,1020,0
1,1020,0
1,1021,0
1,1021,0
1,1022,0
1,1022,0
1,1023,0
1,1023,0
1,1024,0
1,1024,0
1,1025,0
1,1025,0
1,1026,0
1,1026,0
1,1027,0
1,1027,0
1,1028,0
1,1028,0
1,1029,0
1,1029,0
1,1030,0
1,1030,0
1,1031,0
1,1031,0
1,1032,0
1,1032,0
1,1033,0
1,1033,0
1,1034,0
1,1034,0
1,1035,0
1,1035,0
1,1036,0
1,1036,0
1,1037,0
1,1037,0
1,1038,0
1,1038,0
1,1039,0
1,1039,0
1,1040,0
1,1040,0
1,1041,0
1,1041,0
1,1042,0
1,1042,0
1,1043,0
1,1043,0
1,1044,0
1,1044,0
1,1045,0
1,1045,0
1,1046,0
1,1046,0
1,1047,0
1,1047,0
1,1048,0
1,1048,0
1,1049,0
1,1049,0
1,1050,0
1,1050,0
1,1051,0
1,1051,0
1,1052,0
1,1052,0
1,1053,0
1,1053,0
1,1054,0
1,1054,0
1,1055,0
1,1055,0
1,1056,0
1,1056,0
1,1057,0
1,1057,0
1,1058,0
1,1058,0
1,1059,0
1,1059,0
1,1060,0
1,1060,0
1,1061,0
1,1061,0
1,1062,0
1,1062,0
1,1063,0
1,1063,0
1,1064,0
1,1064,0
1,1065,0
1,1065,0
1,1066,0
1,1066,0
1,1067,0
1,1067,0
1,1068,0
1,1068,0
1,1069,0
1,1069,0
1,1070,0
1,1070,0
1,1071,0
1,1071,0
1,1072,0
1,1072,0
1,1073,0
1,1073,0
1,1074,0
1,1074,0
1,1075,0
1,1075,0
1,1076,0
1,1076,0
1,1077,0
1,1077,0
1,1078,0
1,1078,0
1,1079,0
1,1079,0
1,1080,0
1,1080,0
1,1081,0
1,1081,0
1,1082,0
1,1082,0
1,1083,0
1,1083,0
1,1084,0
1,1084,0
1,1085,0
1,1085,0
1,1086,0
1,1086,0
1,1087,0
1,1087,0
1,1088,0
1,1088,0
1,1089,0
1,1089,0
1,1090,0
1,1090,0
1,1091,0
1,1091,0
1,1092,0
1,1092,0
1,1093,0
1,1093,0
1,1094,0
1,1094,0
1,1095,0
1,1095,0
1,1096,0
1,1096,0
1,1097,0
1,1097,0
1,1098,0
1,1098,0
1,1099,0
1,1099,0
1,1100,0
1,1100,0
1,1101,0
1,1101,0
1,1102,0
1,1102,0
1,1103,0
1,1103,0
1,1104,0
1,1104,0
1,1105,0
1,1105,0
1,1106,0
1,1106,0
1,1107,0
1,1107,0
1,1108,0
1,1108,0
1,1109,0
1,1109,0
1,1110,0
1,1110,0
1,1111,0
1,1111,0
1,1112,0
1,1112,0
1,1113,0
1,1113,0
1,1114,0
1,1114,0
1,1115,0
1,1115,0
1,1116,0
1,1116,0
1,1117,0
1,1117,0
1,1118,0
1,1118,0
1,1119,0
1,1119,0
1,1120,0
1,1120,0
1,1121,0
1,1121,0
1,1122,0
1,1122,0
1,1123,0
1,1123,0
1,1124,0
1,1124,0
1,1125,0
1,1125,0
1,1126,0
1,1126,0
1,1127,0
1,1127,0
1,1128,0
1,1128,0
1,1129,0
1,1129,0
1,1130,0
1,1130,0
1,1131,0
1,1131,0
1,1132,0
1,1132,0
1,1133,0
1,1133,0
1,1134,0
1,1134,0
1,1135,0
1,1135,0
1,1136,0
1,1136,0
1,1137,0
1,1137,0
1,1138,0
1,1138,0
1,1139,0
1,1139,0
1,1140,0
1,1140,0
1,1141,0
1,1141,0
1,1142,0
1,1142,0
1,1143,0
1,1143,0
1,1144,0
1,1144,0
1,1145,0
1,1145,0
1,1146,0
1,1146,0
1,1147,0
1,1147,0
1,1148,0
1,1148,0
1,1149,0
1,1149,0
1,1150,0
1,1150,0
1,1151,0
1,1151,0
1,1152,0
1,1152,0
1,1153,0
1,1153,0
1,1154,0
1,1154,0
1,1155,0
1,1155,0
1,1156,0
1,1156,0
1,1157,0
1,1157,0
1,1158,0
1,1158,0
1,1159,0
1,1159,0
1,1160,0
1,1160,0
1,1161,0
1,1161,0
1,1162,0
1,1162,0
1,1163,0
1,1163,0
1,1164,0
1,1164,0
1,1165,0
1,1165,0
1,1166,0
1,1166,0
1,1167,0
1,1167,0
1,1168,0
1,1168,0
1,1169,0
1,1169,0
1,1170,0
1,1170,0
1,1171,0
1,1171,0
1,1172,0
1,1172,0
1,1173,0
1,1173,0
1,1174,0
1,1174,0
1,1175,0
1,1175,0
1,1176,0
1,1176,0
1,1177,0
1,1177,0
1,1178,0
1,1178,0
1,1179,0
1,1179,0
1,1180,0
1,1180,0
1,1181,0
1,1181,0
1,1182,0
1,1182,0
1,1183,0
1,1183,0
1,1184,0
1,1184,0
1,1185,0
1,1185,0
1,1186,0
1,1186,0
1,1187,0
1,1187,0
1,1188,0
1,1188,0
1,1189,0
1,1189,0
1,1190,0
1,1190,0
1,1191,0
1,1191,0
1,1192,0
1,1192,0
1,1193,0
1,1193,0
1,1194,0
1,1194,0
1,1195,0
1,1195,0
1,1196,0
1,1196,0
1,1197,0
1,1197,0
1,1198,0
1,1198,0
1,1199,0
1,1199,0
1,1200,0
1,1200,0
1,1201,0
1,1201,0
1,1202,0
1,1202,0
1,1203,0
1,1203,0
1,1204,0
1,1204,0
1,1205,0
1,1205,0
1,1206,0
1,1206,0
1,1207,0
1,1207,0
1,1208,0
1,1208,0
1,1209,0
1,1209,0
1,1210,0
1,1210,0
1,1211,0
1,1211,0
1,1212,0
1,1212,0
1,1213,0
1,1213,0
1,1214,0
1,1214,0
1,1215,0
1,1215,0
1,1216,0
1,1216,0
1,1217,0
1,1217,0
1,1218,0
1,1218,0
1,1219,0
1,1219,0
1,1220,0
1,1220,0
1,1221,0
1,1221,0
1,1222,0
1,1222,0
1,1223,0
1,1223,0
1,1224,0
1,1224,0
1,1225,0
1,1225,0
1,1226,0
1,1226,0
1,1227,0
1,1227,0
1,1228,0
1,1228,0
1,1229,0
1,1229,0
1,1230,0
1,1230,0
1,1231,0
1,1231,0
1,1232,0
1,1232,0
1,1233,0
1,1233,0
1,1234,0
1,1234,0
1,1235,0
1,1235,0
1,1236,0
1,1236,0
1,1237,0
1,1237,0
1,1238,0
1,1238,0
1,1239,0
1,1239,0
1,1240,0
1,1240,0
1,1241,0
1,1241,0
1,1242,0
1,1242,0
1,1243,0
1,1243,0
1,1244,0
1,1244,0
1,1245,0
1,1245,0
