1,1,0
119,1,0
1,2,0
119,2,0
1,3,0
119,3,0
1,4,0
119,4,0
1,5,0
118,5,0
1,6,0
117,6,0
1,7,0
116,7,0
1,8,0
116,8,0
1,9,0
116,9,0
1,10,0
116,10,0
1,11,0
115,11,0
1,12,0
114,12,0
1,13,0
114,13,0
1,14,0
114,14,0
1,15,0
114,15,0
1,16,0
114,16,0
1,17,0
114,17,0
1,18,0
114,18,0
1,19,0
114,19,0
1,20,0
114,20,0
1,21,0
113,21,0
1,22,0
112,22,0
1,23,0
111,23,0
1,24,0
111,24,0
1,25,0
110,25,0
1,26,0
109,26,0
1,27,0
109,27,0
1,28,0
109,28,0
1,29,0
108,29,0
1,30,0
107,30,0
1,31,0
106,31,0
1,32,0
106,32,0
1,33,0
105,33,0
1,34,0
104,34,0
1,35,0
104,35,0
1,36,0
104,36,0
1,37,0
104,37,0
1,38,0
104,38,0
1,39,0
103,39,0
1,40,0
102,40,0
1,41,0
102,41,0
1,42,0
102,42,0
1,43,0
102,43,0
1,44,0
102,44,0
1,45,0
101,45,0
1,46,0
100,46,0
1,47,0
100,47,0
1,48,0
99,48,0
1,49,0
99,49,0
1,50,0
98,50,0
1,51,0
97,51,0
1,52,0
96,52,0
1,53,0
96,53,0
1,54,0
96,54,0
1,55,0
96,55,0
1,56,0
96,56,0
1,57,0
95,57,0
1,58,0
95,58,0
1,59,0
94,59,0
1,60,0
94,60,0
1,61,0
94,61,0
1,62,0
93,62,0
1,63,0
93,63,0
1,64,0
93,64,0
1,65,0
93,65,0
1,66,0
93,66,0
1,67,0
93,67,0
1,68,0
92,68,0
1,69,0
92,69,0
1,70,0
91,70,0
1,71,0
90,71,0
1,72,0
90,72,0
1,73,0
90,73,0
1,74,0
90,74,0
1,75,0
90,75,0
1,76,0
89,76,0
1,77,0
88,77,0
1,78,0
88,78,0
1,79,0
88,79,0
1,80,0
87,80,0
1,81,0
87,81,0
1,82,0
87,82,0
1,83,0
86,83,0
1,84,0
85,84,0
1,85,0
84,85,0
1,86,0
84,86,0
1,87,0
83,87,0
1,88,0
83,88,0
1,89,0
82,89,0
1,90,0
81,90,0
1,91,0
80,91,0
1,92,0
80,92,0
1,93,0
79,93,0
1,94,0
78,94,0
1,95,0
78,95,0
1,96,0
78,96,0
1,97,0
77,97,0
1,98,0
77,98,0
1,99,0
77,99,0
1,100,0
77,100,0
1,101,0
77,101,0
1,102,0
76,102,0
1,103,0
76,103,0
1,104,0
75,104,0
1,105,0
74,105,0
1,106,0
74,106,0
1,107,0
74,107,0
1,108,0
74,108,0
1,109,0
74,109,0
1,110,0
74,110,0
1,111,0
74,111,0
1,112,0
74,112,0
1,113,0
73,113,0
1,114,0
73,114,0
1,115,0
73,115,0
1,116,0
73,116,0
1,117,0
72,117,0
1,118,0
72,118,0
1,119,0
72,119,0
1,120,0
72,120,0
1,121,0
71,121,0
1,122,0
71,122,0
1,123,0
71,123,0
1,124,0
71,124,0
1,125,0
71,125,0
1,126,0
71,126,0
1,127,0
71,127,0
1,128,0
71,128,0
1,129,0
70,129,0
1,130,0
70,130,0
1,131,0
70,131,0
1,132,0
70,132,0
1,133,0
70,133,0
1,134,0
69,134,0
1,135,0
69,135,0
1,136,0
68,136,0
1,137,0
68,137,0
1,138,0
68,138,0
1,139,0
68,139,0
1,140,0
67,140,0
1,141,0
67,141,0
1,142,0
67,142,0
1,143,0
66,143,0
1,144,0
65,144,0
1,145,0
64,145,0
1,146,0
63,146,0
1,147,0
63,147,0
1,148,0
63,148,0
1,149,0
63,149,0
1,150,0
62,150,0
1,151,0
61,151,0
1,152,0
61,152,0
1,153,0
60,153,0
1,154,0
59,154,0
1,155,0
58,155,0
1,156,0
58,156,0
1,157,0
58,157,0
1,158,0
57,158,0
1,159,0
56,159,0
1,160,0
56,160,0
1,161,0
56,161,0
1,162,0
56,162,0
1,163,0
56,163,0
1,164,0
56,164,0
1,165,0
55,165,0
1,166,0
54,166,0
1,167,0
54,167,0
1,168,0
54,168,0
1,169,0
53,169,0
1,170,0
53,170,0
1,171,0
53,171,0
1,172,0
53,172,0
1,173,0
52,173,0
1,174,0
52,174,0
1,175,0
52,175,0
1,176,0
52,176,0
1,177,0
51,177,0
1,178,0
51,178,0
1,179,0
51,179,0
1,180,0
51,180,0
1,181,0
51,181,0
1,182,0
51,182,0
1,183,0
51,183,0
1,184,0
51,184,0
1,185,0
51,185,0
1,186,0
51,186,0
1,187,0
51,187,0
1,188,0
51,188,0
1,189,0
51,189,0
1,190,0
51,190,0
1,191,0
51,191,0
1,192,0
50,192,0
1,193,0
50,193,0
1,194,0
50,194,0
1,195,0
50,195,0
1,196,0
50,196,0
1,197,0
49,197,0
1,198,0
48,198,0
1,199,0
48,199,0
1,200,0
47,200,0
1,201,0
46,201,0
1,202,0
46,202,0
1,203,0
45,203,0
1,204,0
45,204,0
1,205,0
44,205,0
1,206,0
44,206,0
1,207,0
44,207,0
1,208,0
44,208,0
1,209,0
43,209,0
1,210,0
43,210,0
1,211,0
43,211,0
1,212,0
43,212,0
1,213,0
43,213,0
1,214,0
43,214,0
1,215,0
43,215,0
1,216,0
43,216,0
1,217,0
43,217,0
1,218,0
42,218,0
1,219,0
42,219,0
1,220,0
42,220,0
1,221,0
42,221,0
1,222,0
42,222,0
1,223,0
42,223,0
1,224,0
42,224,0
1,225,0
42,225,0
1,226,0
42,226,0
1,227,0
42,227,0
1,228,0
42,228,0
1,229,0
41,229,0
1,230,0
40,230,0
1,231,0
40,231,0
1,232,0
40,232,0
1,233,0
40,233,0
1,234,0
39,234,0
1,235,0
39,235,0
1,236,0
39,236,0
1,237,0
39,237,0
1,238,0
39,238,0
1,239,0
39,239,0
1,240,0
39,240,0
1,241,0
39,241,0
1,242,0
39,242,0
1,243,0
38,243,0
1,244,0
38,244,0
1,245,0
38,245,0
1,246,0
38,246,0
1,247,0
38,247,0
1,248,0
37,248,0
1,249,0
36,249,0
1,250,0
35,250,0
1,251,0
35,251,0
1,252,0
35,252,0
1,253,0
35,253,0
1,254,0
35,254,0
1,255,0
34,255,0
1,256,0
34,256,0
1,257,0
34,257,0
1,258,0
34,258,0
1,259,0
33,259,0
1,260,0
32,260,0
1,261,0
31,261,0
1,262,0
30,262,0
1,263,0
29,263,0
1,264,0
29,264,0
1,265,0
29,265,0
1,266,0
29,266,0
1,267,0
29,267,0
1,268,0
28,268,0
1,269,0
28,269,0
1,270,0
28,270,0
1,271,0
28,271,0
1,272,0
28,272,0
1,273,0
28,273,0
1,274,0
28,274,0
1,275,0
28,275,0
1,276,0
28,276,0
1,277,0
28,277,0
1,278,0
28,278,0
1,279,0
28,279,0
1,280,0
28,280,0
1,281,0
28,281,0
1,282,0
28,282,0
1,283,0
28,283,0
1,284,0
28,284,0
1,285,0
27,285,0
1,286,0
27,286,0
1,287,0
27,287,0
1,288,0
27,288,0
1,289,0
27,289,0
1,290,0
26,290,0
1,291,0
26,291,0
1,292,0
25,292,0
1,293,0
25,293,0
1,294,0
25,294,0
1,295,0
25,295,0
1,296,0
25,296,0
1,297,0
25,297,0
1,298,0
25,298,0
1,299,0
25,299,0
1,300,0
25,300,0
1,301,0
25,301,0
1,302,0
25,302,0
1,303,0
25,303,0
1,304,0
25,304,0
1,305,0
25,305,0
1,306,0
24,306,0
1,307,0
23,307,0
1,308,0
23,308,0
1,309,0
23,309,0
1,310,0
23,310,0
1,311,0
23,311,0
1,312,0
23,312,0
1,313,0
23,313,0
1,314,0
23,314,0
1,315,0
23,315,0
1,316,0
23,316,0
1,317,0
23,317,0
1,318,0
22,318,0
1,319,0
22,319,0
1,320,0
22,320,0
1,321,0
22,321,0
1,322,0
22,322,0
1,323,0
22,323,0
1,324,0
22,324,0
1,325,0
22,325,0
1,326,0
22,326,0
1,327,0
22,327,0
1,328,0
22,328,0
1,329,0
22,329,0
1,330,0
22,330,0
1,331,0
22,331,0
1,332,0
22,332,0
1,333,0
22,333,0
1,334,0
21,334,0
1,335,0
21,335,0
1,336,0
21,336,0
1,337,0
21,337,0
1,338,0
21,338,0
1,339,0
21,339,0
1,340,0
20,340,0
1,341,0
20,341,0
1,342,0
20,342,0
1,343,0
20,343,0
1,344,0
20,344,0
1,345,0
20,345,0
1,346,0
20,346,0
1,347,0
20,347,0
1,348,0
20,348,0
1,349,0
20,349,0
1,350,0
19,350,0
1,351,0
19,351,0
1,352,0
19,352,0
1,353,0
19,353,0
1,354,0
19,354,0
1,355,0
19,355,0
1,356,0
19,356,0
1,357,0
18,357,0
1,358,0
18,358,0
1,359,0
18,359,0
1,360,0
18,360,0
1,361,0
18,361,0
1,362,0
18,362,0
1,363,0
17,363,0
1,364,0
17,364,0
1,365,0
17,365,0
1,366,0
17,366,0
1,367,0
17,367,0
1,368,0
17,368,0
1,369,0
17,369,0
1,370,0
17,370,0
1,371,0
17,371,0
1,372,0
17,372,0
1,373,0
17,373,0
1,374,0
17,374,0
1,375,0
17,375,0
1,376,0
17,376,0
1,377,0
17,377,0
1,378,0
17,378,0
1,379,0
17,379,0
1,380,0
17,380,0
1,381,0
17,381,0
1,382,0
17,382,0
1,383,0
17,383,0
1,384,0
17,384,0
1,385,0
17,385,0
1,386,0
17,386,0
1,387,0
17,387,0
1,388,0
17,388,0
1,389,0
17,389,0
1,390,0
17,390,0
1,391,0
17,391,0
1,392,0
17,392,0
1,393,0
17,393,0
1,394,0
16,394,0
1,395,0
16,395,0
1,396,0
15,396,0
1,397,0
15,397,0
1,398,0
15,398,0
1,399,0
14,399,0
1,400,0
14,400,0
1,401,0
13,401,0
1,402,0
13,402,0
1,403,0
13,403,0
1,404,0
13,404,0
1,405,0
13,405,0
1,406,0
13,406,0
1,407,0
13,407,0
1,408,0
13,408,0
1,409,0
13,409,0
1,410,0
13,410,0
1,411,0
13,411,0
1,412,0
13,412,0
1,413,0
13,413,0
1,414,0
13,414,0
1,415,0
12,415,0
1,416,0
12,416,0
1,417,0
12,417,0
1,418,0
12,418,0
1,419,0
11,419,0
1,420,0
11,420,0
1,421,0
11,421,0
1,422,0
11,422,0
1,423,0
11,423,0
1,424,0
11,424,0
1,425,0
11,425,0
1,426,0
11,426,0
1,427,0
11,427,0
1,428,0
11,428,0
1,429,0
11,429,0
1,430,0
11,430,0
1,431,0
11,431,0
1,432,0
11,432,0
1,433,0
11,433,0
1,434,0
11,434,0
1,435,0
11,435,0
1,436,0
11,436,0
1,437,0
11,437,0
1,438,0
11,438,0
1,439,0
11,439,0
1,440,0
11,440,0
1,441,0
11,441,0
1,442,0
11,442,0
1,443,0
11,443,0
1,444,0
11,444,0
1,445,0
11,445,0
1,446,0
10,446,0
1,447,0
10,447,0
1,448,0
10,448,0
1,449,0
10,449,0
1,450,0
10,450,0
1,451,0
10,451,0
1,452,0
10,452,0
1,453,0
10,453,0
1,454,0
10,454,0
1,455,0
10,455,0
1,456,0
10,456,0
1,457,0
10,457,0
1,458,0
10,458,0
1,459,0
10,459,0
1,460,0
10,460,0
1,461,0
10,461,0
1,462,0
10,462,0
1,463,0
10,463,0
1,464,0
10,464,0
1,465,0
10,465,0
1,466,0
10,466,0
1,467,0
10,467,0
1,468,0
10,468,0
1,469,0
10,469,0
1,470,0
10,470,0
1,471,0
10,471,0
1,472,0
10,472,0
1,473,0
10,473,0
1,474,0
10,474,0
1,475,0
10,475,0
1,476,0
10,476,0
1,477,0
10,477,0
1,478,0
10,478,0
1,479,0
10,479,0
1,480,0
10,480,0
1,481,0
10,481,0
1,482,0
10,482,0
1,483,0
10,483,0
1,484,0
10,484,0
1,485,0
9,485,0
1,486,0
9,486,0
1,487,0
9,487,0
1,488,0
9,488,0
1,489,0
9,489,0
1,490,0
9,490,0
1,491,0
9,491,0
1,492,0
9,492,0
1,493,0
9,493,0
1,494,0
9,494,0
1,495,0
9,495,0
1,496,0
9,496,0
1,497,0
9,497,0
1,498,0
9,498,0
1,499,0
9,499,0
1,500,0
9,500,0
1,501,0
9,501,0
1,502,0
9,502,0
1,503,0
9,503,0
1,504,0
9,504,0
1,505,0
9,505,0
1,506,0
9,506,0
1,507,0
9,507,0
1,508,0
9,508,0
1,509,0
9,509,0
1,510,0
9,510,0
1,511,0
9,511,0
1,512,0
9,512,0
1,513,0
9,513,0
1,514,0
9,514,0
1,515,0
9,515,0
1,516,0
8,516,0
1,517,0
8,517,0
1,518,0
8,518,0
1,519,0
8,519,0
1,520,0
8,520,0
1,521,0
8,521,0
1,522,0
8,522,0
1,523,0
8,523,0
1,524,0
8,524,0
1,525,0
8,525,0
1,526,0
8,526,0
1,527,0
8,527,0
1,528,0
8,528,0
1,529,0
8,529,0
1,530,0
8,530,0
1,531,0
8,531,0
1,532,0
8,532,0
1,533,0
8,533,0
1,534,0
8,534,0
1,535,0
8,535,0
1,536,0
8,536,0
1,537,0
8,537,0
1,538,0
8,538,0
1,539,0
8,539,0
1,540,0
8,540,0
1,541,0
8,541,0
1,542,0
8,542,0
1,543,0
8,543,0
1,544,0
8,544,0
1,545,0
8,545,0
1,546,0
8,546,0
1,547,0
8,547,0
1,548,0
8,548,0
1,549,0
8,549,0
1,550,0
8,550,0
1,551,0
8,551,0
1,552,0
8,552,0
1,553,0
8,553,0
1,554,0
8,554,0
1,555,0
8,555,0
1,556,0
7,556,0
1,557,0
7,557,0
1,558,0
7,558,0
1,559,0
7,559,0
1,560,0
6,560,0
1,561,0
6,561,0
1,562,0
6,562,0
1,563,0
6,563,0
1,564,0
6,564,0
1,565,0
6,565,0
1,566,0
6,566,0
1,567,0
6,567,0
1,568,0
6,568,0
1,569,0
6,569,0
1,570,0
6,570,0
1,571,0
6,571,0
1,572,0
6,572,0
1,573,0
6,573,0
1,574,0
6,574,0
1,575,0
6,575,0
1,576,0
6,576,0
1,577,0
6,577,0
1,578,0
6,578,0
1,579,0
6,579,0
1,580,0
6,580,0
1,581,0
6,581,0
1,582,0
6,582,0
1,583,0
6,583,0
1,584,0
6,584,0
1,585,0
6,585,0
1,586,0
6,586,0
1,587,0
6,587,0
1,588,0
6,588,0
1,589,0
6,589,0
1,590,0
6,590,0
1,591,0
6,591,0
1,592,0
6,592,0
1,593,0
6,593,0
1,594,0
6,594,0
1,595,0
6,595,0
1,596,0
6,596,0
1,597,0
6,597,0
1,598,0
6,598,0
1,599,0
5,599,0
1,600,0
5,600,0
1,601,0
5,601,0
1,602,0
5,602,0
1,603,0
5,603,0
1,604,0
5,604,0
1,605,0
5,605,0
1,606,0
5,606,0
1,607,0
5,607,0
1,608,0
5,608,0
1,609,0
5,609,0
1,610,0
5,610,0
1,611,0
5,611,0
1,612,0
5,612,0
1,613,0
5,613,0
1,614,0
5,614,0
1,615,0
5,615,0
1,616,0
5,616,0
1,617,0
5,617,0
1,618,0
5,618,0
1,619,0
5,619,0
1,620,0
4,620,0
1,621,0
4,621,0
1,622,0
4,622,0
1,623,0
4,623,0
1,624,0
4,624,0
1,625,0
4,625,0
1,626,0
4,626,0
1,627,0
4,627,0
1,628,0
4,628,0
1,629,0
4,629,0
1,630,0
4,630,0
1,631,0
4,631,0
1,632,0
4,632,0
1,633,0
4,633,0
1,634,0
4,634,0
1,635,0
4,635,0
1,636,0
4,636,0
1,637,0
4,637,0
1,638,0
4,638,0
1,639,0
4,639,0
1,640,0
4,640,0
1,641,0
4,641,0
1,642,0
4,642,0
1,643,0
4,643,0
1,644,0
4,644,0
1,645,0
4,645,0
1,646,0
4,646,0
1,647,0
4,647,0
1,648,0
4,648,0
1,649,0
4,649,0
1,650,0
4,650,0
1,651,0
4,651,0
1,652,0
4,652,0
1,653,0
4,653,0
1,654,0
3,654,0
1,655,0
3,655,0
1,656,0
3,656,0
1,657,0
3,657,0
1,658,0
3,658,0
1,659,0
3,659,0
1,660,0
3,660,0
1,661,0
3,661,0
1,662,0
3,662,0
1,663,0
3,663,0
1,664,0
3,664,0
1,665,0
3,665,0
1,666,0
3,666,0
1,667,0
3,667,0
1,668,0
3,668,0
1,669,0
3,669,0
1,670,0
3,670,0
1,671,0
2,671,0
1,672,0
2,672,0
1,673,0
2,673,0
1,674,0
2,674,0
1,675,0
2,675,0
1,676,0
2,676,0
1,677,0
2,677,0
1,678,0
2,678,0
1,679,0
2,679,0
1,680,0
2,680,0
1,681,0
2,681,0
1,682,0
2,682,0
1,683,0
2,683,0
1,684,0
2,684,0
1,685,0
2,685,0
1,686,0
2,686,0
1,687,0
2,687,0
1,688,0
2,688,0
1,689,0
2,689,0
1,690,0
2,690,0
1,691,0
2,691,0
1,692,0
2,692,0
1,693,0
2,693,0
1,694,0
2,694,0
1,695,0
2,695,0
1,696,0
2,696,0
1,697,0
2,697,0
1,698,0
2,698,0
1,699,0
2,699,0
1,700,0
2,700,0
1,701,0
2,701,0
1,702,0
2,702,0
1,703,0
2,703,0
1,704,0
2,704,0
1,705,0
2,705,0
1,706,0
2,706,0
1,707,0
2,707,0
1,708,0
2,708,0
1,709,0
2,709,0
1,710,0
2,710,0
1,711,0
2,711,0
1,712,0
2,712,0
1,713,0
2,713,0
1,714,0
2,714,0
1,715,0
2,715,0
1,716,0
2,716,0
1,717,0
2,717,0
1,718,0
2,718,0
1,719,0
2,719,0
1,720,0
2,720,0
1,721,0
2,721,0
1,722,0
2,722,0
1,723,0
2,723,0
1,724,0
2,724,0
1,725,0
2,725,0
1,726,0
2,726,0
1,727,0
1,727,0
1,728,0
1,728,0
1,729,0
1,729,0
1,730,0
1,730,0
1,731,0
1,731,0
1,732,0
1,732,0
1,733,0
1,733,0
1,734,0
1,734,0
1,735,0
1,735,0
1,736,0
1,736,0
1,737,0
1,737,0
1,738,0
1,738,0
1,739,0
1,739,0
1,740,0
1,740,0
1,741,0
1,741,0
1,742,0
1,742,0
1,743,0
1,743,0
1,744,0
1,744,0
1,745,0
1,745,0
1,746,0
1,746,0
1,747,0
1,747,0
1,748,0
1,748,0
1,749,0
1,749,0
1,750,0
1,750,0
1,751,0
1,751,0
1,752,0
1,752,0
1,753,0
1,753,0
1,754,0
1,754,0
1,755,0
1,755,0
1,756,0
1,756,0
1,757,0
1,757,0
1,758,0
1,758,0
1,759,0
1,759,0
1,760,0
1,760,0
1,761,0
1,761,0
1,762,0
1,762,0
1,763,0
1,763,0
1,764,0
1,764,0
1,765,0
1,765,0
1,766,0
1,766,0
1,767,0
1,767,0
1,768,0
1,768,0
1,769,0
1,769,0
1,770,0
1,770,0
1,771,0
1,771,0
1,772,0
1,772,0
1,773,0
1,773,0
1,774,0
1,774,0
1,775,0
1,775,0
1,776,0
1,776,0
1,777,0
1,777,0
1,778,0
1,778,0
1,779,0
1,779,0
1,780,0
1,780,0
1,781,0
1,781,0
1,782,0
1,782,0
1,783,0
1,783,0
1,784,0
1,784,0
1,785,0
1,785,0
1,786,0
1,786,0
1,787,0
1,787,0
1,788,0
1,788,0
1,789,0
1,789,0
1,790,0
1,790,0
1,791,0
1,791,0
1,792,0
1,792,0
1,793,0
1,793,0
1,794,0
1,794,0
1,795,0
1,795,0
1,796,0
1,796,0
1,797,0
1,797,0
1,798,0
1,798,0
1,799,0
1,799,0
1,800,0
1,800,0
1,801,0
1,801,0
1,802,0
1,802,0
1,803,0
1,803,0
1,804,0
1,804,0
1,805,0
1,805,0
1,806,0
1,806,0
1,807,0
1,807,0
1,808,0
1,808,0
1,809,0
1,809,0
1,810,0
1,810,0
1,811,0
1,811,0
1,812,0
1,812,0
1,813,0
1,813,0
1,814,0
1,814,0
1,815,0
1,815,0
1,816,0
1,816,0
1,817,0
1,817,0
1,818,0
1,818,0
1,819,0
1,819,0
1,820,0
1,820,0
1,821,0
1,821,0
1,822,0
1,822,0
1,823,0
1,823,0
1,824,0
1,824,0
1,825,0
1,825,0
1,826,0
1,826,0
1,827,0
1,827,0
1,828,0
1,828,0
1,829,0
1,829,0
1,830,0
1,830,0
1,831,0
1,831,0
1,832,0
1,832,0
1,833,0
1,833,0
1,834,0
1,834,0
1,835,0
1,835,0
1,836,0
1,836,0
1,837,0
1,837,0
1,838,0
1,838,0
1,839,0
1,839,0
1,840,0
1,840,0
1,841,0
1,841,0
1,842,0
1,842,0
1,843,0
1,843,0
1,844,0
1,844,0
1,845,0
1,845,0
1,846,0
1,846,0
1,847,0
1,847,0
1,848,0
1,848,0
1,849,0
1,849,0
1,850,0
1,850,0
1,851,0
1,851,0
1,852,0
1,852,0
1,853,0
1,853,0
1,854,0
1,854,0
1,855,0
1,855,0
1,856,0
1,856,0
1,857,0
1,857,0
1,858,0
1,858,0
1,859,0
1,859,0
1,860,0
1,860,0
1,861,0
1,861,0
1,862,0
1,862,0
1,863,0
1,863,0
1,864,0
1,864,0
1,865,0
1,865,0
1,866,0
1,866,0
1,867,0
1,867,0
1,868,0
1,868,0
1,869,0
1,869,0
1,870,0
1,870,0
1,871,0
1,871,0
1,872,0
1,872,0
1,873,0
1,873,0
1,874,0
1,874,0
1,875,0
1,875,0
1,876,0
1,876,0
1,877,0
1,877,0
1,878,0
1,878,0
1,879,0
1,879,0
1,880,0
1,880,0
1,881,0
1,881,0
1,882,0
1,882,0
1,883,0
1,883,0
1,884,0
1,884,0
1,885,0
1,885,0
1,886,0
1,886,0
1,887,0
1,887,0
1,888,0
1,888,0
1,889,0
1,889,0
1,890,0
1,890,0
1,891,0
1,891,0
1,892,0
1,892,0
1,893,0
1,893,0
1,894,0
1,894,0
1,895,0
1,895,0
1,896,0
1,896,0
1,897,0
1,897,0
1,898,0
1,898,0
1,899,0
1,899,0
1,900,0
1,900,0
1,901,0
1,901,0
1,902,0
1,902,0
1,903,0
1,903,0
1,904,0
1,904,0
1,905,0
1,905,0
1,906,0
1,906,0
1,907,0
1,907,0
1,908,0
1,908,0
1,909,0
1,909,0
1,910,0
1,910,0
1,911,0
1,911,0
1,912,0
1,912,0
1,913,0
1,913,0
1,914,0
1,914,0
1,915,0
1,915,0
1,916,0
1,916,0
1,917,0
1,917,0
1,918,0
1,918,0
1,919,0
1,919,0
1,920,0
1,920,0
1,921,0
1,921,0
1,922,0
1,922,0
1,923,0
1,923,0
1,924,0
1,924,0
1,925,0
1,925,0
1,926,0
1,926,0
1,927,0
1,927,0
1,928,0
1,928,0
1,929,0
1,929,0
1,930,0
1,930,0
1,931,0
1,931,0
1,932,0
1,932,0
1,933,0
1,933,0
1,934,0
1,934,0
1,935,0
1,935,0
1,936,0
1,936,0
1,937,0
1,937,0
1,938,0
1,938,0
1,939,0
1,939,0
1,940,0
1,940,0
1,941,0
1,941,0
1,942,0
1,942,0
1,943,0
1,943,0
1,944,0
1,944,0
1,945,0
1,945,0
1,946,0
1,946,0
1,947,0
1,947,0
1,948,0
1,948,0
1,949,0
1,949,0
1,950,0
1,950,0
1,951,0
1,951,0
1,952,0
1,952,0
1,953,0
1,953,0
1,954,0
1,954,0
1,955,0
1,955,0
1,956,0
1,956,0
1,957,0
1,957,0
1,958,0
1,958,0
1,959,0
1,959,0
1,960,0
1,960,0
1,961,0
1,961,0
1,962,0
1,962,0
1,963,0
1,963,0
1,964,0
1,964,0
1,965,0
1,965,0
1,966,0
1,966,0
1,967,0
1,967,0
1,968,0
1,968,0
1,969,0
1,969,0
1,970,0
1,970,0
1,971,0
1,971,0
1,972,0
1,972,0
1,973,0
1,973,0
1,974,0
1,974,0
1,975,0
1,975,0
1,976,0
1,976,0
1,977,0
1,977,0
1,978,0
1,978,0
1,979,0
1,979,0
1,980,0
1,980,0
1,981,0
1,981,0
1,982,0
1,982,0
1,983,0
1,983,0
1,984,0
1,984,0
1,985,0
1,985,0
1,986,0
1,986,0
1,987,0
1,987,0
1,988,0
1,988,0
1,989,0
1,989,0
1,990,0
1,990,0
1,991,0
1,991,0
1,992,0
1,992,0
1,993,0
1,993,0
1,994,0
1,994,0
1,995,0
1,995,0
1,996,0
1,996,0
1,997,0
1,997,0
1,998,0
1,998,0
1,999,0
1,999,0
1,1000,0
1,1000,0
1,1001,0
1,1001,0
1,1002,0
1,1002,0
1,1003,0
1,1003,0
1,1004,0
1,1004,0
1,1005,0
1,1005,0
1,1006,0
1,1006,0
1,1007,0
1,1007,0
1,1008,0
1,1008,0
1,1009,0
1,1009,0
1,1010,0
1,1010,0
1,1011,0
1,1011,0
1,1012,0
1,1012,0
1,1013,0
1,1013,0
1,1014,0
1,1014,0
1,1015,0
1,1015,0
1,1016,0
1,1016,0
1,1017,0
1,1017,0
1,1018,0
1,1018,0
1,1019,0
1,1019,0
1,1020,0
1,1020,0
1,1021,0
1,1021,0
1,1022,0
1,1022,0
1,1023,0
1,1023,0
1,1024,0
1,1024,0
1,1025,0
1,1025,0
1,1026,0
1,1026,0
1,1027,0
1,1027,0
1,1028,0
1,1028,0
1,1029,0
1,1029,0
1,1030,0
1,1030,0
1,1031,0
1,1031,0
1,1032,0
1,1032,0
1,1033,0
1,1033,0
1,1034,0
1,1034,0
1,1035,0
1,1035,0
1,1036,0
1,1036,0
1,1037,0
1,1037,0
1,1038,0
1,1038,0
1,1039,0
1,1039,0
1,1040,0
1,1040,0
1,1041,0
1,1041,0
1,1042,0
1,1042,0
1,1043,0
1,1043,0
1,1044,0
1,1044,0
1,1045,0
1,1045,0
1,1046,0
1,1046,0
1,1047,0
1,1047,0
1,1048,0
1,1048,0
1,1049,0
1,1049,0
1,1050,0
1,1050,0
1,1051,0
1,1051,0
1,1052,0
1,1052,0
1,1053,0
1,1053,0
1,1054,0
1,1054,0
1,1055,0
1,1055,0
1,1056,0
1,1056,0
1,1057,0
1,1057,0
1,1058,0
1,1058,0
1,1059,0
1,1059,0
1,1060,0
1,1060,0
1,1061,0
1,1061,0
1,1062,0
1,1062,0
1,1063,0
1,1063,0
1,1064,0
1,1064,0
1,1065,0
1,1065,0
1,1066,0
1,1066,0
1,1067,0
1,1067,0
1,1068,0
1,1068,0
1,1069,0
1,1069,0
1,1070,0
1,1070,0
1,1071,0
1,1071,0
1,1072,0
1,1072,0
1,1073,0
1,1073,0
1,1074,0
1,1074,0
1,1075,0
1,1075,0
1,1076,0
1,1076,0
1,1077,0
1,1077,0
1,1078,0
1,1078,0
1,1079,0
1,1079,0
1,1080,0
1,1080,0
1,1081,0
1,1081,0
1,1082,0
1,1082,0
1,1083,0
1,1083,0
1,1084,0
1,1084,0
1,1085,0
1,1085,0
1,1086,0
1,1086,0
1,1087,0
1,1087,0
1,1088,0
1,1088,0
1,1089,0
1,1089,0
1,1090,0
1,1090,0
1,1091,0
1,1091,0
1,1092,0
1,1092,0
1,1093,0
1,1093,0
1,1094,0
1,1094,0
1,1095,0
1,1095,0
1,1096,0
1,1096,0
1,1097,0
1,1097,0
1,1098,0
1,1098,0
1,1099,0
1,1099,0
1,1100,0
1,1100,0
1,1101,0
1,1101,0
1,1102,0
1,1102,0
1,1103,0
1,1103,0
1,1104,0
1,1104,0
1,1105,0
1,1105,0
1,1106,0
1,1106,0
1,1107,0
1,1107,0
1,1108,0
1,1108,0
1,1109,0
1,1109,0
1,1110,0
1,1110,0
1,1111,0
1,1111,0
1,1112,0
1,1112,0
1,1113,0
1,1113,0
1,1114,0
1,1114,0
1,1115,0
1,1115,0
1,1116,0
1,1116,0
