1,1,0
117,1,0
1,2,0
116,2,0
1,3,0
116,3,0
1,4,0
115,4,0
1,5,0
114,5,0
1,6,0
114,6,0
1,7,0
113,7,0
1,8,0
113,8,0
1,9,0
113,9,0
1,10,0
112,10,0
1,11,0
111,11,0
1,12,0
110,12,0
1,13,0
110,13,0
1,14,0
109,14,0
1,15,0
108,15,0
1,16,0
107,16,0
1,17,0
106,17,0
1,18,0
106,18,0
1,19,0
106,19,0
1,20,0
106,20,0
1,21,0
105,21,0
1,22,0
104,22,0
1,23,0
104,23,0
1,24,0
104,24,0
1,25,0
103,25,0
1,26,0
103,26,0
1,27,0
102,27,0
1,28,0
102,28,0
1,29,0
101,29,0
1,30,0
101,30,0
1,31,0
100,31,0
1,32,0
99,32,0
1,33,0
98,33,0
1,34,0
97,34,0
1,35,0
96,35,0
1,36,0
96,36,0
1,37,0
96,37,0
1,38,0
95,38,0
1,39,0
95,39,0
1,40,0
94,40,0
1,41,0
94,41,0
1,42,0
94,42,0
1,43,0
93,43,0
1,44,0
93,44,0
1,45,0
92,45,0
1,46,0
92,46,0
1,47,0
92,47,0
1,48,0
92,48,0
1,49,0
92,49,0
1,50,0
92,50,0
1,51,0
92,51,0
1,52,0
91,52,0
1,53,0
90,53,0
1,54,0
89,54,0
1,55,0
88,55,0
1,56,0
87,56,0
1,57,0
87,57,0
1,58,0
87,58,0
1,59,0
87,59,0
1,60,0
86,60,0
1,61,0
86,61,0
1,62,0
86,62,0
1,63,0
86,63,0
1,64,0
85,64,0
1,65,0
85,65,0
1,66,0
84,66,0
1,67,0
84,67,0
1,68,0
83,68,0
1,69,0
82,69,0
1,70,0
81,70,0
1,71,0
81,71,0
1,72,0
81,72,0
1,73,0
81,73,0
1,74,0
81,74,0
1,75,0
81,75,0
1,76,0
81,76,0
1,77,0
80,77,0
1,78,0
79,78,0
1,79,0
79,79,0
1,80,0
78,80,0
1,81,0
78,81,0
1,82,0
77,82,0
1,83,0
77,83,0
1,84,0
76,84,0
1,85,0
76,85,0
1,86,0
75,86,0
1,87,0
74,87,0
1,88,0
73,88,0
1,89,0
73,89,0
1,90,0
73,90,0
1,91,0
72,91,0
1,92,0
72,92,0
1,93,0
72,93,0
1,94,0
71,94,0
1,95,0
71,95,0
1,96,0
70,96,0
1,97,0
69,97,0
1,98,0
68,98,0
1,99,0
68,99,0
1,100,0
68,100,0
1,101,0
67,101,0
1,102,0
67,102,0
1,103,0
67,103,0
1,104,0
67,104,0
1,105,0
67,105,0
1,106,0
67,106,0
1,107,0
67,107,0
1,108,0
67,108,0
1,109,0
67,109,0
1,110,0
66,110,0
1,111,0
65,111,0
1,112,0
65,112,0
1,113,0
65,113,0
1,114,0
65,114,0
1,115,0
65,115,0
1,116,0
65,116,0
1,117,0
65,117,0
1,118,0
65,118,0
1,119,0
64,119,0
1,120,0
64,120,0
1,121,0
64,121,0
1,122,0
63,122,0
1,123,0
62,123,0
1,124,0
62,124,0
1,125,0
62,125,0
1,126,0
62,126,0
1,127,0
61,127,0
1,128,0
61,128,0
1,129,0
60,129,0
1,130,0
60,130,0
1,131,0
60,131,0
1,132,0
59,132,0
1,133,0
59,133,0
1,134,0
59,134,0
1,135,0
58,135,0
1,136,0
58,136,0
1,137,0
57,137,0
1,138,0
57,138,0
1,139,0
57,139,0
1,140,0
57,140,0
1,141,0
57,141,0
1,142,0
56,142,0
1,143,0
56,143,0
1,144,0
55,144,0
1,145,0
55,145,0
1,146,0
55,146,0
1,147,0
55,147,0
1,148,0
55,148,0
1,149,0
55,149,0
1,150,0
55,150,0
1,151,0
55,151,0
1,152,0
55,152,0
1,153,0
54,153,0
1,154,0
54,154,0
1,155,0
54,155,0
1,156,0
54,156,0
1,157,0
54,157,0
1,158,0
54,158,0
1,159,0
53,159,0
1,160,0
53,160,0
1,161,0
52,161,0
1,162,0
52,162,0
1,163,0
52,163,0
1,164,0
52,164,0
1,165,0
51,165,0
1,166,0
50,166,0
1,167,0
50,167,0
1,168,0
50,168,0
1,169,0
49,169,0
1,170,0
49,170,0
1,171,0
49,171,0
1,172,0
49,172,0
1,173,0
49,173,0
1,174,0
48,174,0
1,175,0
47,175,0
1,176,0
46,176,0
1,177,0
45,177,0
1,178,0
44,178,0
1,179,0
44,179,0
1,180,0
44,180,0
1,181,0
44,181,0
1,182,0
44,182,0
1,183,0
44,183,0
1,184,0
44,184,0
1,185,0
44,185,0
1,186,0
44,186,0
1,187,0
44,187,0
1,188,0
44,188,0
1,189,0
43,189,0
1,190,0
42,190,0
1,191,0
41,191,0
1,192,0
41,192,0
1,193,0
41,193,0
1,194,0
41,194,0
1,195,0
41,195,0
1,196,0
41,196,0
1,197,0
41,197,0
1,198,0
40,198,0
1,199,0
40,199,0
1,200,0
40,200,0
1,201,0
40,201,0
1,202,0
40,202,0
1,203,0
39,203,0
1,204,0
39,204,0
1,205,0
39,205,0
1,206,0
39,206,0
1,207,0
39,207,0
1,208,0
39,208,0
1,209,0
39,209,0
1,210,0
39,210,0
1,211,0
39,211,0
1,212,0
39,212,0
1,213,0
39,213,0
1,214,0
39,214,0
1,215,0
39,215,0
1,216,0
39,216,0
1,217,0
39,217,0
1,218,0
38,218,0
1,219,0
38,219,0
1,220,0
38,220,0
1,221,0
38,221,0
1,222,0
38,222,0
1,223,0
37,223,0
1,224,0
37,224,0
1,225,0
37,225,0
1,226,0
37,226,0
1,227,0
37,227,0
1,228,0
36,228,0
1,229,0
36,229,0
1,230,0
35,230,0
1,231,0
35,231,0
1,232,0
35,232,0
1,233,0
35,233,0
1,234,0
35,234,0
1,235,0
35,235,0
1,236,0
35,236,0
1,237,0
34,237,0
1,238,0
34,238,0
1,239,0
34,239,0
1,240,0
34,240,0
1,241,0
34,241,0
1,242,0
34,242,0
1,243,0
34,243,0
1,244,0
34,244,0
1,245,0
34,245,0
1,246,0
34,246,0
1,247,0
34,247,0
1,248,0
34,248,0
1,249,0
34,249,0
1,250,0
34,250,0
1,251,0
34,251,0
1,252,0
34,252,0
1,253,0
34,253,0
1,254,0
33,254,0
1,255,0
33,255,0
1,256,0
33,256,0
1,257,0
33,257,0
1,258,0
33,258,0
1,259,0
33,259,0
1,260,0
33,260,0
1,261,0
33,261,0
1,262,0
33,262,0
1,263,0
33,263,0
1,264,0
32,264,0
1,265,0
32,265,0
1,266,0
32,266,0
1,267,0
32,267,0
1,268,0
32,268,0
1,269,0
31,269,0
1,270,0
31,270,0
1,271,0
31,271,0
1,272,0
31,272,0
1,273,0
31,273,0
1,274,0
31,274,0
1,275,0
31,275,0
1,276,0
31,276,0
1,277,0
31,277,0
1,278,0
31,278,0
1,279,0
31,279,0
1,280,0
31,280,0
1,281,0
31,281,0
1,282,0
31,282,0
1,283,0
31,283,0
1,284,0
30,284,0
1,285,0
30,285,0
1,286,0
30,286,0
1,287,0
30,287,0
1,288,0
30,288,0
1,289,0
30,289,0
1,290,0
30,290,0
1,291,0
30,291,0
1,292,0
30,292,0
1,293,0
30,293,0
1,294,0
30,294,0
1,295,0
29,295,0
1,296,0
29,296,0
1,297,0
29,297,0
1,298,0
28,298,0
1,299,0
28,299,0
1,300,0
28,300,0
1,301,0
28,301,0
1,302,0
28,302,0
1,303,0
27,303,0
1,304,0
27,304,0
1,305,0
27,305,0
1,306,0
27,306,0
1,307,0
26,307,0
1,308,0
26,308,0
1,309,0
26,309,0
1,310,0
26,310,0
1,311,0
26,311,0
1,312,0
26,312,0
1,313,0
26,313,0
1,314,0
26,314,0
1,315,0
25,315,0
1,316,0
24,316,0
1,317,0
24,317,0
1,318,0
24,318,0
1,319,0
24,319,0
1,320,0
24,320,0
1,321,0
24,321,0
1,322,0
24,322,0
1,323,0
23,323,0
1,324,0
23,324,0
1,325,0
23,325,0
1,326,0
23,326,0
1,327,0
23,327,0
1,328,0
23,328,0
1,329,0
23,329,0
1,330,0
23,330,0
1,331,0
23,331,0
1,332,0
23,332,0
1,333,0
23,333,0
1,334,0
23,334,0
1,335,0
23,335,0
1,336,0
23,336,0
1,337,0
22,337,0
1,338,0
22,338,0
1,339,0
22,339,0
1,340,0
22,340,0
1,341,0
22,341,0
1,342,0
22,342,0
1,343,0
22,343,0
1,344,0
21,344,0
1,345,0
21,345,0
1,346,0
21,346,0
1,347,0
21,347,0
1,348,0
21,348,0
1,349,0
21,349,0
1,350,0
21,350,0
1,351,0
21,351,0
1,352,0
20,352,0
1,353,0
20,353,0
1,354,0
20,354,0
1,355,0
20,355,0
1,356,0
20,356,0
1,357,0
20,357,0
1,358,0
20,358,0
1,359,0
20,359,0
1,360,0
20,360,0
1,361,0
20,361,0
1,362,0
20,362,0
1,363,0
20,363,0
1,364,0
20,364,0
1,365,0
20,365,0
1,366,0
20,366,0
1,367,0
20,367,0
1,368,0
19,368,0
1,369,0
19,369,0
1,370,0
19,370,0
1,371,0
19,371,0
1,372,0
19,372,0
1,373,0
19,373,0
1,374,0
19,374,0
1,375,0
19,375,0
1,376,0
19,376,0
1,377,0
19,377,0
1,378,0
19,378,0
1,379,0
19,379,0
1,380,0
19,380,0
1,381,0
19,381,0
1,382,0
19,382,0
1,383,0
19,383,0
1,384,0
19,384,0
1,385,0
19,385,0
1,386,0
18,386,0
1,387,0
18,387,0
1,388,0
17,388,0
1,389,0
17,389,0
1,390,0
17,390,0
1,391,0
17,391,0
1,392,0
17,392,0
1,393,0
17,393,0
1,394,0
17,394,0
1,395,0
16,395,0
1,396,0
16,396,0
1,397,0
16,397,0
1,398,0
16,398,0
1,399,0
16,399,0
1,400,0
16,400,0
1,401,0
16,401,0
1,402,0
16,402,0
1,403,0
16,403,0
1,404,0
16,404,0
1,405,0
16,405,0
1,406,0
16,406,0
1,407,0
16,407,0
1,408,0
16,408,0
1,409,0
16,409,0
1,410,0
16,410,0
1,411,0
16,411,0
1,412,0
16,412,0
1,413,0
16,413,0
1,414,0
16,414,0
1,415,0
16,415,0
1,416,0
15,416,0
1,417,0
15,417,0
1,418,0
15,418,0
1,419,0
15,419,0
1,420,0
15,420,0
1,421,0
15,421,0
1,422,0
15,422,0
1,423,0
15,423,0
1,424,0
15,424,0
1,425,0
15,425,0
1,426,0
15,426,0
1,427,0
15,427,0
1,428,0
15,428,0
1,429,0
15,429,0
1,430,0
15,430,0
1,431,0
15,431,0
1,432,0
15,432,0
1,433,0
15,433,0
1,434,0
15,434,0
1,435,0
15,435,0
1,436,0
15,436,0
1,437,0
15,437,0
1,438,0
15,438,0
1,439,0
15,439,0
1,440,0
15,440,0
1,441,0
14,441,0
1,442,0
14,442,0
1,443,0
14,443,0
1,444,0
14,444,0
1,445,0
14,445,0
1,446,0
13,446,0
1,447,0
13,447,0
1,448,0
13,448,0
1,449,0
13,449,0
1,450,0
13,450,0
1,451,0
13,451,0
1,452,0
13,452,0
1,453,0
13,453,0
1,454,0
13,454,0
1,455,0
13,455,0
1,456,0
13,456,0
1,457,0
13,457,0
1,458,0
13,458,0
1,459,0
13,459,0
1,460,0
13,460,0
1,461,0
13,461,0
1,462,0
13,462,0
1,463,0
13,463,0
1,464,0
13,464,0
1,465,0
13,465,0
1,466,0
13,466,0
1,467,0
12,467,0
1,468,0
12,468,0
1,469,0
12,469,0
1,470,0
12,470,0
1,471,0
12,471,0
1,472,0
12,472,0
1,473,0
12,473,0
1,474,0
12,474,0
1,475,0
12,475,0
1,476,0
12,476,0
1,477,0
12,477,0
1,478,0
12,478,0
1,479,0
12,479,0
1,480,0
11,480,0
1,481,0
11,481,0
1,482,0
11,482,0
1,483,0
11,483,0
1,484,0
11,484,0
1,485,0
11,485,0
1,486,0
11,486,0
1,487,0
11,487,0
1,488,0
11,488,0
1,489,0
11,489,0
1,490,0
11,490,0
1,491,0
11,491,0
1,492,0
11,492,0
1,493,0
11,493,0
1,494,0
11,494,0
1,495,0
11,495,0
1,496,0
11,496,0
1,497,0
11,497,0
1,498,0
11,498,0
1,499,0
11,499,0
1,500,0
11,500,0
1,501,0
11,501,0
1,502,0
11,502,0
1,503,0
11,503,0
1,504,0
10,504,0
1,505,0
10,505,0
1,506,0
10,506,0
1,507,0
10,507,0
1,508,0
10,508,0
1,509,0
10,509,0
1,510,0
10,510,0
1,511,0
10,511,0
1,512,0
10,512,0
1,513,0
10,513,0
1,514,0
10,514,0
1,515,0
10,515,0
1,516,0
10,516,0
1,517,0
10,517,0
1,518,0
10,518,0
1,519,0
10,519,0
1,520,0
10,520,0
1,521,0
10,521,0
1,522,0
10,522,0
1,523,0
10,523,0
1,524,0
10,524,0
1,525,0
10,525,0
1,526,0
10,526,0
1,527,0
10,527,0
1,528,0
10,528,0
1,529,0
10,529,0
1,530,0
9,530,0
1,531,0
9,531,0
1,532,0
8,532,0
1,533,0
8,533,0
1,534,0
8,534,0
1,535,0
8,535,0
1,536,0
8,536,0
1,537,0
8,537,0
1,538,0
8,538,0
1,539,0
8,539,0
1,540,0
7,540,0
1,541,0
7,541,0
1,542,0
7,542,0
1,543,0
7,543,0
1,544,0
7,544,0
1,545,0
7,545,0
1,546,0
7,546,0
1,547,0
7,547,0
1,548,0
7,548,0
1,549,0
7,549,0
1,550,0
7,550,0
1,551,0
7,551,0
1,552,0
7,552,0
1,553,0
7,553,0
1,554,0
6,554,0
1,555,0
6,555,0
1,556,0
6,556,0
1,557,0
6,557,0
1,558,0
6,558,0
1,559,0
6,559,0
1,560,0
6,560,0
1,561,0
6,561,0
1,562,0
6,562,0
1,563,0
6,563,0
1,564,0
6,564,0
1,565,0
6,565,0
1,566,0
6,566,0
1,567,0
6,567,0
1,568,0
6,568,0
1,569,0
6,569,0
1,570,0
6,570,0
1,571,0
6,571,0
1,572,0
6,572,0
1,573,0
6,573,0
1,574,0
6,574,0
1,575,0
6,575,0
1,576,0
6,576,0
1,577,0
6,577,0
1,578,0
6,578,0
1,579,0
6,579,0
1,580,0
6,580,0
1,581,0
5,581,0
1,582,0
5,582,0
1,583,0
5,583,0
1,584,0
5,584,0
1,585,0
5,585,0
1,586,0
5,586,0
1,587,0
5,587,0
1,588,0
5,588,0
1,589,0
5,589,0
1,590,0
5,590,0
1,591,0
5,591,0
1,592,0
5,592,0
1,593,0
5,593,0
1,594,0
5,594,0
1,595,0
5,595,0
1,596,0
4,596,0
1,597,0
4,597,0
1,598,0
4,598,0
1,599,0
4,599,0
1,600,0
4,600,0
1,601,0
4,601,0
1,602,0
4,602,0
1,603,0
4,603,0
1,604,0
4,604,0
1,605,0
4,605,0
1,606,0
3,606,0
1,607,0
3,607,0
1,608,0
3,608,0
1,609,0
3,609,0
1,610,0
3,610,0
1,611,0
3,611,0
1,612,0
3,612,0
1,613,0
3,613,0
1,614,0
3,614,0
1,615,0
3,615,0
1,616,0
3,616,0
1,617,0
3,617,0
1,618,0
3,618,0
1,619,0
3,619,0
1,620,0
3,620,0
1,621,0
3,621,0
1,622,0
3,622,0
1,623,0
3,623,0
1,624,0
3,624,0
1,625,0
3,625,0
1,626,0
3,626,0
1,627,0
3,627,0
1,628,0
3,628,0
1,629,0
3,629,0
1,630,0
3,630,0
1,631,0
3,631,0
1,632,0
3,632,0
1,633,0
3,633,0
1,634,0
3,634,0
1,635,0
3,635,0
1,636,0
3,636,0
1,637,0
3,637,0
1,638,0
3,638,0
1,639,0
3,639,0
1,640,0
3,640,0
1,641,0
3,641,0
1,642,0
3,642,0
1,643,0
3,643,0
1,644,0
3,644,0
1,645,0
3,645,0
1,646,0
3,646,0
1,647,0
3,647,0
1,648,0
3,648,0
1,649,0
2,649,0
1,650,0
2,650,0
1,651,0
2,651,0
1,652,0
2,652,0
1,653,0
2,653,0
1,654,0
2,654,0
1,655,0
2,655,0
1,656,0
2,656,0
1,657,0
2,657,0
1,658,0
2,658,0
1,659,0
2,659,0
1,660,0
2,660,0
1,661,0
2,661,0
1,662,0
2,662,0
1,663,0
2,663,0
1,664,0
2,664,0
1,665,0
2,665,0
1,666,0
2,666,0
1,667,0
2,667,0
1,668,0
2,668,0
1,669,0
2,669,0
1,670,0
2,670,0
1,671,0
2,671,0
1,672,0
2,672,0
1,673,0
2,673,0
1,674,0
2,674,0
1,675,0
2,675,0
1,676,0
2,676,0
1,677,0
2,677,0
1,678,0
2,678,0
1,679,0
2,679,0
1,680,0
2,680,0
1,681,0
2,681,0
1,682,0
2,682,0
1,683,0
2,683,0
1,684,0
2,684,0
1,685,0
2,685,0
1,686,0
2,686,0
1,687,0
1,687,0
1,688,0
1,688,0
1,689,0
1,689,0
1,690,0
1,690,0
1,691,0
1,691,0
1,692,0
1,692,0
1,693,0
1,693,0
1,694,0
1,694,0
1,695,0
1,695,0
1,696,0
1,696,0
1,697,0
1,697,0
1,698,0
1,698,0
1,699,0
1,699,0
1,700,0
1,700,0
1,701,0
1,701,0
1,702,0
1,702,0
1,703,0
1,703,0
1,704,0
1,704,0
1,705,0
1,705,0
1,706,0
1,706,0
1,707,0
1,707,0
1,708,0
1,708,0
1,709,0
1,709,0
1,710,0
1,710,0
1,711,0
1,711,0
1,712,0
1,712,0
1,713,0
1,713,0
1,714,0
1,714,0
1,715,0
1,715,0
1,716,0
1,716,0
1,717,0
1,717,0
1,718,0
1,718,0
1,719,0
1,719,0
1,720,0
1,720,0
