1,1,0
1,1,0
1,2,0
3,2,0
1,3,0
5,3,0
1,4,0
7,4,0
1,5,0
9,5,0
1,6,0
11,6,0
1,7,0
13,7,0
1,8,0
15,8,0
1,9,0
17,9,0
1,10,0
19,10,0
1,11,0
21,11,0
1,12,0
23,12,0
1,13,0
25,13,0
1,14,0
27,14,0
1,15,0
29,15,0
1,16,0
31,16,0
1,17,0
33,17,0
1,18,0
35,18,0
1,19,0
37,19,0
1,20,0
39,20,0
1,21,0
41,21,0
1,22,0
43,22,0
1,23,0
45,23,0
1,24,0
47,24,0
1,25,0
49,25,0
1,26,0
51,26,0
1,27,0
53,27,0
1,28,0
55,28,0
1,29,0
57,29,0
1,30,0
59,30,0
1,31,0
61,31,0
1,32,0
63,32,0
1,33,0
65,33,0
1,34,0
67,34,0
1,35,0
69,35,0
1,36,0
71,36,0
1,37,0
73,37,0
1,38,0
75,38,0
1,39,0
77,39,0
1,40,0
79,40,0
1,41,0
81,41,0
1,42,0
83,42,0
1,43,0
85,43,0
1,44,0
87,44,0
1,45,0
89,45,0
1,46,0
91,46,0
1,47,0
93,47,0
1,48,0
95,48,0
1,49,0
97,49,0
1,50,0
99,50,0
1,51,0
101,51,0
1,52,0
103,52,0
1,53,0
105,53,0
1,54,0
107,54,0
1,55,0
109,55,0
1,56,0
111,56,0
1,57,0
113,57,0
1,58,0
115,58,0
1,59,0
117,59,0
1,60,0
119,60,0
1,61,0
121,61,0
1,62,0
123,62,0
1,63,0
125,63,0
1,64,0
127,64,0
1,65,0
129,65,0
1,66,0
131,66,0
1,67,0
133,67,0
1,68,0
135,68,0
1,69,0
137,69,0
1,70,0
139,70,0
1,71,0
141,71,0
1,72,0
143,72,0
1,73,0
145,73,0
1,74,0
147,74,0
1,75,0
149,75,0
1,76,0
151,76,0
1,77,0
153,77,0
1,78,0
155,78,0
1,79,0
157,79,0
1,80,0
159,80,0
1,81,0
161,81,0
1,82,0
163,82,0
1,83,0
165,83,0
1,84,0
167,84,0
1,85,0
169,85,0
1,86,0
171,86,0
1,87,0
173,87,0
1,88,0
175,88,0
1,89,0
177,89,0
1,90,0
179,90,0
1,91,0
181,91,0
1,92,0
183,92,0
1,93,0
185,93,0
1,94,0
187,94,0
1,95,0
189,95,0
1,96,0
191,96,0
1,97,0
193,97,0
1,98,0
195,98,0
1,99,0
197,99,0
1,100,0
199,100,0
1,101,0
201,101,0
1,102,0
203,102,0
1,103,0
205,103,0
1,104,0
207,104,0
1,105,0
209,105,0
1,106,0
211,106,0
1,107,0
213,107,0
1,108,0
215,108,0
1,109,0
217,109,0
1,110,0
219,110,0
1,111,0
221,111,0
1,112,0
223,112,0
1,113,0
225,113,0
1,114,0
227,114,0
1,115,0
229,115,0
1,116,0
231,116,0
1,117,0
233,117,0
1,118,0
235,118,0
1,119,0
233,119,0
1,120,0
229,120,0
1,121,0
227,121,0
1,122,0
227,122,0
1,123,0
221,123,0
1,124,0
213,124,0
1,125,0
213,125,0
1,126,0
213,126,0
1,127,0
209,127,0
1,128,0
209,128,0
1,129,0
207,129,0
1,130,0
205,130,0
1,131,0
203,131,0
1,132,0
193,132,0
1,133,0
193,133,0
1,134,0
191,134,0
1,135,0
189,135,0
1,136,0
189,136,0
1,137,0
187,137,0
1,138,0
185,138,0
1,139,0
185,139,0
1,140,0
185,140,0
1,141,0
185,141,0
1,142,0
185,142,0
1,143,0
185,143,0
1,144,0
175,144,0
1,145,0
175,145,0
1,146,0
175,146,0
1,147,0
173,147,0
1,148,0
173,148,0
1,149,0
173,149,0
1,150,0
171,150,0
1,151,0
169,151,0
1,152,0
163,152,0
1,153,0
163,153,0
1,154,0
163,154,0
1,155,0
163,155,0
1,156,0
163,156,0
1,157,0
163,157,0
1,158,0
159,158,0
1,159,0
157,159,0
1,160,0
155,160,0
1,161,0
153,161,0
1,162,0
147,162,0
1,163,0
147,163,0
1,164,0
145,164,0
1,165,0
145,165,0
1,166,0
143,166,0
1,167,0
137,167,0
1,168,0
137,168,0
1,169,0
135,169,0
1,170,0
135,170,0
1,171,0
135,171,0
1,172,0
135,172,0
1,173,0
135,173,0
1,174,0
135,174,0
1,175,0
135,175,0
1,176,0
135,176,0
1,177,0
131,177,0
1,178,0
131,178,0
1,179,0
131,179,0
1,180,0
131,180,0
1,181,0
131,181,0
1,182,0
131,182,0
1,183,0
131,183,0
1,184,0
129,184,0
1,185,0
129,185,0
1,186,0
125,186,0
1,187,0
125,187,0
1,188,0
125,188,0
1,189,0
123,189,0
1,190,0
121,190,0
1,191,0
121,191,0
1,192,0
119,192,0
1,193,0
119,193,0
1,194,0
117,194,0
1,195,0
115,195,0
1,196,0
115,196,0
1,197,0
115,197,0
1,198,0
115,198,0
1,199,0
113,199,0
1,200,0
111,200,0
1,201,0
111,201,0
1,202,0
111,202,0
1,203,0
111,203,0
1,204,0
111,204,0
1,205,0
111,205,0
1,206,0
111,206,0
1,207,0
111,207,0
1,208,0
109,208,0
1,209,0
109,209,0
1,210,0
109,210,0
1,211,0
109,211,0
1,212,0
109,212,0
1,213,0
107,213,0
1,214,0
105,214,0
1,215,0
105,215,0
1,216,0
105,216,0
1,217,0
101,217,0
1,218,0
101,218,0
1,219,0
99,219,0
1,220,0
99,220,0
1,221,0
99,221,0
1,222,0
99,222,0
1,223,0
89,223,0
1,224,0
89,224,0
1,225,0
89,225,0
1,226,0
89,226,0
1,227,0
89,227,0
1,228,0
89,228,0
1,229,0
89,229,0
1,230,0
89,230,0
1,231,0
89,231,0
1,232,0
89,232,0
1,233,0
83,233,0
1,234,0
83,234,0
1,235,0
83,235,0
1,236,0
83,236,0
1,237,0
83,237,0
1,238,0
83,238,0
1,239,0
81,239,0
1,240,0
81,240,0
1,241,0
81,241,0
1,242,0
81,242,0
1,243,0
79,243,0
1,244,0
79,244,0
1,245,0
79,245,0
1,246,0
79,246,0
1,247,0
79,247,0
1,248,0
79,248,0
1,249,0
79,249,0
1,250,0
79,250,0
1,251,0
79,251,0
1,252,0
79,252,0
1,253,0
79,253,0
1,254,0
79,254,0
1,255,0
79,255,0
1,256,0
79,256,0
1,257,0
77,257,0
1,258,0
77,258,0
1,259,0
77,259,0
1,260,0
77,260,0
1,261,0
75,261,0
1,262,0
75,262,0
1,263,0
75,263,0
1,264,0
75,264,0
1,265,0
73,265,0
1,266,0
71,266,0
1,267,0
71,267,0
1,268,0
71,268,0
1,269,0
71,269,0
1,270,0
71,270,0
1,271,0
71,271,0
1,272,0
69,272,0
1,273,0
69,273,0
1,274,0
69,274,0
1,275,0
69,275,0
1,276,0
69,276,0
1,277,0
69,277,0
1,278,0
69,278,0
1,279,0
69,279,0
1,280,0
69,280,0
1,281,0
69,281,0
1,282,0
69,282,0
1,283,0
69,283,0
1,284,0
69,284,0
1,285,0
69,285,0
1,286,0
69,286,0
1,287,0
69,287,0
1,288,0
67,288,0
1,289,0
67,289,0
1,290,0
67,290,0
1,291,0
67,291,0
1,292,0
67,292,0
1,293,0
67,293,0
1,294,0
67,294,0
1,295,0
67,295,0
1,296,0
67,296,0
1,297,0
65,297,0
1,298,0
65,298,0
1,299,0
65,299,0
1,300,0
65,300,0
1,301,0
63,301,0
1,302,0
63,302,0
1,303,0
63,303,0
1,304,0
63,304,0
1,305,0
63,305,0
1,306,0
63,306,0
1,307,0
63,307,0
1,308,0
63,308,0
1,309,0
63,309,0
1,310,0
63,310,0
1,311,0
63,311,0
1,312,0
63,312,0
1,313,0
63,313,0
1,314,0
63,314,0
1,315,0
61,315,0
1,316,0
61,316,0
1,317,0
61,317,0
1,318,0
61,318,0
1,319,0
61,319,0
1,320,0
61,320,0
1,321,0
61,321,0
1,322,0
61,322,0
1,323,0
61,323,0
1,324,0
61,324,0
1,325,0
59,325,0
1,326,0
59,326,0
1,327,0
57,327,0
1,328,0
57,328,0
1,329,0
57,329,0
1,330,0
57,330,0
1,331,0
55,331,0
1,332,0
55,332,0
1,333,0
55,333,0
1,334,0
53,334,0
1,335,0
53,335,0
1,336,0
53,336,0
1,337,0
53,337,0
1,338,0
53,338,0
1,339,0
53,339,0
1,340,0
53,340,0
1,341,0
49,341,0
1,342,0
49,342,0
1,343,0
49,343,0
1,344,0
49,344,0
1,345,0
49,345,0
1,346,0
49,346,0
1,347,0
47,347,0
1,348,0
47,348,0
1,349,0
47,349,0
1,350,0
47,350,0
1,351,0
47,351,0
1,352,0
47,352,0
1,353,0
47,353,0
1,354,0
47,354,0
1,355,0
47,355,0
1,356,0
47,356,0
1,357,0
47,357,0
1,358,0
47,358,0
1,359,0
47,359,0
1,360,0
45,360,0
1,361,0
45,361,0
1,362,0
45,362,0
1,363,0
45,363,0
1,364,0
45,364,0
1,365,0
45,365,0
1,366,0
43,366,0
1,367,0
43,367,0
1,368,0
43,368,0
1,369,0
43,369,0
1,370,0
43,370,0
1,371,0
43,371,0
1,372,0
43,372,0
1,373,0
41,373,0
1,374,0
41,374,0
1,375,0
41,375,0
1,376,0
41,376,0
1,377,0
41,377,0
1,378,0
41,378,0
1,379,0
41,379,0
1,380,0
41,380,0
1,381,0
41,381,0
1,382,0
41,382,0
1,383,0
41,383,0
1,384,0
41,384,0
1,385,0
41,385,0
1,386,0
41,386,0
1,387,0
41,387,0
1,388,0
39,388,0
1,389,0
39,389,0
1,390,0
39,390,0
1,391,0
39,391,0
1,392,0
39,392,0
1,393,0
39,393,0
1,394,0
39,394,0
1,395,0
39,395,0
1,396,0
39,396,0
1,397,0
39,397,0
1,398,0
39,398,0
1,399,0
39,399,0
1,400,0
39,400,0
1,401,0
39,401,0
1,402,0
39,402,0
1,403,0
39,403,0
1,404,0
39,404,0
1,405,0
37,405,0
1,406,0
35,406,0
1,407,0
35,407,0
1,408,0
35,408,0
1,409,0
35,409,0
1,410,0
35,410,0
1,411,0
35,411,0
1,412,0
33,412,0
1,413,0
33,413,0
1,414,0
33,414,0
1,415,0
33,415,0
1,416,0
33,416,0
1,417,0
33,417,0
1,418,0
33,418,0
1,419,0
33,419,0
1,420,0
33,420,0
1,421,0
33,421,0
1,422,0
33,422,0
1,423,0
33,423,0
1,424,0
33,424,0
1,425,0
33,425,0
1,426,0
33,426,0
1,427,0
33,427,0
1,428,0
33,428,0
1,429,0
33,429,0
1,430,0
33,430,0
1,431,0
33,431,0
1,432,0
31,432,0
1,433,0
31,433,0
1,434,0
31,434,0
1,435,0
31,435,0
1,436,0
31,436,0
1,437,0
31,437,0
1,438,0
31,438,0
1,439,0
31,439,0
1,440,0
31,440,0
1,441,0
31,441,0
1,442,0
31,442,0
1,443,0
31,443,0
1,444,0
31,444,0
1,445,0
31,445,0
1,446,0
31,446,0
1,447,0
31,447,0
1,448,0
31,448,0
1,449,0
31,449,0
1,450,0
31,450,0
1,451,0
31,451,0
1,452,0
31,452,0
1,453,0
31,453,0
1,454,0
31,454,0
1,455,0
31,455,0
1,456,0
29,456,0
1,457,0
29,457,0
1,458,0
29,458,0
1,459,0
29,459,0
1,460,0
27,460,0
1,461,0
27,461,0
1,462,0
27,462,0
1,463,0
27,463,0
1,464,0
27,464,0
1,465,0
27,465,0
1,466,0
27,466,0
1,467,0
27,467,0
1,468,0
27,468,0
1,469,0
27,469,0
1,470,0
27,470,0
1,471,0
27,471,0
1,472,0
27,472,0
1,473,0
27,473,0
1,474,0
27,474,0
1,475,0
27,475,0
1,476,0
27,476,0
1,477,0
27,477,0
1,478,0
27,478,0
1,479,0
27,479,0
1,480,0
25,480,0
1,481,0
25,481,0
1,482,0
25,482,0
1,483,0
25,483,0
1,484,0
25,484,0
1,485,0
25,485,0
1,486,0
25,486,0
1,487,0
25,487,0
1,488,0
25,488,0
1,489,0
25,489,0
1,490,0
25,490,0
1,491,0
25,491,0
1,492,0
23,492,0
1,493,0
23,493,0
1,494,0
23,494,0
1,495,0
23,495,0
1,496,0
23,496,0
1,497,0
23,497,0
1,498,0
23,498,0
1,499,0
23,499,0
1,500,0
23,500,0
1,501,0
23,501,0
1,502,0
23,502,0
1,503,0
23,503,0
1,504,0
23,504,0
1,505,0
23,505,0
1,506,0
23,506,0
1,507,0
23,507,0
1,508,0
23,508,0
1,509,0
23,509,0
1,510,0
23,510,0
1,511,0
23,511,0
1,512,0
23,512,0
1,513,0
23,513,0
1,514,0
23,514,0
1,515,0
21,515,0
1,516,0
21,516,0
1,517,0
21,517,0
1,518,0
21,518,0
1,519,0
21,519,0
1,520,0
21,520,0
1,521,0
21,521,0
1,522,0
21,522,0
1,523,0
21,523,0
1,524,0
21,524,0
1,525,0
21,525,0
1,526,0
21,526,0
1,527,0
21,527,0
1,528,0
21,528,0
1,529,0
21,529,0
1,530,0
21,530,0
1,531,0
21,531,0
1,532,0
21,532,0
1,533,0
21,533,0
1,534,0
21,534,0
1,535,0
21,535,0
1,536,0
21,536,0
1,537,0
21,537,0
1,538,0
21,538,0
1,539,0
21,539,0
1,540,0
19,540,0
1,541,0
17,541,0
1,542,0
17,542,0
1,543,0
17,543,0
1,544,0
17,544,0
1,545,0
17,545,0
1,546,0
17,546,0
1,547,0
17,547,0
1,548,0
15,548,0
1,549,0
15,549,0
1,550,0
15,550,0
1,551,0
15,551,0
1,552,0
15,552,0
1,553,0
15,553,0
1,554,0
15,554,0
1,555,0
15,555,0
1,556,0
15,556,0
1,557,0
15,557,0
1,558,0
15,558,0
1,559,0
15,559,0
1,560,0
15,560,0
1,561,0
13,561,0
1,562,0
13,562,0
1,563,0
13,563,0
1,564,0
13,564,0
1,565,0
13,565,0
1,566,0
13,566,0
1,567,0
13,567,0
1,568,0
13,568,0
1,569,0
13,569,0
1,570,0
13,570,0
1,571,0
13,571,0
1,572,0
13,572,0
1,573,0
13,573,0
1,574,0
13,574,0
1,575,0
13,575,0
1,576,0
13,576,0
1,577,0
13,577,0
1,578,0
13,578,0
1,579,0
13,579,0
1,580,0
13,580,0
1,581,0
13,581,0
1,582,0
13,582,0
1,583,0
13,583,0
1,584,0
13,584,0
1,585,0
13,585,0
1,586,0
13,586,0
1,587,0
11,587,0
1,588,0
11,588,0
1,589,0
11,589,0
1,590,0
11,590,0
1,591,0
11,591,0
1,592,0
11,592,0
1,593,0
11,593,0
1,594,0
11,594,0
1,595,0
11,595,0
1,596,0
11,596,0
1,597,0
11,597,0
1,598,0
11,598,0
1,599,0
11,599,0
1,600,0
11,600,0
1,601,0
9,601,0
1,602,0
9,602,0
1,603,0
9,603,0
1,604,0
9,604,0
1,605,0
9,605,0
1,606,0
9,606,0
1,607,0
9,607,0
1,608,0
9,608,0
1,609,0
9,609,0
1,610,0
7,610,0
1,611,0
7,611,0
1,612,0
7,612,0
1,613,0
7,613,0
1,614,0
7,614,0
1,615,0
7,615,0
1,616,0
7,616,0
1,617,0
7,617,0
1,618,0
7,618,0
1,619,0
7,619,0
1,620,0
7,620,0
1,621,0
7,621,0
1,622,0
7,622,0
1,623,0
7,623,0
1,624,0
7,624,0
1,625,0
7,625,0
1,626,0
7,626,0
1,627,0
7,627,0
1,628,0
7,628,0
1,629,0
7,629,0
1,630,0
7,630,0
1,631,0
7,631,0
1,632,0
7,632,0
1,633,0
7,633,0
1,634,0
7,634,0
1,635,0
7,635,0
1,636,0
7,636,0
1,637,0
7,637,0
1,638,0
7,638,0
1,639,0
7,639,0
1,640,0
7,640,0
1,641,0
7,641,0
1,642,0
7,642,0
1,643,0
7,643,0
1,644,0
7,644,0
1,645,0
7,645,0
1,646,0
7,646,0
1,647,0
7,647,0
1,648,0
7,648,0
1,649,0
7,649,0
1,650,0
7,650,0
1,651,0
7,651,0
1,652,0
5,652,0
1,653,0
5,653,0
1,654,0
5,654,0
1,655,0
5,655,0
1,656,0
5,656,0
1,657,0
5,657,0
1,658,0
5,658,0
1,659,0
5,659,0
1,660,0
5,660,0
1,661,0
5,661,0
1,662,0
5,662,0
1,663,0
5,663,0
1,664,0
5,664,0
1,665,0
5,665,0
1,666,0
5,666,0
1,667,0
5,667,0
1,668,0
5,668,0
1,669,0
5,669,0
1,670,0
5,670,0
1,671,0
5,671,0
1,672,0
5,672,0
1,673,0
5,673,0
1,674,0
5,674,0
1,675,0
5,675,0
1,676,0
5,676,0
1,677,0
5,677,0
1,678,0
5,678,0
1,679,0
5,679,0
1,680,0
5,680,0
1,681,0
5,681,0
1,682,0
5,682,0
1,683,0
5,683,0
1,684,0
5,684,0
1,685,0
5,685,0
1,686,0
5,686,0
1,687,0
5,687,0
1,688,0
5,688,0
1,689,0
3,689,0
1,690,0
3,690,0
1,691,0
3,691,0
1,692,0
3,692,0
1,693,0
3,693,0
1,694,0
3,694,0
1,695,0
3,695,0
1,696,0
3,696,0
1,697,0
3,697,0
1,698,0
3,698,0
1,699,0
3,699,0
1,700,0
3,700,0
1,701,0
3,701,0
1,702,0
3,702,0
1,703,0
3,703,0
1,704,0
3,704,0
1,705,0
3,705,0
1,706,0
3,706,0
1,707,0
3,707,0
1,708,0
3,708,0
1,709,0
3,709,0
1,710,0
3,710,0
1,711,0
3,711,0
1,712,0
3,712,0
1,713,0
3,713,0
1,714,0
3,714,0
1,715,0
3,715,0
1,716,0
3,716,0
1,717,0
3,717,0
1,718,0
3,718,0
1,719,0
3,719,0
1,720,0
3,720,0
1,721,0
3,721,0
1,722,0
1,722,0
1,723,0
1,723,0
1,724,0
1,724,0
1,725,0
1,725,0
1,726,0
1,726,0
1,727,0
1,727,0
1,728,0
1,728,0
1,729,0
1,729,0
1,730,0
1,730,0
1,731,0
1,731,0
1,732,0
1,732,0
1,733,0
1,733,0
1,734,0
1,734,0
1,735,0
1,735,0
1,736,0
1,736,0
1,737,0
1,737,0
1,738,0
1,738,0
1,739,0
1,739,0
1,740,0
1,740,0
1,741,0
1,741,0
1,742,0
1,742,0
1,743,0
1,743,0
1,744,0
1,744,0
1,745,0
1,745,0
1,746,0
1,746,0
1,747,0
1,747,0
1,748,0
1,748,0
1,749,0
1,749,0
1,750,0
1,750,0
1,751,0
1,751,0
1,752,0
1,752,0
1,753,0
1,753,0
1,754,0
1,754,0
1,755,0
1,755,0
1,756,0
1,756,0
1,757,0
1,757,0
1,758,0
1,758,0
1,759,0
1,759,0
1,760,0
1,760,0
1,761,0
1,761,0
1,762,0
1,762,0
1,763,0
1,763,0
1,764,0
1,764,0
1,765,0
1,765,0
1,766,0
1,766,0
1,767,0
1,767,0
1,768,0
1,768,0
1,769,0
1,769,0
1,770,0
1,770,0
1,771,0
1,771,0
1,772,0
1,772,0
1,773,0
1,773,0
1,774,0
1,774,0
1,775,0
1,775,0
1,776,0
1,776,0
1,777,0
1,777,0
1,778,0
1,778,0
1,779,0
1,779,0
1,780,0
1,780,0
1,781,0
1,781,0
1,782,0
1,782,0
1,783,0
1,783,0
1,784,0
1,784,0
