1,2,0
1,2,0
1,3,0
2,3,0
1,4,0
3,4,0
1,5,0
4,5,0
1,6,0
5,6,0
1,7,0
6,7,0
1,8,0
7,8,0
1,9,0
8,9,0
1,10,0
9,10,0
1,11,0
10,11,0
1,12,0
11,12,0
1,13,0
12,13,0
1,14,0
13,14,0
1,15,0
14,15,0
1,16,0
15,16,0
1,17,0
16,17,0
1,18,0
17,18,0
1,19,0
18,19,0
1,20,0
19,20,0
1,21,0
20,21,0
1,22,0
21,22,0
1,23,0
22,23,0
1,24,0
23,24,0
1,25,0
24,25,0
1,26,0
25,26,0
1,27,0
26,27,0
1,28,0
27,28,0
1,29,0
28,29,0
1,30,0
29,30,0
1,31,0
30,31,0
1,32,0
31,32,0
1,33,0
32,33,0
1,34,0
33,34,0
1,35,0
34,35,0
1,36,0
35,36,0
1,37,0
36,37,0
1,38,0
37,38,0
1,39,0
38,39,0
1,40,0
39,40,0
1,41,0
40,41,0
1,42,0
41,42,0
1,43,0
42,43,0
1,44,0
43,44,0
1,45,0
44,45,0
1,46,0
45,46,0
1,47,0
46,47,0
1,48,0
47,48,0
1,49,0
48,49,0
1,50,0
49,50,0
1,51,0
50,51,0
1,52,0
51,52,0
1,53,0
52,53,0
1,54,0
53,54,0
1,55,0
54,55,0
1,56,0
55,56,0
1,57,0
56,57,0
1,58,0
57,58,0
1,59,0
58,59,0
1,60,0
59,60,0
1,61,0
60,61,0
1,62,0
61,62,0
1,63,0
62,63,0
1,64,0
63,64,0
1,65,0
64,65,0
1,66,0
65,66,0
1,67,0
66,67,0
1,68,0
67,68,0
1,69,0
68,69,0
1,70,0
69,70,0
1,71,0
70,71,0
1,72,0
71,72,0
1,73,0
72,73,0
1,74,0
73,74,0
1,75,0
74,75,0
1,76,0
75,76,0
1,77,0
76,77,0
1,78,0
77,78,0
1,79,0
78,79,0
1,80,0
79,80,0
1,81,0
80,81,0
1,82,0
81,82,0
1,83,0
82,83,0
1,84,0
83,84,0
1,85,0
84,85,0
1,86,0
85,86,0
1,87,0
86,87,0
1,88,0
87,88,0
1,89,0
88,89,0
1,90,0
89,90,0
1,91,0
90,91,0
1,92,0
91,92,0
1,93,0
92,93,0
1,94,0
93,94,0
1,95,0
94,95,0
1,96,0
95,96,0
1,97,0
96,97,0
1,98,0
97,98,0
1,99,0
98,99,0
1,100,0
99,100,0
1,101,0
100,101,0
1,102,0
101,102,0
1,103,0
102,103,0
1,104,0
103,104,0
1,105,0
104,105,0
1,106,0
105,106,0
1,107,0
106,107,0
1,108,0
107,108,0
1,109,0
108,109,0
1,110,0
109,110,0
1,111,0
110,111,0
1,112,0
111,112,0
1,113,0
112,113,0
1,114,0
113,114,0
1,115,0
114,115,0
1,116,0
115,116,0
1,117,0
116,117,0
1,118,0
117,118,0
1,119,0
116,119,0
1,120,0
114,120,0
1,121,0
113,121,0
1,122,0
113,122,0
1,123,0
110,123,0
1,124,0
106,124,0
1,125,0
106,125,0
1,126,0
106,126,0
1,127,0
104,127,0
1,128,0
104,128,0
1,129,0
103,129,0
1,130,0
102,130,0
1,131,0
101,131,0
1,132,0
96,132,0
1,133,0
96,133,0
1,134,0
95,134,0
1,135,0
94,135,0
1,136,0
94,136,0
1,137,0
93,137,0
1,138,0
92,138,0
1,139,0
92,139,0
1,140,0
92,140,0
1,141,0
92,141,0
1,142,0
92,142,0
1,143,0
92,143,0
1,144,0
87,144,0
1,145,0
87,145,0
1,146,0
87,146,0
1,147,0
86,147,0
1,148,0
86,148,0
1,149,0
86,149,0
1,150,0
85,150,0
1,151,0
84,151,0
1,152,0
81,152,0
1,153,0
81,153,0
1,154,0
81,154,0
1,155,0
81,155,0
1,156,0
81,156,0
1,157,0
81,157,0
1,158,0
79,158,0
1,159,0
78,159,0
1,160,0
77,160,0
1,161,0
76,161,0
1,162,0
73,162,0
1,163,0
73,163,0
1,164,0
72,164,0
1,165,0
72,165,0
1,166,0
71,166,0
1,167,0
68,167,0
1,168,0
68,168,0
1,169,0
67,169,0
1,170,0
67,170,0
1,171,0
67,171,0
1,172,0
67,172,0
1,173,0
67,173,0
1,174,0
67,174,0
1,175,0
67,175,0
1,176,0
67,176,0
1,177,0
65,177,0
1,178,0
65,178,0
1,179,0
65,179,0
1,180,0
65,180,0
1,181,0
65,181,0
1,182,0
65,182,0
1,183,0
65,183,0
1,184,0
64,184,0
1,185,0
64,185,0
1,186,0
62,186,0
1,187,0
62,187,0
1,188,0
62,188,0
1,189,0
61,189,0
1,190,0
60,190,0
1,191,0
60,191,0
1,192,0
59,192,0
1,193,0
59,193,0
1,194,0
58,194,0
1,195,0
57,195,0
1,196,0
57,196,0
1,197,0
57,197,0
1,198,0
57,198,0
1,199,0
56,199,0
1,200,0
55,200,0
1,201,0
55,201,0
1,202,0
55,202,0
1,203,0
55,203,0
1,204,0
55,204,0
1,205,0
55,205,0
1,206,0
55,206,0
1,207,0
55,207,0
1,208,0
54,208,0
1,209,0
54,209,0
1,210,0
54,210,0
1,211,0
54,211,0
1,212,0
54,212,0
1,213,0
53,213,0
1,214,0
52,214,0
1,215,0
52,215,0
1,216,0
52,216,0
1,217,0
50,217,0
1,218,0
50,218,0
1,219,0
49,219,0
1,220,0
49,220,0
1,221,0
49,221,0
1,222,0
49,222,0
1,223,0
44,223,0
1,224,0
44,224,0
1,225,0
44,225,0
1,226,0
44,226,0
1,227,0
44,227,0
1,228,0
44,228,0
1,229,0
44,229,0
1,230,0
44,230,0
1,231,0
44,231,0
1,232,0
44,232,0
1,233,0
41,233,0
1,234,0
41,234,0
1,235,0
41,235,0
1,236,0
41,236,0
1,237,0
41,237,0
1,238,0
41,238,0
1,239,0
40,239,0
1,240,0
40,240,0
1,241,0
40,241,0
1,242,0
40,242,0
1,243,0
39,243,0
1,244,0
39,244,0
1,245,0
39,245,0
1,246,0
39,246,0
1,247,0
39,247,0
1,248,0
39,248,0
1,249,0
39,249,0
1,250,0
39,250,0
1,251,0
39,251,0
1,252,0
39,252,0
1,253,0
39,253,0
1,254,0
39,254,0
1,255,0
39,255,0
1,256,0
39,256,0
1,257,0
38,257,0
1,258,0
38,258,0
1,259,0
38,259,0
1,260,0
38,260,0
1,261,0
37,261,0
1,262,0
37,262,0
1,263,0
37,263,0
1,264,0
37,264,0
1,265,0
36,265,0
1,266,0
35,266,0
1,267,0
35,267,0
1,268,0
35,268,0
1,269,0
35,269,0
1,270,0
35,270,0
1,271,0
35,271,0
1,272,0
34,272,0
1,273,0
34,273,0
1,274,0
34,274,0
1,275,0
34,275,0
1,276,0
34,276,0
1,277,0
34,277,0
1,278,0
34,278,0
1,279,0
34,279,0
1,280,0
34,280,0
1,281,0
34,281,0
1,282,0
34,282,0
1,283,0
34,283,0
1,284,0
34,284,0
1,285,0
34,285,0
1,286,0
34,286,0
1,287,0
34,287,0
1,288,0
33,288,0
1,289,0
33,289,0
1,290,0
33,290,0
1,291,0
33,291,0
1,292,0
33,292,0
1,293,0
33,293,0
1,294,0
33,294,0
1,295,0
33,295,0
1,296,0
33,296,0
1,297,0
32,297,0
1,298,0
32,298,0
1,299,0
32,299,0
1,300,0
32,300,0
1,301,0
31,301,0
1,302,0
31,302,0
1,303,0
31,303,0
1,304,0
31,304,0
1,305,0
31,305,0
1,306,0
31,306,0
1,307,0
31,307,0
1,308,0
31,308,0
1,309,0
31,309,0
1,310,0
31,310,0
1,311,0
31,311,0
1,312,0
31,312,0
1,313,0
31,313,0
1,314,0
31,314,0
1,315,0
30,315,0
1,316,0
30,316,0
1,317,0
30,317,0
1,318,0
30,318,0
1,319,0
30,319,0
1,320,0
30,320,0
1,321,0
30,321,0
1,322,0
30,322,0
1,323,0
30,323,0
1,324,0
30,324,0
1,325,0
29,325,0
1,326,0
29,326,0
1,327,0
28,327,0
1,328,0
28,328,0
1,329,0
28,329,0
1,330,0
28,330,0
1,331,0
27,331,0
1,332,0
27,332,0
1,333,0
27,333,0
1,334,0
26,334,0
1,335,0
26,335,0
1,336,0
26,336,0
1,337,0
26,337,0
1,338,0
26,338,0
1,339,0
26,339,0
1,340,0
26,340,0
1,341,0
24,341,0
1,342,0
24,342,0
1,343,0
24,343,0
1,344,0
24,344,0
1,345,0
24,345,0
1,346,0
24,346,0
1,347,0
23,347,0
1,348,0
23,348,0
1,349,0
23,349,0
1,350,0
23,350,0
1,351,0
23,351,0
1,352,0
23,352,0
1,353,0
23,353,0
1,354,0
23,354,0
1,355,0
23,355,0
1,356,0
23,356,0
1,357,0
23,357,0
1,358,0
23,358,0
1,359,0
23,359,0
1,360,0
22,360,0
1,361,0
22,361,0
1,362,0
22,362,0
1,363,0
22,363,0
1,364,0
22,364,0
1,365,0
22,365,0
1,366,0
21,366,0
1,367,0
21,367,0
1,368,0
21,368,0
1,369,0
21,369,0
1,370,0
21,370,0
1,371,0
21,371,0
1,372,0
21,372,0
1,373,0
20,373,0
1,374,0
20,374,0
1,375,0
20,375,0
1,376,0
20,376,0
1,377,0
20,377,0
1,378,0
20,378,0
1,379,0
20,379,0
1,380,0
20,380,0
1,381,0
20,381,0
1,382,0
20,382,0
1,383,0
20,383,0
1,384,0
20,384,0
1,385,0
20,385,0
1,386,0
20,386,0
1,387,0
20,387,0
1,388,0
19,388,0
1,389,0
19,389,0
1,390,0
19,390,0
1,391,0
19,391,0
1,392,0
19,392,0
1,393,0
19,393,0
1,394,0
19,394,0
1,395,0
19,395,0
1,396,0
19,396,0
1,397,0
19,397,0
1,398,0
19,398,0
1,399,0
19,399,0
1,400,0
19,400,0
1,401,0
19,401,0
1,402,0
19,402,0
1,403,0
19,403,0
1,404,0
19,404,0
1,405,0
18,405,0
1,406,0
17,406,0
1,407,0
17,407,0
1,408,0
17,408,0
1,409,0
17,409,0
1,410,0
17,410,0
1,411,0
17,411,0
1,412,0
16,412,0
1,413,0
16,413,0
1,414,0
16,414,0
1,415,0
16,415,0
1,416,0
16,416,0
1,417,0
16,417,0
1,418,0
16,418,0
1,419,0
16,419,0
1,420,0
16,420,0
1,421,0
16,421,0
1,422,0
16,422,0
1,423,0
16,423,0
1,424,0
16,424,0
1,425,0
16,425,0
1,426,0
16,426,0
1,427,0
16,427,0
1,428,0
16,428,0
1,429,0
16,429,0
1,430,0
16,430,0
1,431,0
16,431,0
1,432,0
15,432,0
1,433,0
15,433,0
1,434,0
15,434,0
1,435,0
15,435,0
1,436,0
15,436,0
1,437,0
15,437,0
1,438,0
15,438,0
1,439,0
15,439,0
1,440,0
15,440,0
1,441,0
15,441,0
1,442,0
15,442,0
1,443,0
15,443,0
1,444,0
15,444,0
1,445,0
15,445,0
1,446,0
15,446,0
1,447,0
15,447,0
1,448,0
15,448,0
1,449,0
15,449,0
1,450,0
15,450,0
1,451,0
15,451,0
1,452,0
15,452,0
1,453,0
15,453,0
1,454,0
15,454,0
1,455,0
15,455,0
1,456,0
14,456,0
1,457,0
14,457,0
1,458,0
14,458,0
1,459,0
14,459,0
1,460,0
13,460,0
1,461,0
13,461,0
1,462,0
13,462,0
1,463,0
13,463,0
1,464,0
13,464,0
1,465,0
13,465,0
1,466,0
13,466,0
1,467,0
13,467,0
1,468,0
13,468,0
1,469,0
13,469,0
1,470,0
13,470,0
1,471,0
13,471,0
1,472,0
13,472,0
1,473,0
13,473,0
1,474,0
13,474,0
1,475,0
13,475,0
1,476,0
13,476,0
1,477,0
13,477,0
1,478,0
13,478,0
1,479,0
13,479,0
1,480,0
12,480,0
1,481,0
12,481,0
1,482,0
12,482,0
1,483,0
12,483,0
1,484,0
12,484,0
1,485,0
12,485,0
1,486,0
12,486,0
1,487,0
12,487,0
1,488,0
12,488,0
1,489,0
12,489,0
1,490,0
12,490,0
1,491,0
12,491,0
1,492,0
11,492,0
1,493,0
11,493,0
1,494,0
11,494,0
1,495,0
11,495,0
1,496,0
11,496,0
1,497,0
11,497,0
1,498,0
11,498,0
1,499,0
11,499,0
1,500,0
11,500,0
1,501,0
11,501,0
1,502,0
11,502,0
1,503,0
11,503,0
1,504,0
11,504,0
1,505,0
11,505,0
1,506,0
11,506,0
1,507,0
11,507,0
1,508,0
11,508,0
1,509,0
11,509,0
1,510,0
11,510,0
1,511,0
11,511,0
1,512,0
11,512,0
1,513,0
11,513,0
1,514,0
11,514,0
1,515,0
10,515,0
1,516,0
10,516,0
1,517,0
10,517,0
1,518,0
10,518,0
1,519,0
10,519,0
1,520,0
10,520,0
1,521,0
10,521,0
1,522,0
10,522,0
1,523,0
10,523,0
1,524,0
10,524,0
1,525,0
10,525,0
1,526,0
10,526,0
1,527,0
10,527,0
1,528,0
10,528,0
1,529,0
10,529,0
1,530,0
10,530,0
1,531,0
10,531,0
1,532,0
10,532,0
1,533,0
10,533,0
1,534,0
10,534,0
1,535,0
10,535,0
1,536,0
10,536,0
1,537,0
10,537,0
1,538,0
10,538,0
1,539,0
10,539,0
1,540,0
9,540,0
1,541,0
8,541,0
1,542,0
8,542,0
1,543,0
8,543,0
1,544,0
8,544,0
1,545,0
8,545,0
1,546,0
8,546,0
1,547,0
8,547,0
1,548,0
7,548,0
1,549,0
7,549,0
1,550,0
7,550,0
1,551,0
7,551,0
1,552,0
7,552,0
1,553,0
7,553,0
1,554,0
7,554,0
1,555,0
7,555,0
1,556,0
7,556,0
1,557,0
7,557,0
1,558,0
7,558,0
1,559,0
7,559,0
1,560,0
7,560,0
1,561,0
6,561,0
1,562,0
6,562,0
1,563,0
6,563,0
1,564,0
6,564,0
1,565,0
6,565,0
1,566,0
6,566,0
1,567,0
6,567,0
1,568,0
6,568,0
1,569,0
6,569,0
1,570,0
6,570,0
1,571,0
6,571,0
1,572,0
6,572,0
1,573,0
6,573,0
1,574,0
6,574,0
1,575,0
6,575,0
1,576,0
6,576,0
1,577,0
6,577,0
1,578,0
6,578,0
1,579,0
6,579,0
1,580,0
6,580,0
1,581,0
6,581,0
1,582,0
6,582,0
1,583,0
6,583,0
1,584,0
6,584,0
1,585,0
6,585,0
1,586,0
6,586,0
1,587,0
5,587,0
1,588,0
5,588,0
1,589,0
5,589,0
1,590,0
5,590,0
1,591,0
5,591,0
1,592,0
5,592,0
1,593,0
5,593,0
1,594,0
5,594,0
1,595,0
5,595,0
1,596,0
5,596,0
1,597,0
5,597,0
1,598,0
5,598,0
1,599,0
5,599,0
1,600,0
5,600,0
1,601,0
4,601,0
1,602,0
4,602,0
1,603,0
4,603,0
1,604,0
4,604,0
1,605,0
4,605,0
1,606,0
4,606,0
1,607,0
4,607,0
1,608,0
4,608,0
1,609,0
4,609,0
1,610,0
3,610,0
1,611,0
3,611,0
1,612,0
3,612,0
1,613,0
3,613,0
1,614,0
3,614,0
1,615,0
3,615,0
1,616,0
3,616,0
1,617,0
3,617,0
1,618,0
3,618,0
1,619,0
3,619,0
1,620,0
3,620,0
1,621,0
3,621,0
1,622,0
3,622,0
1,623,0
3,623,0
1,624,0
3,624,0
1,625,0
3,625,0
1,626,0
3,626,0
1,627,0
3,627,0
1,628,0
3,628,0
1,629,0
3,629,0
1,630,0
3,630,0
1,631,0
3,631,0
1,632,0
3,632,0
1,633,0
3,633,0
1,634,0
3,634,0
1,635,0
3,635,0
1,636,0
3,636,0
1,637,0
3,637,0
1,638,0
3,638,0
1,639,0
3,639,0
1,640,0
3,640,0
1,641,0
3,641,0
1,642,0
3,642,0
1,643,0
3,643,0
1,644,0
3,644,0
1,645,0
3,645,0
1,646,0
3,646,0
1,647,0
3,647,0
1,648,0
3,648,0
1,649,0
3,649,0
1,650,0
3,650,0
1,651,0
3,651,0
1,652,0
2,652,0
1,653,0
2,653,0
1,654,0
2,654,0
1,655,0
2,655,0
1,656,0
2,656,0
1,657,0
2,657,0
1,658,0
2,658,0
1,659,0
2,659,0
1,660,0
2,660,0
1,661,0
2,661,0
1,662,0
2,662,0
1,663,0
2,663,0
1,664,0
2,664,0
1,665,0
2,665,0
1,666,0
2,666,0
1,667,0
2,667,0
1,668,0
2,668,0
1,669,0
2,669,0
1,670,0
2,670,0
1,671,0
2,671,0
1,672,0
2,672,0
1,673,0
2,673,0
1,674,0
2,674,0
1,675,0
2,675,0
1,676,0
2,676,0
1,677,0
2,677,0
1,678,0
2,678,0
1,679,0
2,679,0
1,680,0
2,680,0
1,681,0
2,681,0
1,682,0
2,682,0
1,683,0
2,683,0
1,684,0
2,684,0
1,685,0
2,685,0
1,686,0
2,686,0
1,687,0
2,687,0
1,688,0
2,688,0
1,689,0
1,689,0
1,690,0
1,690,0
1,691,0
1,691,0
1,692,0
1,692,0
1,693,0
1,693,0
1,694,0
1,694,0
1,695,0
1,695,0
1,696,0
1,696,0
1,697,0
1,697,0
1,698,0
1,698,0
1,699,0
1,699,0
1,700,0
1,700,0
1,701,0
1,701,0
1,702,0
1,702,0
1,703,0
1,703,0
1,704,0
1,704,0
1,705,0
1,705,0
1,706,0
1,706,0
1,707,0
1,707,0
1,708,0
1,708,0
1,709,0
1,709,0
1,710,0
1,710,0
1,711,0
1,711,0
1,712,0
1,712,0
1,713,0
1,713,0
1,714,0
1,714,0
1,715,0
1,715,0
1,716,0
1,716,0
1,717,0
1,717,0
1,718,0
1,718,0
1,719,0
1,719,0
1,720,0
1,720,0
1,721,0
1,721,0
