1,1,0
1,1,0
1,2,0
3,2,0
1,3,0
5,3,0
1,4,0
7,4,0
1,5,0
9,5,0
1,6,0
11,6,0
1,7,0
13,7,0
1,8,0
15,8,0
1,9,0
17,9,0
1,10,0
19,10,0
1,11,0
21,11,0
1,12,0
23,12,0
1,13,0
25,13,0
1,14,0
27,14,0
1,15,0
29,15,0
1,16,0
31,16,0
1,17,0
33,17,0
1,18,0
35,18,0
1,19,0
37,19,0
1,20,0
39,20,0
1,21,0
41,21,0
1,22,0
43,22,0
1,23,0
45,23,0
1,24,0
47,24,0
1,25,0
49,25,0
1,26,0
51,26,0
1,27,0
53,27,0
1,28,0
55,28,0
1,29,0
57,29,0
1,30,0
59,30,0
1,31,0
61,31,0
1,32,0
63,32,0
1,33,0
65,33,0
1,34,0
67,34,0
1,35,0
69,35,0
1,36,0
71,36,0
1,37,0
73,37,0
1,38,0
75,38,0
1,39,0
77,39,0
1,40,0
79,40,0
1,41,0
81,41,0
1,42,0
83,42,0
1,43,0
85,43,0
1,44,0
87,44,0
1,45,0
89,45,0
1,46,0
91,46,0
1,47,0
93,47,0
1,48,0
95,48,0
1,49,0
97,49,0
1,50,0
99,50,0
1,51,0
101,51,0
1,52,0
103,52,0
1,53,0
105,53,0
1,54,0
107,54,0
1,55,0
109,55,0
1,56,0
111,56,0
1,57,0
113,57,0
1,58,0
115,58,0
1,59,0
117,59,0
1,60,0
119,60,0
1,61,0
121,61,0
1,62,0
123,62,0
1,63,0
125,63,0
1,64,0
127,64,0
1,65,0
129,65,0
1,66,0
131,66,0
1,67,0
133,67,0
1,68,0
135,68,0
1,69,0
137,69,0
1,70,0
139,70,0
1,71,0
141,71,0
1,72,0
143,72,0
1,73,0
145,73,0
1,74,0
147,74,0
1,75,0
149,75,0
1,76,0
151,76,0
1,77,0
153,77,0
1,78,0
155,78,0
1,79,0
157,79,0
1,80,0
159,80,0
1,81,0
161,81,0
1,82,0
163,82,0
1,83,0
165,83,0
1,84,0
167,84,0
1,85,0
169,85,0
1,86,0
171,86,0
1,87,0
173,87,0
1,88,0
175,88,0
1,89,0
177,89,0
1,90,0
179,90,0
1,91,0
181,91,0
1,92,0
183,92,0
1,93,0
185,93,0
1,94,0
187,94,0
1,95,0
189,95,0
1,96,0
191,96,0
1,97,0
193,97,0
1,98,0
195,98,0
1,99,0
197,99,0
1,100,0
199,100,0
1,101,0
201,101,0
1,102,0
203,102,0
1,103,0
205,103,0
1,104,0
207,104,0
1,105,0
209,105,0
1,106,0
211,106,0
1,107,0
213,107,0
1,108,0
215,108,0
1,109,0
217,109,0
1,110,0
219,110,0
1,111,0
221,111,0
1,112,0
223,112,0
1,113,0
225,113,0
1,114,0
227,114,0
1,115,0
229,115,0
1,116,0
231,116,0
1,117,0
233,117,0
1,118,0
235,118,0
1,119,0
237,119,0
1,120,0
239,120,0
1,121,0
241,121,0
1,122,0
239,122,0
1,123,0
233,123,0
1,124,0
231,124,0
1,125,0
229,125,0
1,126,0
229,126,0
1,127,0
229,127,0
1,128,0
229,128,0
1,129,0
227,129,0
1,130,0
227,130,0
1,131,0
225,131,0
1,132,0
225,132,0
1,133,0
225,133,0
1,134,0
223,134,0
1,135,0
223,135,0
1,136,0
219,136,0
1,137,0
219,137,0
1,138,0
219,138,0
1,139,0
215,139,0
1,140,0
215,140,0
1,141,0
215,141,0
1,142,0
209,142,0
1,143,0
209,143,0
1,144,0
209,144,0
1,145,0
205,145,0
1,146,0
205,146,0
1,147,0
201,147,0
1,148,0
199,148,0
1,149,0
197,149,0
1,150,0
197,150,0
1,151,0
197,151,0
1,152,0
197,152,0
1,153,0
197,153,0
1,154,0
193,154,0
1,155,0
191,155,0
1,156,0
189,156,0
1,157,0
189,157,0
1,158,0
187,158,0
1,159,0
183,159,0
1,160,0
183,160,0
1,161,0
183,161,0
1,162,0
179,162,0
1,163,0
179,163,0
1,164,0
177,164,0
1,165,0
177,165,0
1,166,0
177,166,0
1,167,0
175,167,0
1,168,0
175,168,0
1,169,0
175,169,0
1,170,0
175,170,0
1,171,0
173,171,0
1,172,0
171,172,0
1,173,0
169,173,0
1,174,0
169,174,0
1,175,0
167,175,0
1,176,0
167,176,0
1,177,0
165,177,0
1,178,0
165,178,0
1,179,0
165,179,0
1,180,0
165,180,0
1,181,0
165,181,0
1,182,0
161,182,0
1,183,0
161,183,0
1,184,0
159,184,0
1,185,0
159,185,0
1,186,0
159,186,0
1,187,0
153,187,0
1,188,0
153,188,0
1,189,0
147,189,0
1,190,0
147,190,0
1,191,0
147,191,0
1,192,0
147,192,0
1,193,0
147,193,0
1,194,0
147,194,0
1,195,0
147,195,0
1,196,0
147,196,0
1,197,0
147,197,0
1,198,0
145,198,0
1,199,0
145,199,0
1,200,0
143,200,0
1,201,0
143,201,0
1,202,0
143,202,0
1,203,0
143,203,0
1,204,0
143,204,0
1,205,0
137,205,0
1,206,0
135,206,0
1,207,0
131,207,0
1,208,0
131,208,0
1,209,0
129,209,0
1,210,0
129,210,0
1,211,0
127,211,0
1,212,0
127,212,0
1,213,0
127,213,0
1,214,0
127,214,0
1,215,0
127,215,0
1,216,0
127,216,0
1,217,0
125,217,0
1,218,0
123,218,0
1,219,0
121,219,0
1,220,0
119,220,0
1,221,0
119,221,0
1,222,0
119,222,0
1,223,0
119,223,0
1,224,0
119,224,0
1,225,0
119,225,0
1,226,0
119,226,0
1,227,0
119,227,0
1,228,0
119,228,0
1,229,0
119,229,0
1,230,0
119,230,0
1,231,0
119,231,0
1,232,0
117,232,0
1,233,0
115,233,0
1,234,0
115,234,0
1,235,0
115,235,0
1,236,0
115,236,0
1,237,0
113,237,0
1,238,0
113,238,0
1,239,0
113,239,0
1,240,0
111,240,0
1,241,0
111,241,0
1,242,0
111,242,0
1,243,0
109,243,0
1,244,0
109,244,0
1,245,0
107,245,0
1,246,0
107,246,0
1,247,0
107,247,0
1,248,0
107,248,0
1,249,0
103,249,0
1,250,0
103,250,0
1,251,0
103,251,0
1,252,0
103,252,0
1,253,0
101,253,0
1,254,0
101,254,0
1,255,0
101,255,0
1,256,0
101,256,0
1,257,0
101,257,0
1,258,0
101,258,0
1,259,0
97,259,0
1,260,0
97,260,0
1,261,0
97,261,0
1,262,0
95,262,0
1,263,0
95,263,0
1,264,0
95,264,0
1,265,0
95,265,0
1,266,0
93,266,0
1,267,0
93,267,0
1,268,0
93,268,0
1,269,0
93,269,0
1,270,0
93,270,0
1,271,0
93,271,0
1,272,0
91,272,0
1,273,0
91,273,0
1,274,0
91,274,0
1,275,0
89,275,0
1,276,0
89,276,0
1,277,0
85,277,0
1,278,0
85,278,0
1,279,0
83,279,0
1,280,0
83,280,0
1,281,0
83,281,0
1,282,0
81,282,0
1,283,0
75,283,0
1,284,0
75,284,0
1,285,0
75,285,0
1,286,0
75,286,0
1,287,0
75,287,0
1,288,0
75,288,0
1,289,0
75,289,0
1,290,0
75,290,0
1,291,0
75,291,0
1,292,0
75,292,0
1,293,0
75,293,0
1,294,0
75,294,0
1,295,0
75,295,0
1,296,0
75,296,0
1,297,0
75,297,0
1,298,0
75,298,0
1,299,0
75,299,0
1,300,0
75,300,0
1,301,0
75,301,0
1,302,0
73,302,0
1,303,0
73,303,0
1,304,0
71,304,0
1,305,0
69,305,0
1,306,0
69,306,0
1,307,0
69,307,0
1,308,0
69,308,0
1,309,0
69,309,0
1,310,0
69,310,0
1,311,0
69,311,0
1,312,0
69,312,0
1,313,0
67,313,0
1,314,0
67,314,0
1,315,0
67,315,0
1,316,0
67,316,0
1,317,0
67,317,0
1,318,0
67,318,0
1,319,0
67,319,0
1,320,0
67,320,0
1,321,0
67,321,0
1,322,0
67,322,0
1,323,0
63,323,0
1,324,0
63,324,0
1,325,0
63,325,0
1,326,0
63,326,0
1,327,0
63,327,0
1,328,0
63,328,0
1,329,0
61,329,0
1,330,0
59,330,0
1,331,0
59,331,0
1,332,0
59,332,0
1,333,0
59,333,0
1,334,0
57,334,0
1,335,0
57,335,0
1,336,0
57,336,0
1,337,0
55,337,0
1,338,0
55,338,0
1,339,0
55,339,0
1,340,0
55,340,0
1,341,0
55,341,0
1,342,0
55,342,0
1,343,0
55,343,0
1,344,0
53,344,0
1,345,0
53,345,0
1,346,0
53,346,0
1,347,0
53,347,0
1,348,0
53,348,0
1,349,0
53,349,0
1,350,0
53,350,0
1,351,0
53,351,0
1,352,0
51,352,0
1,353,0
51,353,0
1,354,0
51,354,0
1,355,0
51,355,0
1,356,0
51,356,0
1,357,0
51,357,0
1,358,0
51,358,0
1,359,0
51,359,0
1,360,0
49,360,0
1,361,0
49,361,0
1,362,0
49,362,0
1,363,0
49,363,0
1,364,0
49,364,0
1,365,0
47,365,0
1,366,0
47,366,0
1,367,0
47,367,0
1,368,0
47,368,0
1,369,0
47,369,0
1,370,0
47,370,0
1,371,0
47,371,0
1,372,0
47,372,0
1,373,0
47,373,0
1,374,0
47,374,0
1,375,0
47,375,0
1,376,0
47,376,0
1,377,0
47,377,0
1,378,0
47,378,0
1,379,0
47,379,0
1,380,0
45,380,0
1,381,0
45,381,0
1,382,0
45,382,0
1,383,0
45,383,0
1,384,0
45,384,0
1,385,0
45,385,0
1,386,0
45,386,0
1,387,0
43,387,0
1,388,0
41,388,0
1,389,0
41,389,0
1,390,0
41,390,0
1,391,0
41,391,0
1,392,0
41,392,0
1,393,0
41,393,0
1,394,0
41,394,0
1,395,0
41,395,0
1,396,0
41,396,0
1,397,0
39,397,0
1,398,0
39,398,0
1,399,0
39,399,0
1,400,0
39,400,0
1,401,0
39,401,0
1,402,0
39,402,0
1,403,0
39,403,0
1,404,0
39,404,0
1,405,0
39,405,0
1,406,0
39,406,0
1,407,0
39,407,0
1,408,0
39,408,0
1,409,0
39,409,0
1,410,0
39,410,0
1,411,0
39,411,0
1,412,0
39,412,0
1,413,0
39,413,0
1,414,0
35,414,0
1,415,0
31,415,0
1,416,0
31,416,0
1,417,0
29,417,0
1,418,0
29,418,0
1,419,0
29,419,0
1,420,0
27,420,0
1,421,0
27,421,0
1,422,0
27,422,0
1,423,0
25,423,0
1,424,0
25,424,0
1,425,0
25,425,0
1,426,0
25,426,0
1,427,0
25,427,0
1,428,0
25,428,0
1,429,0
25,429,0
1,430,0
25,430,0
1,431,0
25,431,0
1,432,0
25,432,0
1,433,0
25,433,0
1,434,0
25,434,0
1,435,0
25,435,0
1,436,0
25,436,0
1,437,0
25,437,0
1,438,0
25,438,0
1,439,0
25,439,0
1,440,0
25,440,0
1,441,0
25,441,0
1,442,0
25,442,0
1,443,0
25,443,0
1,444,0
25,444,0
1,445,0
25,445,0
1,446,0
23,446,0
1,447,0
23,447,0
1,448,0
23,448,0
1,449,0
23,449,0
1,450,0
23,450,0
1,451,0
23,451,0
1,452,0
23,452,0
1,453,0
23,453,0
1,454,0
23,454,0
1,455,0
23,455,0
1,456,0
23,456,0
1,457,0
23,457,0
1,458,0
23,458,0
1,459,0
23,459,0
1,460,0
23,460,0
1,461,0
23,461,0
1,462,0
23,462,0
1,463,0
23,463,0
1,464,0
23,464,0
1,465,0
23,465,0
1,466,0
23,466,0
1,467,0
23,467,0
1,468,0
23,468,0
1,469,0
23,469,0
1,470,0
23,470,0
1,471,0
23,471,0
1,472,0
23,472,0
1,473,0
23,473,0
1,474,0
23,474,0
1,475,0
23,475,0
1,476,0
23,476,0
1,477,0
23,477,0
1,478,0
23,478,0
1,479,0
21,479,0
1,480,0
21,480,0
1,481,0
21,481,0
1,482,0
21,482,0
1,483,0
21,483,0
1,484,0
21,484,0
1,485,0
21,485,0
1,486,0
21,486,0
1,487,0
21,487,0
1,488,0
21,488,0
1,489,0
21,489,0
1,490,0
21,490,0
1,491,0
21,491,0
1,492,0
21,492,0
1,493,0
21,493,0
1,494,0
21,494,0
1,495,0
21,495,0
1,496,0
21,496,0
1,497,0
21,497,0
1,498,0
21,498,0
1,499,0
21,499,0
1,500,0
21,500,0
1,501,0
21,501,0
1,502,0
21,502,0
1,503,0
21,503,0
1,504,0
21,504,0
1,505,0
21,505,0
1,506,0
21,506,0
1,507,0
21,507,0
1,508,0
21,508,0
1,509,0
21,509,0
1,510,0
21,510,0
1,511,0
21,511,0
1,512,0
21,512,0
1,513,0
21,513,0
1,514,0
21,514,0
1,515,0
21,515,0
1,516,0
21,516,0
1,517,0
21,517,0
1,518,0
21,518,0
1,519,0
21,519,0
1,520,0
21,520,0
1,521,0
21,521,0
1,522,0
21,522,0
1,523,0
21,523,0
1,524,0
21,524,0
1,525,0
21,525,0
1,526,0
21,526,0
1,527,0
21,527,0
1,528,0
21,528,0
1,529,0
21,529,0
1,530,0
21,530,0
1,531,0
21,531,0
1,532,0
21,532,0
1,533,0
21,533,0
1,534,0
19,534,0
1,535,0
19,535,0
1,536,0
19,536,0
1,537,0
19,537,0
1,538,0
19,538,0
1,539,0
19,539,0
1,540,0
19,540,0
1,541,0
19,541,0
1,542,0
19,542,0
1,543,0
17,543,0
1,544,0
17,544,0
1,545,0
17,545,0
1,546,0
15,546,0
1,547,0
15,547,0
1,548,0
15,548,0
1,549,0
15,549,0
1,550,0
15,550,0
1,551,0
15,551,0
1,552,0
15,552,0
1,553,0
15,553,0
1,554,0
13,554,0
1,555,0
13,555,0
1,556,0
13,556,0
1,557,0
13,557,0
1,558,0
13,558,0
1,559,0
13,559,0
1,560,0
13,560,0
1,561,0
13,561,0
1,562,0
13,562,0
1,563,0
13,563,0
1,564,0
13,564,0
1,565,0
13,565,0
1,566,0
13,566,0
1,567,0
13,567,0
1,568,0
13,568,0
1,569,0
13,569,0
1,570,0
13,570,0
1,571,0
13,571,0
1,572,0
11,572,0
1,573,0
11,573,0
1,574,0
11,574,0
1,575,0
11,575,0
1,576,0
11,576,0
1,577,0
11,577,0
1,578,0
11,578,0
1,579,0
11,579,0
1,580,0
11,580,0
1,581,0
11,581,0
1,582,0
11,582,0
1,583,0
11,583,0
1,584,0
11,584,0
1,585,0
11,585,0
1,586,0
11,586,0
1,587,0
11,587,0
1,588,0
11,588,0
1,589,0
11,589,0
1,590,0
11,590,0
1,591,0
11,591,0
1,592,0
11,592,0
1,593,0
11,593,0
1,594,0
11,594,0
1,595,0
11,595,0
1,596,0
11,596,0
1,597,0
11,597,0
1,598,0
11,598,0
1,599,0
11,599,0
1,600,0
11,600,0
1,601,0
11,601,0
1,602,0
11,602,0
1,603,0
11,603,0
1,604,0
11,604,0
1,605,0
11,605,0
1,606,0
11,606,0
1,607,0
11,607,0
1,608,0
11,608,0
1,609,0
11,609,0
1,610,0
11,610,0
1,611,0
11,611,0
1,612,0
11,612,0
1,613,0
9,613,0
1,614,0
9,614,0
1,615,0
9,615,0
1,616,0
9,616,0
1,617,0
9,617,0
1,618,0
9,618,0
1,619,0
9,619,0
1,620,0
9,620,0
1,621,0
9,621,0
1,622,0
9,622,0
1,623,0
9,623,0
1,624,0
9,624,0
1,625,0
9,625,0
1,626,0
9,626,0
1,627,0
9,627,0
1,628,0
9,628,0
1,629,0
9,629,0
1,630,0
9,630,0
1,631,0
9,631,0
1,632,0
9,632,0
1,633,0
9,633,0
1,634,0
9,634,0
1,635,0
9,635,0
1,636,0
9,636,0
1,637,0
9,637,0
1,638,0
9,638,0
1,639,0
9,639,0
1,640,0
9,640,0
1,641,0
9,641,0
1,642,0
9,642,0
1,643,0
9,643,0
1,644,0
9,644,0
1,645,0
9,645,0
1,646,0
9,646,0
1,647,0
9,647,0
1,648,0
9,648,0
1,649,0
9,649,0
1,650,0
9,650,0
1,651,0
9,651,0
1,652,0
9,652,0
1,653,0
9,653,0
1,654,0
9,654,0
1,655,0
9,655,0
1,656,0
9,656,0
1,657,0
9,657,0
1,658,0
9,658,0
1,659,0
9,659,0
1,660,0
9,660,0
1,661,0
9,661,0
1,662,0
9,662,0
1,663,0
9,663,0
1,664,0
9,664,0
1,665,0
9,665,0
1,666,0
9,666,0
1,667,0
9,667,0
1,668,0
9,668,0
1,669,0
9,669,0
1,670,0
9,670,0
1,671,0
9,671,0
1,672,0
9,672,0
1,673,0
9,673,0
1,674,0
9,674,0
1,675,0
9,675,0
1,676,0
9,676,0
1,677,0
9,677,0
1,678,0
9,678,0
1,679,0
9,679,0
1,680,0
9,680,0
1,681,0
9,681,0
1,682,0
9,682,0
1,683,0
9,683,0
1,684,0
9,684,0
1,685,0
9,685,0
1,686,0
9,686,0
1,687,0
9,687,0
1,688,0
9,688,0
1,689,0
9,689,0
1,690,0
9,690,0
1,691,0
9,691,0
1,692,0
9,692,0
1,693,0
9,693,0
1,694,0
9,694,0
1,695,0
9,695,0
1,696,0
9,696,0
1,697,0
9,697,0
1,698,0
7,698,0
1,699,0
7,699,0
1,700,0
7,700,0
1,701,0
7,701,0
1,702,0
7,702,0
1,703,0
7,703,0
1,704,0
7,704,0
1,705,0
7,705,0
1,706,0
7,706,0
1,707,0
7,707,0
1,708,0
7,708,0
1,709,0
7,709,0
1,710,0
7,710,0
1,711,0
7,711,0
1,712,0
7,712,0
1,713,0
7,713,0
1,714,0
7,714,0
1,715,0
7,715,0
1,716,0
7,716,0
1,717,0
7,717,0
1,718,0
7,718,0
1,719,0
7,719,0
1,720,0
7,720,0
1,721,0
7,721,0
1,722,0
7,722,0
1,723,0
7,723,0
1,724,0
7,724,0
1,725,0
7,725,0
1,726,0
7,726,0
1,727,0
7,727,0
1,728,0
7,728,0
1,729,0
7,729,0
1,730,0
7,730,0
1,731,0
7,731,0
1,732,0
7,732,0
1,733,0
7,733,0
1,734,0
7,734,0
1,735,0
7,735,0
1,736,0
7,736,0
1,737,0
7,737,0
1,738,0
7,738,0
1,739,0
7,739,0
1,740,0
7,740,0
1,741,0
7,741,0
1,742,0
7,742,0
1,743,0
7,743,0
1,744,0
7,744,0
1,745,0
7,745,0
1,746,0
7,746,0
1,747,0
7,747,0
1,748,0
7,748,0
1,749,0
7,749,0
1,750,0
7,750,0
1,751,0
7,751,0
1,752,0
7,752,0
1,753,0
7,753,0
1,754,0
7,754,0
1,755,0
7,755,0
1,756,0
7,756,0
1,757,0
7,757,0
1,758,0
7,758,0
1,759,0
7,759,0
1,760,0
7,760,0
1,761,0
7,761,0
1,762,0
7,762,0
1,763,0
7,763,0
1,764,0
7,764,0
1,765,0
7,765,0
1,766,0
7,766,0
1,767,0
7,767,0
1,768,0
7,768,0
1,769,0
7,769,0
1,770,0
7,770,0
1,771,0
7,771,0
1,772,0
7,772,0
1,773,0
7,773,0
1,774,0
7,774,0
1,775,0
7,775,0
1,776,0
7,776,0
1,777,0
7,777,0
1,778,0
7,778,0
1,779,0
7,779,0
1,780,0
7,780,0
1,781,0
7,781,0
1,782,0
7,782,0
1,783,0
7,783,0
1,784,0
7,784,0
1,785,0
7,785,0
1,786,0
7,786,0
1,787,0
7,787,0
1,788,0
7,788,0
1,789,0
7,789,0
1,790,0
7,790,0
1,791,0
7,791,0
1,792,0
7,792,0
1,793,0
7,793,0
1,794,0
7,794,0
1,795,0
7,795,0
1,796,0
7,796,0
1,797,0
5,797,0
1,798,0
5,798,0
1,799,0
5,799,0
1,800,0
5,800,0
1,801,0
5,801,0
1,802,0
5,802,0
1,803,0
5,803,0
1,804,0
5,804,0
1,805,0
5,805,0
1,806,0
5,806,0
1,807,0
5,807,0
1,808,0
5,808,0
1,809,0
5,809,0
1,810,0
5,810,0
1,811,0
5,811,0
1,812,0
5,812,0
1,813,0
5,813,0
1,814,0
5,814,0
1,815,0
5,815,0
1,816,0
5,816,0
1,817,0
5,817,0
1,818,0
5,818,0
1,819,0
5,819,0
1,820,0
5,820,0
1,821,0
5,821,0
1,822,0
5,822,0
1,823,0
5,823,0
1,824,0
5,824,0
1,825,0
5,825,0
1,826,0
5,826,0
1,827,0
5,827,0
1,828,0
5,828,0
1,829,0
5,829,0
1,830,0
5,830,0
1,831,0
5,831,0
1,832,0
5,832,0
1,833,0
5,833,0
1,834,0
5,834,0
1,835,0
5,835,0
1,836,0
5,836,0
1,837,0
5,837,0
1,838,0
5,838,0
1,839,0
5,839,0
1,840,0
5,840,0
1,841,0
5,841,0
1,842,0
5,842,0
1,843,0
5,843,0
1,844,0
5,844,0
1,845,0
5,845,0
1,846,0
5,846,0
1,847,0
5,847,0
1,848,0
5,848,0
1,849,0
5,849,0
1,850,0
5,850,0
1,851,0
5,851,0
1,852,0
5,852,0
1,853,0
5,853,0
1,854,0
5,854,0
1,855,0
5,855,0
1,856,0
5,856,0
1,857,0
5,857,0
1,858,0
5,858,0
1,859,0
5,859,0
1,860,0
5,860,0
1,861,0
5,861,0
1,862,0
5,862,0
1,863,0
5,863,0
1,864,0
5,864,0
1,865,0
5,865,0
1,866,0
5,866,0
1,867,0
5,867,0
1,868,0
5,868,0
1,869,0
5,869,0
1,870,0
5,870,0
1,871,0
5,871,0
1,872,0
5,872,0
1,873,0
5,873,0
1,874,0
5,874,0
1,875,0
5,875,0
1,876,0
5,876,0
1,877,0
5,877,0
1,878,0
5,878,0
1,879,0
5,879,0
1,880,0
5,880,0
1,881,0
5,881,0
1,882,0
3,882,0
1,883,0
3,883,0
1,884,0
3,884,0
1,885,0
3,885,0
1,886,0
3,886,0
1,887,0
3,887,0
1,888,0
3,888,0
1,889,0
3,889,0
1,890,0
3,890,0
1,891,0
1,891,0
1,892,0
1,892,0
1,893,0
1,893,0
1,894,0
1,894,0
1,895,0
1,895,0
1,896,0
1,896,0
1,897,0
1,897,0
1,898,0
1,898,0
1,899,0
1,899,0
1,900,0
1,900,0
1,901,0
1,901,0
1,902,0
1,902,0
1,903,0
1,903,0
1,904,0
1,904,0
1,905,0
1,905,0
1,906,0
1,906,0
1,907,0
1,907,0
1,908,0
1,908,0
1,909,0
1,909,0
1,910,0
1,910,0
1,911,0
1,911,0
1,912,0
1,912,0
1,913,0
1,913,0
1,914,0
1,914,0
1,915,0
1,915,0
1,916,0
1,916,0
1,917,0
1,917,0
1,918,0
1,918,0
1,919,0
1,919,0
1,920,0
1,920,0
1,921,0
1,921,0
1,922,0
1,922,0
1,923,0
1,923,0
1,924,0
1,924,0
1,925,0
1,925,0
1,926,0
1,926,0
1,927,0
1,927,0
1,928,0
1,928,0
1,929,0
1,929,0
1,930,0
1,930,0
1,931,0
1,931,0
1,932,0
1,932,0
