1,2,0
1,2,0
1,3,0
2,3,0
1,4,0
3,4,0
1,5,0
4,5,0
1,6,0
5,6,0
1,7,0
6,7,0
1,8,0
7,8,0
1,9,0
8,9,0
1,10,0
9,10,0
1,11,0
10,11,0
1,12,0
11,12,0
1,13,0
12,13,0
1,14,0
13,14,0
1,15,0
14,15,0
1,16,0
15,16,0
1,17,0
16,17,0
1,18,0
17,18,0
1,19,0
18,19,0
1,20,0
19,20,0
1,21,0
20,21,0
1,22,0
21,22,0
1,23,0
22,23,0
1,24,0
23,24,0
1,25,0
24,25,0
1,26,0
25,26,0
1,27,0
26,27,0
1,28,0
27,28,0
1,29,0
28,29,0
1,30,0
29,30,0
1,31,0
30,31,0
1,32,0
31,32,0
1,33,0
32,33,0
1,34,0
33,34,0
1,35,0
34,35,0
1,36,0
35,36,0
1,37,0
36,37,0
1,38,0
37,38,0
1,39,0
38,39,0
1,40,0
39,40,0
1,41,0
40,41,0
1,42,0
41,42,0
1,43,0
42,43,0
1,44,0
43,44,0
1,45,0
44,45,0
1,46,0
45,46,0
1,47,0
46,47,0
1,48,0
47,48,0
1,49,0
48,49,0
1,50,0
49,50,0
1,51,0
50,51,0
1,52,0
51,52,0
1,53,0
52,53,0
1,54,0
53,54,0
1,55,0
54,55,0
1,56,0
55,56,0
1,57,0
56,57,0
1,58,0
57,58,0
1,59,0
58,59,0
1,60,0
59,60,0
1,61,0
60,61,0
1,62,0
61,62,0
1,63,0
62,63,0
1,64,0
63,64,0
1,65,0
64,65,0
1,66,0
65,66,0
1,67,0
66,67,0
1,68,0
67,68,0
1,69,0
68,69,0
1,70,0
69,70,0
1,71,0
70,71,0
1,72,0
71,72,0
1,73,0
72,73,0
1,74,0
73,74,0
1,75,0
74,75,0
1,76,0
75,76,0
1,77,0
76,77,0
1,78,0
77,78,0
1,79,0
78,79,0
1,80,0
79,80,0
1,81,0
80,81,0
1,82,0
81,82,0
1,83,0
82,83,0
1,84,0
83,84,0
1,85,0
84,85,0
1,86,0
85,86,0
1,87,0
86,87,0
1,88,0
87,88,0
1,89,0
88,89,0
1,90,0
89,90,0
1,91,0
90,91,0
1,92,0
91,92,0
1,93,0
92,93,0
1,94,0
93,94,0
1,95,0
94,95,0
1,96,0
95,96,0
1,97,0
96,97,0
1,98,0
97,98,0
1,99,0
98,99,0
1,100,0
99,100,0
1,101,0
100,101,0
1,102,0
101,102,0
1,103,0
102,103,0
1,104,0
103,104,0
1,105,0
104,105,0
1,106,0
105,106,0
1,107,0
106,107,0
1,108,0
107,108,0
1,109,0
108,109,0
1,110,0
109,110,0
1,111,0
110,111,0
1,112,0
111,112,0
1,113,0
112,113,0
1,114,0
113,114,0
1,115,0
114,115,0
1,116,0
115,116,0
1,117,0
116,117,0
1,118,0
117,118,0
1,119,0
118,119,0
1,120,0
119,120,0
1,121,0
120,121,0
1,122,0
119,122,0
1,123,0
116,123,0
1,124,0
115,124,0
1,125,0
114,125,0
1,126,0
114,126,0
1,127,0
114,127,0
1,128,0
114,128,0
1,129,0
113,129,0
1,130,0
113,130,0
1,131,0
112,131,0
1,132,0
112,132,0
1,133,0
112,133,0
1,134,0
111,134,0
1,135,0
111,135,0
1,136,0
109,136,0
1,137,0
109,137,0
1,138,0
109,138,0
1,139,0
107,139,0
1,140,0
107,140,0
1,141,0
107,141,0
1,142,0
104,142,0
1,143,0
104,143,0
1,144,0
104,144,0
1,145,0
102,145,0
1,146,0
102,146,0
1,147,0
100,147,0
1,148,0
99,148,0
1,149,0
98,149,0
1,150,0
98,150,0
1,151,0
98,151,0
1,152,0
98,152,0
1,153,0
98,153,0
1,154,0
96,154,0
1,155,0
95,155,0
1,156,0
94,156,0
1,157,0
94,157,0
1,158,0
93,158,0
1,159,0
91,159,0
1,160,0
91,160,0
1,161,0
91,161,0
1,162,0
89,162,0
1,163,0
89,163,0
1,164,0
88,164,0
1,165,0
88,165,0
1,166,0
88,166,0
1,167,0
87,167,0
1,168,0
87,168,0
1,169,0
87,169,0
1,170,0
87,170,0
1,171,0
86,171,0
1,172,0
85,172,0
1,173,0
84,173,0
1,174,0
84,174,0
1,175,0
83,175,0
1,176,0
83,176,0
1,177,0
82,177,0
1,178,0
82,178,0
1,179,0
82,179,0
1,180,0
82,180,0
1,181,0
82,181,0
1,182,0
80,182,0
1,183,0
80,183,0
1,184,0
79,184,0
1,185,0
79,185,0
1,186,0
79,186,0
1,187,0
76,187,0
1,188,0
76,188,0
1,189,0
73,189,0
1,190,0
73,190,0
1,191,0
73,191,0
1,192,0
73,192,0
1,193,0
73,193,0
1,194,0
73,194,0
1,195,0
73,195,0
1,196,0
73,196,0
1,197,0
73,197,0
1,198,0
72,198,0
1,199,0
72,199,0
1,200,0
71,200,0
1,201,0
71,201,0
1,202,0
71,202,0
1,203,0
71,203,0
1,204,0
71,204,0
1,205,0
68,205,0
1,206,0
67,206,0
1,207,0
65,207,0
1,208,0
65,208,0
1,209,0
64,209,0
1,210,0
64,210,0
1,211,0
63,211,0
1,212,0
63,212,0
1,213,0
63,213,0
1,214,0
63,214,0
1,215,0
63,215,0
1,216,0
63,216,0
1,217,0
62,217,0
1,218,0
61,218,0
1,219,0
60,219,0
1,220,0
59,220,0
1,221,0
59,221,0
1,222,0
59,222,0
1,223,0
59,223,0
1,224,0
59,224,0
1,225,0
59,225,0
1,226,0
59,226,0
1,227,0
59,227,0
1,228,0
59,228,0
1,229,0
59,229,0
1,230,0
59,230,0
1,231,0
59,231,0
1,232,0
58,232,0
1,233,0
57,233,0
1,234,0
57,234,0
1,235,0
57,235,0
1,236,0
57,236,0
1,237,0
56,237,0
1,238,0
56,238,0
1,239,0
56,239,0
1,240,0
55,240,0
1,241,0
55,241,0
1,242,0
55,242,0
1,243,0
54,243,0
1,244,0
54,244,0
1,245,0
53,245,0
1,246,0
53,246,0
1,247,0
53,247,0
1,248,0
53,248,0
1,249,0
51,249,0
1,250,0
51,250,0
1,251,0
51,251,0
1,252,0
51,252,0
1,253,0
50,253,0
1,254,0
50,254,0
1,255,0
50,255,0
1,256,0
50,256,0
1,257,0
50,257,0
1,258,0
50,258,0
1,259,0
48,259,0
1,260,0
48,260,0
1,261,0
48,261,0
1,262,0
47,262,0
1,263,0
47,263,0
1,264,0
47,264,0
1,265,0
47,265,0
1,266,0
46,266,0
1,267,0
46,267,0
1,268,0
46,268,0
1,269,0
46,269,0
1,270,0
46,270,0
1,271,0
46,271,0
1,272,0
45,272,0
1,273,0
45,273,0
1,274,0
45,274,0
1,275,0
44,275,0
1,276,0
44,276,0
1,277,0
42,277,0
1,278,0
42,278,0
1,279,0
41,279,0
1,280,0
41,280,0
1,281,0
41,281,0
1,282,0
40,282,0
1,283,0
37,283,0
1,284,0
37,284,0
1,285,0
37,285,0
1,286,0
37,286,0
1,287,0
37,287,0
1,288,0
37,288,0
1,289,0
37,289,0
1,290,0
37,290,0
1,291,0
37,291,0
1,292,0
37,292,0
1,293,0
37,293,0
1,294,0
37,294,0
1,295,0
37,295,0
1,296,0
37,296,0
1,297,0
37,297,0
1,298,0
37,298,0
1,299,0
37,299,0
1,300,0
37,300,0
1,301,0
37,301,0
1,302,0
36,302,0
1,303,0
36,303,0
1,304,0
35,304,0
1,305,0
34,305,0
1,306,0
34,306,0
1,307,0
34,307,0
1,308,0
34,308,0
1,309,0
34,309,0
1,310,0
34,310,0
1,311,0
34,311,0
1,312,0
34,312,0
1,313,0
33,313,0
1,314,0
33,314,0
1,315,0
33,315,0
1,316,0
33,316,0
1,317,0
33,317,0
1,318,0
33,318,0
1,319,0
33,319,0
1,320,0
33,320,0
1,321,0
33,321,0
1,322,0
33,322,0
1,323,0
31,323,0
1,324,0
31,324,0
1,325,0
31,325,0
1,326,0
31,326,0
1,327,0
31,327,0
1,328,0
31,328,0
1,329,0
30,329,0
1,330,0
29,330,0
1,331,0
29,331,0
1,332,0
29,332,0
1,333,0
29,333,0
1,334,0
28,334,0
1,335,0
28,335,0
1,336,0
28,336,0
1,337,0
27,337,0
1,338,0
27,338,0
1,339,0
27,339,0
1,340,0
27,340,0
1,341,0
27,341,0
1,342,0
27,342,0
1,343,0
27,343,0
1,344,0
26,344,0
1,345,0
26,345,0
1,346,0
26,346,0
1,347,0
26,347,0
1,348,0
26,348,0
1,349,0
26,349,0
1,350,0
26,350,0
1,351,0
26,351,0
1,352,0
25,352,0
1,353,0
25,353,0
1,354,0
25,354,0
1,355,0
25,355,0
1,356,0
25,356,0
1,357,0
25,357,0
1,358,0
25,358,0
1,359,0
25,359,0
1,360,0
24,360,0
1,361,0
24,361,0
1,362,0
24,362,0
1,363,0
24,363,0
1,364,0
24,364,0
1,365,0
23,365,0
1,366,0
23,366,0
1,367,0
23,367,0
1,368,0
23,368,0
1,369,0
23,369,0
1,370,0
23,370,0
1,371,0
23,371,0
1,372,0
23,372,0
1,373,0
23,373,0
1,374,0
23,374,0
1,375,0
23,375,0
1,376,0
23,376,0
1,377,0
23,377,0
1,378,0
23,378,0
1,379,0
23,379,0
1,380,0
22,380,0
1,381,0
22,381,0
1,382,0
22,382,0
1,383,0
22,383,0
1,384,0
22,384,0
1,385,0
22,385,0
1,386,0
22,386,0
1,387,0
21,387,0
1,388,0
20,388,0
1,389,0
20,389,0
1,390,0
20,390,0
1,391,0
20,391,0
1,392,0
20,392,0
1,393,0
20,393,0
1,394,0
20,394,0
1,395,0
20,395,0
1,396,0
20,396,0
1,397,0
19,397,0
1,398,0
19,398,0
1,399,0
19,399,0
1,400,0
19,400,0
1,401,0
19,401,0
1,402,0
19,402,0
1,403,0
19,403,0
1,404,0
19,404,0
1,405,0
19,405,0
1,406,0
19,406,0
1,407,0
19,407,0
1,408,0
19,408,0
1,409,0
19,409,0
1,410,0
19,410,0
1,411,0
19,411,0
1,412,0
19,412,0
1,413,0
19,413,0
1,414,0
17,414,0
1,415,0
15,415,0
1,416,0
15,416,0
1,417,0
14,417,0
1,418,0
14,418,0
1,419,0
14,419,0
1,420,0
13,420,0
1,421,0
13,421,0
1,422,0
13,422,0
1,423,0
12,423,0
1,424,0
12,424,0
1,425,0
12,425,0
1,426,0
12,426,0
1,427,0
12,427,0
1,428,0
12,428,0
1,429,0
12,429,0
1,430,0
12,430,0
1,431,0
12,431,0
1,432,0
12,432,0
1,433,0
12,433,0
1,434,0
12,434,0
1,435,0
12,435,0
1,436,0
12,436,0
1,437,0
12,437,0
1,438,0
12,438,0
1,439,0
12,439,0
1,440,0
12,440,0
1,441,0
12,441,0
1,442,0
12,442,0
1,443,0
12,443,0
1,444,0
12,444,0
1,445,0
12,445,0
1,446,0
11,446,0
1,447,0
11,447,0
1,448,0
11,448,0
1,449,0
11,449,0
1,450,0
11,450,0
1,451,0
11,451,0
1,452,0
11,452,0
1,453,0
11,453,0
1,454,0
11,454,0
1,455,0
11,455,0
1,456,0
11,456,0
1,457,0
11,457,0
1,458,0
11,458,0
1,459,0
11,459,0
1,460,0
11,460,0
1,461,0
11,461,0
1,462,0
11,462,0
1,463,0
11,463,0
1,464,0
11,464,0
1,465,0
11,465,0
1,466,0
11,466,0
1,467,0
11,467,0
1,468,0
11,468,0
1,469,0
11,469,0
1,470,0
11,470,0
1,471,0
11,471,0
1,472,0
11,472,0
1,473,0
11,473,0
1,474,0
11,474,0
1,475,0
11,475,0
1,476,0
11,476,0
1,477,0
11,477,0
1,478,0
11,478,0
1,479,0
10,479,0
1,480,0
10,480,0
1,481,0
10,481,0
1,482,0
10,482,0
1,483,0
10,483,0
1,484,0
10,484,0
1,485,0
10,485,0
1,486,0
10,486,0
1,487,0
10,487,0
1,488,0
10,488,0
1,489,0
10,489,0
1,490,0
10,490,0
1,491,0
10,491,0
1,492,0
10,492,0
1,493,0
10,493,0
1,494,0
10,494,0
1,495,0
10,495,0
1,496,0
10,496,0
1,497,0
10,497,0
1,498,0
10,498,0
1,499,0
10,499,0
1,500,0
10,500,0
1,501,0
10,501,0
1,502,0
10,502,0
1,503,0
10,503,0
1,504,0
10,504,0
1,505,0
10,505,0
1,506,0
10,506,0
1,507,0
10,507,0
1,508,0
10,508,0
1,509,0
10,509,0
1,510,0
10,510,0
1,511,0
10,511,0
1,512,0
10,512,0
1,513,0
10,513,0
1,514,0
10,514,0
1,515,0
10,515,0
1,516,0
10,516,0
1,517,0
10,517,0
1,518,0
10,518,0
1,519,0
10,519,0
1,520,0
10,520,0
1,521,0
10,521,0
1,522,0
10,522,0
1,523,0
10,523,0
1,524,0
10,524,0
1,525,0
10,525,0
1,526,0
10,526,0
1,527,0
10,527,0
1,528,0
10,528,0
1,529,0
10,529,0
1,530,0
10,530,0
1,531,0
10,531,0
1,532,0
10,532,0
1,533,0
10,533,0
1,534,0
9,534,0
1,535,0
9,535,0
1,536,0
9,536,0
1,537,0
9,537,0
1,538,0
9,538,0
1,539,0
9,539,0
1,540,0
9,540,0
1,541,0
9,541,0
1,542,0
9,542,0
1,543,0
8,543,0
1,544,0
8,544,0
1,545,0
8,545,0
1,546,0
7,546,0
1,547,0
7,547,0
1,548,0
7,548,0
1,549,0
7,549,0
1,550,0
7,550,0
1,551,0
7,551,0
1,552,0
7,552,0
1,553,0
7,553,0
1,554,0
6,554,0
1,555,0
6,555,0
1,556,0
6,556,0
1,557,0
6,557,0
1,558,0
6,558,0
1,559,0
6,559,0
1,560,0
6,560,0
1,561,0
6,561,0
1,562,0
6,562,0
1,563,0
6,563,0
1,564,0
6,564,0
1,565,0
6,565,0
1,566,0
6,566,0
1,567,0
6,567,0
1,568,0
6,568,0
1,569,0
6,569,0
1,570,0
6,570,0
1,571,0
6,571,0
1,572,0
5,572,0
1,573,0
5,573,0
1,574,0
5,574,0
1,575,0
5,575,0
1,576,0
5,576,0
1,577,0
5,577,0
1,578,0
5,578,0
1,579,0
5,579,0
1,580,0
5,580,0
1,581,0
5,581,0
1,582,0
5,582,0
1,583,0
5,583,0
1,584,0
5,584,0
1,585,0
5,585,0
1,586,0
5,586,0
1,587,0
5,587,0
1,588,0
5,588,0
1,589,0
5,589,0
1,590,0
5,590,0
1,591,0
5,591,0
1,592,0
5,592,0
1,593,0
5,593,0
1,594,0
5,594,0
1,595,0
5,595,0
1,596,0
5,596,0
1,597,0
5,597,0
1,598,0
5,598,0
1,599,0
5,599,0
1,600,0
5,600,0
1,601,0
5,601,0
1,602,0
5,602,0
1,603,0
5,603,0
1,604,0
5,604,0
1,605,0
5,605,0
1,606,0
5,606,0
1,607,0
5,607,0
1,608,0
5,608,0
1,609,0
5,609,0
1,610,0
5,610,0
1,611,0
5,611,0
1,612,0
5,612,0
1,613,0
4,613,0
1,614,0
4,614,0
1,615,0
4,615,0
1,616,0
4,616,0
1,617,0
4,617,0
1,618,0
4,618,0
1,619,0
4,619,0
1,620,0
4,620,0
1,621,0
4,621,0
1,622,0
4,622,0
1,623,0
4,623,0
1,624,0
4,624,0
1,625,0
4,625,0
1,626,0
4,626,0
1,627,0
4,627,0
1,628,0
4,628,0
1,629,0
4,629,0
1,630,0
4,630,0
1,631,0
4,631,0
1,632,0
4,632,0
1,633,0
4,633,0
1,634,0
4,634,0
1,635,0
4,635,0
1,636,0
4,636,0
1,637,0
4,637,0
1,638,0
4,638,0
1,639,0
4,639,0
1,640,0
4,640,0
1,641,0
4,641,0
1,642,0
4,642,0
1,643,0
4,643,0
1,644,0
4,644,0
1,645,0
4,645,0
1,646,0
4,646,0
1,647,0
4,647,0
1,648,0
4,648,0
1,649,0
4,649,0
1,650,0
4,650,0
1,651,0
4,651,0
1,652,0
4,652,0
1,653,0
4,653,0
1,654,0
4,654,0
1,655,0
4,655,0
1,656,0
4,656,0
1,657,0
4,657,0
1,658,0
4,658,0
1,659,0
4,659,0
1,660,0
4,660,0
1,661,0
4,661,0
1,662,0
4,662,0
1,663,0
4,663,0
1,664,0
4,664,0
1,665,0
4,665,0
1,666,0
4,666,0
1,667,0
4,667,0
1,668,0
4,668,0
1,669,0
4,669,0
1,670,0
4,670,0
1,671,0
4,671,0
1,672,0
4,672,0
1,673,0
4,673,0
1,674,0
4,674,0
1,675,0
4,675,0
1,676,0
4,676,0
1,677,0
4,677,0
1,678,0
4,678,0
1,679,0
4,679,0
1,680,0
4,680,0
1,681,0
4,681,0
1,682,0
4,682,0
1,683,0
4,683,0
1,684,0
4,684,0
1,685,0
4,685,0
1,686,0
4,686,0
1,687,0
4,687,0
1,688,0
4,688,0
1,689,0
4,689,0
1,690,0
4,690,0
1,691,0
4,691,0
1,692,0
4,692,0
1,693,0
4,693,0
1,694,0
4,694,0
1,695,0
4,695,0
1,696,0
4,696,0
1,697,0
4,697,0
1,698,0
3,698,0
1,699,0
3,699,0
1,700,0
3,700,0
1,701,0
3,701,0
1,702,0
3,702,0
1,703,0
3,703,0
1,704,0
3,704,0
1,705,0
3,705,0
1,706,0
3,706,0
1,707,0
3,707,0
1,708,0
3,708,0
1,709,0
3,709,0
1,710,0
3,710,0
1,711,0
3,711,0
1,712,0
3,712,0
1,713,0
3,713,0
1,714,0
3,714,0
1,715,0
3,715,0
1,716,0
3,716,0
1,717,0
3,717,0
1,718,0
3,718,0
1,719,0
3,719,0
1,720,0
3,720,0
1,721,0
3,721,0
1,722,0
3,722,0
1,723,0
3,723,0
1,724,0
3,724,0
1,725,0
3,725,0
1,726,0
3,726,0
1,727,0
3,727,0
1,728,0
3,728,0
1,729,0
3,729,0
1,730,0
3,730,0
1,731,0
3,731,0
1,732,0
3,732,0
1,733,0
3,733,0
1,734,0
3,734,0
1,735,0
3,735,0
1,736,0
3,736,0
1,737,0
3,737,0
1,738,0
3,738,0
1,739,0
3,739,0
1,740,0
3,740,0
1,741,0
3,741,0
1,742,0
3,742,0
1,743,0
3,743,0
1,744,0
3,744,0
1,745,0
3,745,0
1,746,0
3,746,0
1,747,0
3,747,0
1,748,0
3,748,0
1,749,0
3,749,0
1,750,0
3,750,0
1,751,0
3,751,0
1,752,0
3,752,0
1,753,0
3,753,0
1,754,0
3,754,0
1,755,0
3,755,0
1,756,0
3,756,0
1,757,0
3,757,0
1,758,0
3,758,0
1,759,0
3,759,0
1,760,0
3,760,0
1,761,0
3,761,0
1,762,0
3,762,0
1,763,0
3,763,0
1,764,0
3,764,0
1,765,0
3,765,0
1,766,0
3,766,0
1,767,0
3,767,0
1,768,0
3,768,0
1,769,0
3,769,0
1,770,0
3,770,0
1,771,0
3,771,0
1,772,0
3,772,0
1,773,0
3,773,0
1,774,0
3,774,0
1,775,0
3,775,0
1,776,0
3,776,0
1,777,0
3,777,0
1,778,0
3,778,0
1,779,0
3,779,0
1,780,0
3,780,0
1,781,0
3,781,0
1,782,0
3,782,0
1,783,0
3,783,0
1,784,0
3,784,0
1,785,0
3,785,0
1,786,0
3,786,0
1,787,0
3,787,0
1,788,0
3,788,0
1,789,0
3,789,0
1,790,0
3,790,0
1,791,0
3,791,0
1,792,0
3,792,0
1,793,0
3,793,0
1,794,0
3,794,0
1,795,0
3,795,0
1,796,0
3,796,0
1,797,0
2,797,0
1,798,0
2,798,0
1,799,0
2,799,0
1,800,0
2,800,0
1,801,0
2,801,0
1,802,0
2,802,0
1,803,0
2,803,0
1,804,0
2,804,0
1,805,0
2,805,0
1,806,0
2,806,0
1,807,0
2,807,0
1,808,0
2,808,0
1,809,0
2,809,0
1,810,0
2,810,0
1,811,0
2,811,0
1,812,0
2,812,0
1,813,0
2,813,0
1,814,0
2,814,0
1,815,0
2,815,0
1,816,0
2,816,0
1,817,0
2,817,0
1,818,0
2,818,0
1,819,0
2,819,0
1,820,0
2,820,0
1,821,0
2,821,0
1,822,0
2,822,0
1,823,0
2,823,0
1,824,0
2,824,0
1,825,0
2,825,0
1,826,0
2,826,0
1,827,0
2,827,0
1,828,0
2,828,0
1,829,0
2,829,0
1,830,0
2,830,0
1,831,0
2,831,0
1,832,0
2,832,0
1,833,0
2,833,0
1,834,0
2,834,0
1,835,0
2,835,0
1,836,0
2,836,0
1,837,0
2,837,0
1,838,0
2,838,0
1,839,0
2,839,0
1,840,0
2,840,0
1,841,0
2,841,0
1,842,0
2,842,0
1,843,0
2,843,0
1,844,0
2,844,0
1,845,0
2,845,0
1,846,0
2,846,0
1,847,0
2,847,0
1,848,0
2,848,0
1,849,0
2,849,0
1,850,0
2,850,0
1,851,0
2,851,0
1,852,0
2,852,0
1,853,0
2,853,0
1,854,0
2,854,0
1,855,0
2,855,0
1,856,0
2,856,0
1,857,0
2,857,0
1,858,0
2,858,0
1,859,0
2,859,0
1,860,0
2,860,0
1,861,0
2,861,0
1,862,0
2,862,0
1,863,0
2,863,0
1,864,0
2,864,0
1,865,0
2,865,0
1,866,0
2,866,0
1,867,0
2,867,0
1,868,0
2,868,0
1,869,0
2,869,0
1,870,0
2,870,0
1,871,0
2,871,0
1,872,0
2,872,0
1,873,0
2,873,0
1,874,0
2,874,0
1,875,0
2,875,0
1,876,0
2,876,0
1,877,0
2,877,0
1,878,0
2,878,0
1,879,0
2,879,0
1,880,0
2,880,0
1,881,0
2,881,0
1,882,0
1,882,0
1,883,0
1,883,0
1,884,0
1,884,0
1,885,0
1,885,0
1,886,0
1,886,0
1,887,0
1,887,0
1,888,0
1,888,0
1,889,0
1,889,0
1,890,0
1,890,0
