1,1,0
656,1,0
1,2,0
343,2,0
1,3,0
318,3,0
1,4,0
222,4,0
1,5,0
187,5,0
1,6,0
187,6,0
1,7,0
182,7,0
1,8,0
182,8,0
1,9,0
177,9,0
1,10,0
170,10,0
1,11,0
169,11,0
1,12,0
163,12,0
1,13,0
161,13,0
1,14,0
157,14,0
1,15,0
155,15,0
1,16,0
150,16,0
1,17,0
148,17,0
1,18,0
123,18,0
1,19,0
122,19,0
1,20,0
121,20,0
1,21,0
114,21,0
1,22,0
107,22,0
1,23,0
106,23,0
1,24,0
99,24,0
1,25,0
98,25,0
1,26,0
96,26,0
1,27,0
92,27,0
1,28,0
84,28,0
1,29,0
79,29,0
1,30,0
78,30,0
1,31,0
77,31,0
1,32,0
72,32,0
1,33,0
72,33,0
1,34,0
72,34,0
1,35,0
69,35,0
1,36,0
66,36,0
1,37,0
65,37,0
1,38,0
62,38,0
1,39,0
62,39,0
1,40,0
62,40,0
1,41,0
62,41,0
1,42,0
61,42,0
1,43,0
55,43,0
1,44,0
53,44,0
1,45,0
52,45,0
1,46,0
48,46,0
1,47,0
48,47,0
1,48,0
48,48,0
1,49,0
45,49,0
1,50,0
45,50,0
1,51,0
45,51,0
1,52,0
45,52,0
1,53,0
44,53,0
1,54,0
43,54,0
1,55,0
43,55,0
1,56,0
42,56,0
1,57,0
42,57,0
1,58,0
42,58,0
1,59,0
42,59,0
1,60,0
42,60,0
1,61,0
42,61,0
1,62,0
41,62,0
1,63,0
37,63,0
1,64,0
37,64,0
1,65,0
37,65,0
1,66,0
36,66,0
1,67,0
35,67,0
1,68,0
35,68,0
1,69,0
35,69,0
1,70,0
34,70,0
1,71,0
34,71,0
1,72,0
34,72,0
1,73,0
31,73,0
1,74,0
31,74,0
1,75,0
31,75,0
1,76,0
31,76,0
1,77,0
31,77,0
1,78,0
30,78,0
1,79,0
29,79,0
1,80,0
28,80,0
1,81,0
28,81,0
1,82,0
28,82,0
1,83,0
28,83,0
1,84,0
28,84,0
1,85,0
27,85,0
1,86,0
27,86,0
1,87,0
27,87,0
1,88,0
27,88,0
1,89,0
27,89,0
1,90,0
27,90,0
1,91,0
27,91,0
1,92,0
27,92,0
1,93,0
26,93,0
1,94,0
26,94,0
1,95,0
26,95,0
1,96,0
26,96,0
1,97,0
25,97,0
1,98,0
25,98,0
1,99,0
24,99,0
1,100,0
23,100,0
1,101,0
23,101,0
1,102,0
23,102,0
1,103,0
23,103,0
1,104,0
23,104,0
1,105,0
23,105,0
1,106,0
23,106,0
1,107,0
22,107,0
1,108,0
21,108,0
1,109,0
21,109,0
1,110,0
21,110,0
1,111,0
21,111,0
1,112,0
21,112,0
1,113,0
21,113,0
1,114,0
21,114,0
1,115,0
20,115,0
1,116,0
20,116,0
1,117,0
20,117,0
1,118,0
20,118,0
1,119,0
20,119,0
1,120,0
20,120,0
1,121,0
20,121,0
1,122,0
19,122,0
1,123,0
18,123,0
1,124,0
17,124,0
1,125,0
17,125,0
1,126,0
17,126,0
1,127,0
17,127,0
1,128,0
17,128,0
1,129,0
17,129,0
1,130,0
17,130,0
1,131,0
17,131,0
1,132,0
17,132,0
1,133,0
17,133,0
1,134,0
17,134,0
1,135,0
17,135,0
1,136,0
17,136,0
1,137,0
17,137,0
1,138,0
17,138,0
1,139,0
17,139,0
1,140,0
17,140,0
1,141,0
17,141,0
1,142,0
17,142,0
1,143,0
17,143,0
1,144,0
17,144,0
1,145,0
17,145,0
1,146,0
17,146,0
1,147,0
17,147,0
1,148,0
17,148,0
1,149,0
16,149,0
1,150,0
16,150,0
1,151,0
15,151,0
1,152,0
15,152,0
1,153,0
15,153,0
1,154,0
15,154,0
1,155,0
15,155,0
1,156,0
14,156,0
1,157,0
14,157,0
1,158,0
13,158,0
1,159,0
13,159,0
1,160,0
13,160,0
1,161,0
13,161,0
1,162,0
12,162,0
1,163,0
12,163,0
1,164,0
11,164,0
1,165,0
11,165,0
1,166,0
11,166,0
1,167,0
11,167,0
1,168,0
11,168,0
1,169,0
11,169,0
1,170,0
10,170,0
1,171,0
9,171,0
1,172,0
9,172,0
1,173,0
9,173,0
1,174,0
9,174,0
1,175,0
9,175,0
1,176,0
9,176,0
1,177,0
9,177,0
1,178,0
8,178,0
1,179,0
8,179,0
1,180,0
8,180,0
1,181,0
8,181,0
1,182,0
8,182,0
1,183,0
6,183,0
1,184,0
6,184,0
1,185,0
6,185,0
1,186,0
6,186,0
1,187,0
6,187,0
1,188,0
4,188,0
1,189,0
4,189,0
1,190,0
4,190,0
1,191,0
4,191,0
1,192,0
4,192,0
1,193,0
4,193,0
1,194,0
4,194,0
1,195,0
4,195,0
1,196,0
4,196,0
1,197,0
4,197,0
1,198,0
4,198,0
1,199,0
4,199,0
1,200,0
4,200,0
1,201,0
4,201,0
1,202,0
4,202,0
1,203,0
4,203,0
1,204,0
4,204,0
1,205,0
4,205,0
1,206,0
4,206,0
1,207,0
4,207,0
1,208,0
4,208,0
1,209,0
4,209,0
1,210,0
4,210,0
1,211,0
4,211,0
1,212,0
4,212,0
1,213,0
4,213,0
1,214,0
4,214,0
1,215,0
4,215,0
1,216,0
4,216,0
1,217,0
4,217,0
1,218,0
4,218,0
1,219,0
4,219,0
1,220,0
4,220,0
1,221,0
4,221,0
1,222,0
4,222,0
1,223,0
3,223,0
1,224,0
3,224,0
1,225,0
3,225,0
1,226,0
3,226,0
1,227,0
3,227,0
1,228,0
3,228,0
1,229,0
3,229,0
1,230,0
3,230,0
1,231,0
3,231,0
1,232,0
3,232,0
1,233,0
3,233,0
1,234,0
3,234,0
1,235,0
3,235,0
1,236,0
3,236,0
1,237,0
3,237,0
1,238,0
3,238,0
1,239,0
3,239,0
1,240,0
3,240,0
1,241,0
3,241,0
1,242,0
3,242,0
1,243,0
3,243,0
1,244,0
3,244,0
1,245,0
3,245,0
1,246,0
3,246,0
1,247,0
3,247,0
1,248,0
3,248,0
1,249,0
3,249,0
1,250,0
3,250,0
1,251,0
3,251,0
1,252,0
3,252,0
1,253,0
3,253,0
1,254,0
3,254,0
1,255,0
3,255,0
1,256,0
3,256,0
1,257,0
3,257,0
1,258,0
3,258,0
1,259,0
3,259,0
1,260,0
3,260,0
1,261,0
3,261,0
1,262,0
3,262,0
1,263,0
3,263,0
1,264,0
3,264,0
1,265,0
3,265,0
1,266,0
3,266,0
1,267,0
3,267,0
1,268,0
3,268,0
1,269,0
3,269,0
1,270,0
3,270,0
1,271,0
3,271,0
1,272,0
3,272,0
1,273,0
3,273,0
1,274,0
3,274,0
1,275,0
3,275,0
1,276,0
3,276,0
1,277,0
3,277,0
1,278,0
3,278,0
1,279,0
3,279,0
1,280,0
3,280,0
1,281,0
3,281,0
1,282,0
3,282,0
1,283,0
3,283,0
1,284,0
3,284,0
1,285,0
3,285,0
1,286,0
3,286,0
1,287,0
3,287,0
1,288,0
3,288,0
1,289,0
3,289,0
1,290,0
3,290,0
1,291,0
3,291,0
1,292,0
3,292,0
1,293,0
3,293,0
1,294,0
3,294,0
1,295,0
3,295,0
1,296,0
3,296,0
1,297,0
3,297,0
1,298,0
3,298,0
1,299,0
3,299,0
1,300,0
3,300,0
1,301,0
3,301,0
1,302,0
3,302,0
1,303,0
3,303,0
1,304,0
3,304,0
1,305,0
3,305,0
1,306,0
3,306,0
1,307,0
3,307,0
1,308,0
3,308,0
1,309,0
3,309,0
1,310,0
3,310,0
1,311,0
3,311,0
1,312,0
3,312,0
1,313,0
3,313,0
1,314,0
3,314,0
1,315,0
3,315,0
1,316,0
3,316,0
1,317,0
3,317,0
1,318,0
3,318,0
1,319,0
2,319,0
1,320,0
2,320,0
1,321,0
2,321,0
1,322,0
2,322,0
1,323,0
2,323,0
1,324,0
2,324,0
1,325,0
2,325,0
1,326,0
2,326,0
1,327,0
2,327,0
1,328,0
2,328,0
1,329,0
2,329,0
1,330,0
2,330,0
1,331,0
2,331,0
1,332,0
2,332,0
1,333,0
2,333,0
1,334,0
2,334,0
1,335,0
2,335,0
1,336,0
2,336,0
1,337,0
2,337,0
1,338,0
2,338,0
1,339,0
2,339,0
1,340,0
2,340,0
1,341,0
2,341,0
1,342,0
2,342,0
1,343,0
2,343,0
1,344,0
1,344,0
1,345,0
1,345,0
1,346,0
1,346,0
1,347,0
1,347,0
1,348,0
1,348,0
1,349,0
1,349,0
1,350,0
1,350,0
1,351,0
1,351,0
1,352,0
1,352,0
1,353,0
1,353,0
1,354,0
1,354,0
1,355,0
1,355,0
1,356,0
1,356,0
1,357,0
1,357,0
1,358,0
1,358,0
1,359,0
1,359,0
1,360,0
1,360,0
1,361,0
1,361,0
1,362,0
1,362,0
1,363,0
1,363,0
1,364,0
1,364,0
1,365,0
1,365,0
1,366,0
1,366,0
1,367,0
1,367,0
1,368,0
1,368,0
1,369,0
1,369,0
1,370,0
1,370,0
1,371,0
1,371,0
1,372,0
1,372,0
1,373,0
1,373,0
1,374,0
1,374,0
1,375,0
1,375,0
1,376,0
1,376,0
1,377,0
1,377,0
1,378,0
1,378,0
1,379,0
1,379,0
1,380,0
1,380,0
1,381,0
1,381,0
1,382,0
1,382,0
1,383,0
1,383,0
1,384,0
1,384,0
1,385,0
1,385,0
1,386,0
1,386,0
1,387,0
1,387,0
1,388,0
1,388,0
1,389,0
1,389,0
1,390,0
1,390,0
1,391,0
1,391,0
1,392,0
1,392,0
1,393,0
1,393,0
1,394,0
1,394,0
1,395,0
1,395,0
1,396,0
1,396,0
1,397,0
1,397,0
1,398,0
1,398,0
1,399,0
1,399,0
1,400,0
1,400,0
1,401,0
1,401,0
1,402,0
1,402,0
1,403,0
1,403,0
1,404,0
1,404,0
1,405,0
1,405,0
1,406,0
1,406,0
1,407,0
1,407,0
1,408,0
1,408,0
1,409,0
1,409,0
1,410,0
1,410,0
1,411,0
1,411,0
1,412,0
1,412,0
1,413,0
1,413,0
1,414,0
1,414,0
1,415,0
1,415,0
1,416,0
1,416,0
1,417,0
1,417,0
1,418,0
1,418,0
1,419,0
1,419,0
1,420,0
1,420,0
1,421,0
1,421,0
1,422,0
1,422,0
1,423,0
1,423,0
1,424,0
1,424,0
1,425,0
1,425,0
1,426,0
1,426,0
1,427,0
1,427,0
1,428,0
1,428,0
1,429,0
1,429,0
1,430,0
1,430,0
1,431,0
1,431,0
1,432,0
1,432,0
1,433,0
1,433,0
1,434,0
1,434,0
1,435,0
1,435,0
1,436,0
1,436,0
1,437,0
1,437,0
1,438,0
1,438,0
1,439,0
1,439,0
1,440,0
1,440,0
1,441,0
1,441,0
1,442,0
1,442,0
1,443,0
1,443,0
1,444,0
1,444,0
1,445,0
1,445,0
1,446,0
1,446,0
1,447,0
1,447,0
1,448,0
1,448,0
1,449,0
1,449,0
1,450,0
1,450,0
1,451,0
1,451,0
1,452,0
1,452,0
1,453,0
1,453,0
1,454,0
1,454,0
1,455,0
1,455,0
1,456,0
1,456,0
1,457,0
1,457,0
1,458,0
1,458,0
1,459,0
1,459,0
1,460,0
1,460,0
1,461,0
1,461,0
1,462,0
1,462,0
1,463,0
1,463,0
1,464,0
1,464,0
1,465,0
1,465,0
1,466,0
1,466,0
1,467,0
1,467,0
1,468,0
1,468,0
1,469,0
1,469,0
1,470,0
1,470,0
1,471,0
1,471,0
1,472,0
1,472,0
1,473,0
1,473,0
1,474,0
1,474,0
1,475,0
1,475,0
1,476,0
1,476,0
1,477,0
1,477,0
1,478,0
1,478,0
1,479,0
1,479,0
1,480,0
1,480,0
1,481,0
1,481,0
1,482,0
1,482,0
1,483,0
1,483,0
1,484,0
1,484,0
1,485,0
1,485,0
1,486,0
1,486,0
1,487,0
1,487,0
1,488,0
1,488,0
1,489,0
1,489,0
1,490,0
1,490,0
1,491,0
1,491,0
1,492,0
1,492,0
1,493,0
1,493,0
1,494,0
1,494,0
1,495,0
1,495,0
1,496,0
1,496,0
1,497,0
1,497,0
1,498,0
1,498,0
1,499,0
1,499,0
1,500,0
1,500,0
1,501,0
1,501,0
1,502,0
1,502,0
1,503,0
1,503,0
1,504,0
1,504,0
1,505,0
1,505,0
1,506,0
1,506,0
1,507,0
1,507,0
1,508,0
1,508,0
1,509,0
1,509,0
1,510,0
1,510,0
1,511,0
1,511,0
1,512,0
1,512,0
1,513,0
1,513,0
1,514,0
1,514,0
1,515,0
1,515,0
1,516,0
1,516,0
1,517,0
1,517,0
1,518,0
1,518,0
1,519,0
1,519,0
1,520,0
1,520,0
1,521,0
1,521,0
1,522,0
1,522,0
1,523,0
1,523,0
1,524,0
1,524,0
1,525,0
1,525,0
1,526,0
1,526,0
1,527,0
1,527,0
1,528,0
1,528,0
1,529,0
1,529,0
1,530,0
1,530,0
1,531,0
1,531,0
1,532,0
1,532,0
1,533,0
1,533,0
1,534,0
1,534,0
1,535,0
1,535,0
1,536,0
1,536,0
1,537,0
1,537,0
1,538,0
1,538,0
1,539,0
1,539,0
1,540,0
1,540,0
1,541,0
1,541,0
1,542,0
1,542,0
1,543,0
1,543,0
1,544,0
1,544,0
1,545,0
1,545,0
1,546,0
1,546,0
1,547,0
1,547,0
1,548,0
1,548,0
1,549,0
1,549,0
1,550,0
1,550,0
1,551,0
1,551,0
1,552,0
1,552,0
1,553,0
1,553,0
1,554,0
1,554,0
1,555,0
1,555,0
1,556,0
1,556,0
1,557,0
1,557,0
1,558,0
1,558,0
1,559,0
1,559,0
1,560,0
1,560,0
1,561,0
1,561,0
1,562,0
1,562,0
1,563,0
1,563,0
1,564,0
1,564,0
1,565,0
1,565,0
1,566,0
1,566,0
1,567,0
1,567,0
1,568,0
1,568,0
1,569,0
1,569,0
1,570,0
1,570,0
1,571,0
1,571,0
1,572,0
1,572,0
1,573,0
1,573,0
1,574,0
1,574,0
1,575,0
1,575,0
1,576,0
1,576,0
1,577,0
1,577,0
1,578,0
1,578,0
1,579,0
1,579,0
1,580,0
1,580,0
1,581,0
1,581,0
1,582,0
1,582,0
1,583,0
1,583,0
1,584,0
1,584,0
1,585,0
1,585,0
1,586,0
1,586,0
1,587,0
1,587,0
1,588,0
1,588,0
1,589,0
1,589,0
1,590,0
1,590,0
1,591,0
1,591,0
1,592,0
1,592,0
1,593,0
1,593,0
1,594,0
1,594,0
1,595,0
1,595,0
1,596,0
1,596,0
1,597,0
1,597,0
1,598,0
1,598,0
1,599,0
1,599,0
1,600,0
1,600,0
1,601,0
1,601,0
1,602,0
1,602,0
1,603,0
1,603,0
1,604,0
1,604,0
1,605,0
1,605,0
1,606,0
1,606,0
1,607,0
1,607,0
1,608,0
1,608,0
1,609,0
1,609,0
1,610,0
1,610,0
1,611,0
1,611,0
1,612,0
1,612,0
1,613,0
1,613,0
1,614,0
1,614,0
1,615,0
1,615,0
1,616,0
1,616,0
1,617,0
1,617,0
1,618,0
1,618,0
1,619,0
1,619,0
1,620,0
1,620,0
1,621,0
1,621,0
1,622,0
1,622,0
1,623,0
1,623,0
1,624,0
1,624,0
1,625,0
1,625,0
1,626,0
1,626,0
1,627,0
1,627,0
1,628,0
1,628,0
1,629,0
1,629,0
1,630,0
1,630,0
1,631,0
1,631,0
1,632,0
1,632,0
1,633,0
1,633,0
1,634,0
1,634,0
1,635,0
1,635,0
1,636,0
1,636,0
1,637,0
1,637,0
1,638,0
1,638,0
1,639,0
1,639,0
1,640,0
1,640,0
1,641,0
1,641,0
1,642,0
1,642,0
1,643,0
1,643,0
1,644,0
1,644,0
1,645,0
1,645,0
1,646,0
1,646,0
1,647,0
1,647,0
1,648,0
1,648,0
1,649,0
1,649,0
1,650,0
1,650,0
1,651,0
1,651,0
1,652,0
1,652,0
1,653,0
1,653,0
1,654,0
1,654,0
1,655,0
1,655,0
1,656,0
1,656,0
