1,1,0
1,1,0
1,2,0
3,2,0
1,3,0
5,3,0
1,4,0
7,4,0
1,5,0
9,5,0
1,6,0
11,6,0
1,7,0
13,7,0
1,8,0
15,8,0
1,9,0
17,9,0
1,10,0
19,10,0
1,11,0
21,11,0
1,12,0
23,12,0
1,13,0
25,13,0
1,14,0
27,14,0
1,15,0
29,15,0
1,16,0
31,16,0
1,17,0
33,17,0
1,18,0
35,18,0
1,19,0
37,19,0
1,20,0
39,20,0
1,21,0
41,21,0
1,22,0
43,22,0
1,23,0
45,23,0
1,24,0
47,24,0
1,25,0
49,25,0
1,26,0
51,26,0
1,27,0
53,27,0
1,28,0
55,28,0
1,29,0
57,29,0
1,30,0
59,30,0
1,31,0
61,31,0
1,32,0
63,32,0
1,33,0
65,33,0
1,34,0
67,34,0
1,35,0
69,35,0
1,36,0
71,36,0
1,37,0
73,37,0
1,38,0
75,38,0
1,39,0
77,39,0
1,40,0
79,40,0
1,41,0
81,41,0
1,42,0
83,42,0
1,43,0
85,43,0
1,44,0
87,44,0
1,45,0
89,45,0
1,46,0
91,46,0
1,47,0
93,47,0
1,48,0
95,48,0
1,49,0
97,49,0
1,50,0
99,50,0
1,51,0
101,51,0
1,52,0
103,52,0
1,53,0
105,53,0
1,54,0
107,54,0
1,55,0
109,55,0
1,56,0
111,56,0
1,57,0
113,57,0
1,58,0
115,58,0
1,59,0
117,59,0
1,60,0
119,60,0
1,61,0
121,61,0
1,62,0
123,62,0
1,63,0
125,63,0
1,64,0
127,64,0
1,65,0
129,65,0
1,66,0
131,66,0
1,67,0
133,67,0
1,68,0
135,68,0
1,69,0
137,69,0
1,70,0
139,70,0
1,71,0
141,71,0
1,72,0
143,72,0
1,73,0
145,73,0
1,74,0
147,74,0
1,75,0
149,75,0
1,76,0
151,76,0
1,77,0
153,77,0
1,78,0
155,78,0
1,79,0
157,79,0
1,80,0
159,80,0
1,81,0
161,81,0
1,82,0
163,82,0
1,83,0
165,83,0
1,84,0
167,84,0
1,85,0
169,85,0
1,86,0
171,86,0
1,87,0
173,87,0
1,88,0
175,88,0
1,89,0
177,89,0
1,90,0
179,90,0
1,91,0
181,91,0
1,92,0
183,92,0
1,93,0
185,93,0
1,94,0
187,94,0
1,95,0
189,95,0
1,96,0
191,96,0
1,97,0
193,97,0
1,98,0
195,98,0
1,99,0
197,99,0
1,100,0
199,100,0
1,101,0
201,101,0
1,102,0
203,102,0
1,103,0
205,103,0
1,104,0
207,104,0
1,105,0
209,105,0
1,106,0
211,106,0
1,107,0
213,107,0
1,108,0
215,108,0
1,109,0
217,109,0
1,110,0
219,110,0
1,111,0
221,111,0
1,112,0
223,112,0
1,113,0
225,113,0
1,114,0
227,114,0
1,115,0
229,115,0
1,116,0
231,116,0
1,117,0
233,117,0
1,118,0
235,118,0
1,119,0
237,119,0
1,120,0
239,120,0
1,121,0
241,121,0
1,122,0
243,122,0
1,123,0
245,123,0
1,124,0
247,124,0
1,125,0
249,125,0
1,126,0
247,126,0
1,127,0
241,127,0
1,128,0
241,128,0
1,129,0
241,129,0
1,130,0
239,130,0
1,131,0
239,131,0
1,132,0
239,132,0
1,133,0
239,133,0
1,134,0
239,134,0
1,135,0
239,135,0
1,136,0
237,136,0
1,137,0
235,137,0
1,138,0
235,138,0
1,139,0
235,139,0
1,140,0
235,140,0
1,141,0
229,141,0
1,142,0
229,142,0
1,143,0
225,143,0
1,144,0
219,144,0
1,145,0
219,145,0
1,146,0
219,146,0
1,147,0
215,147,0
1,148,0
215,148,0
1,149,0
209,149,0
1,150,0
209,150,0
1,151,0
207,151,0
1,152,0
205,152,0
1,153,0
205,153,0
1,154,0
195,154,0
1,155,0
195,155,0
1,156,0
195,156,0
1,157,0
195,157,0
1,158,0
193,158,0
1,159,0
191,159,0
1,160,0
191,160,0
1,161,0
191,161,0
1,162,0
189,162,0
1,163,0
189,163,0
1,164,0
187,164,0
1,165,0
187,165,0
1,166,0
185,166,0
1,167,0
185,167,0
1,168,0
185,168,0
1,169,0
185,169,0
1,170,0
183,170,0
1,171,0
183,171,0
1,172,0
183,172,0
1,173,0
175,173,0
1,174,0
175,174,0
1,175,0
175,175,0
1,176,0
175,176,0
1,177,0
175,177,0
1,178,0
171,178,0
1,179,0
171,179,0
1,180,0
169,180,0
1,181,0
169,181,0
1,182,0
169,182,0
1,183,0
169,183,0
1,184,0
163,184,0
1,185,0
161,185,0
1,186,0
147,186,0
1,187,0
147,187,0
1,188,0
143,188,0
1,189,0
143,189,0
1,190,0
141,190,0
1,191,0
139,191,0
1,192,0
135,192,0
1,193,0
135,193,0
1,194,0
135,194,0
1,195,0
133,195,0
1,196,0
131,196,0
1,197,0
129,197,0
1,198,0
129,198,0
1,199,0
129,199,0
1,200,0
129,200,0
1,201,0
127,201,0
1,202,0
127,202,0
1,203,0
125,203,0
1,204,0
125,204,0
1,205,0
125,205,0
1,206,0
125,206,0
1,207,0
123,207,0
1,208,0
121,208,0
1,209,0
121,209,0
1,210,0
121,210,0
1,211,0
121,211,0
1,212,0
119,212,0
1,213,0
117,213,0
1,214,0
117,214,0
1,215,0
117,215,0
1,216,0
117,216,0
1,217,0
117,217,0
1,218,0
117,218,0
1,219,0
115,219,0
1,220,0
113,220,0
1,221,0
113,221,0
1,222,0
113,222,0
1,223,0
113,223,0
1,224,0
113,224,0
1,225,0
113,225,0
1,226,0
109,226,0
1,227,0
109,227,0
1,228,0
109,228,0
1,229,0
109,229,0
1,230,0
109,230,0
1,231,0
109,231,0
1,232,0
109,232,0
1,233,0
109,233,0
1,234,0
109,234,0
1,235,0
109,235,0
1,236,0
109,236,0
1,237,0
109,237,0
1,238,0
109,238,0
1,239,0
109,239,0
1,240,0
109,240,0
1,241,0
107,241,0
1,242,0
107,242,0
1,243,0
107,243,0
1,244,0
107,244,0
1,245,0
105,245,0
1,246,0
105,246,0
1,247,0
105,247,0
1,248,0
105,248,0
1,249,0
105,249,0
1,250,0
105,250,0
1,251,0
105,251,0
1,252,0
105,252,0
1,253,0
105,253,0
1,254,0
105,254,0
1,255,0
103,255,0
1,256,0
103,256,0
1,257,0
103,257,0
1,258,0
103,258,0
1,259,0
103,259,0
1,260,0
103,260,0
1,261,0
103,261,0
1,262,0
103,262,0
1,263,0
103,263,0
1,264,0
99,264,0
1,265,0
99,265,0
1,266,0
99,266,0
1,267,0
99,267,0
1,268,0
93,268,0
1,269,0
93,269,0
1,270,0
91,270,0
1,271,0
91,271,0
1,272,0
91,272,0
1,273,0
91,273,0
1,274,0
91,274,0
1,275,0
87,275,0
1,276,0
87,276,0
1,277,0
87,277,0
1,278,0
87,278,0
1,279,0
87,279,0
1,280,0
87,280,0
1,281,0
87,281,0
1,282,0
87,282,0
1,283,0
87,283,0
1,284,0
87,284,0
1,285,0
87,285,0
1,286,0
87,286,0
1,287,0
87,287,0
1,288,0
87,288,0
1,289,0
87,289,0
1,290,0
87,290,0
1,291,0
87,291,0
1,292,0
87,292,0
1,293,0
81,293,0
1,294,0
79,294,0
1,295,0
79,295,0
1,296,0
79,296,0
1,297,0
79,297,0
1,298,0
79,298,0
1,299,0
77,299,0
1,300,0
75,300,0
1,301,0
75,301,0
1,302,0
73,302,0
1,303,0
73,303,0
1,304,0
71,304,0
1,305,0
71,305,0
1,306,0
69,306,0
1,307,0
69,307,0
1,308,0
69,308,0
1,309,0
67,309,0
1,310,0
67,310,0
1,311,0
67,311,0
1,312,0
65,312,0
1,313,0
65,313,0
1,314,0
65,314,0
1,315,0
65,315,0
1,316,0
65,316,0
1,317,0
65,317,0
1,318,0
65,318,0
1,319,0
65,319,0
1,320,0
65,320,0
1,321,0
65,321,0
1,322,0
63,322,0
1,323,0
63,323,0
1,324,0
63,324,0
1,325,0
63,325,0
1,326,0
63,326,0
1,327,0
63,327,0
1,328,0
63,328,0
1,329,0
61,329,0
1,330,0
61,330,0
1,331,0
59,331,0
1,332,0
59,332,0
1,333,0
59,333,0
1,334,0
59,334,0
1,335,0
59,335,0
1,336,0
55,336,0
1,337,0
55,337,0
1,338,0
53,338,0
1,339,0
53,339,0
1,340,0
51,340,0
1,341,0
51,341,0
1,342,0
51,342,0
1,343,0
51,343,0
1,344,0
51,344,0
1,345,0
49,345,0
1,346,0
49,346,0
1,347,0
49,347,0
1,348,0
49,348,0
1,349,0
49,349,0
1,350,0
49,350,0
1,351,0
49,351,0
1,352,0
49,352,0
1,353,0
47,353,0
1,354,0
47,354,0
1,355,0
47,355,0
1,356,0
47,356,0
1,357,0
47,357,0
1,358,0
47,358,0
1,359,0
47,359,0
1,360,0
47,360,0
1,361,0
47,361,0
1,362,0
45,362,0
1,363,0
45,363,0
1,364,0
45,364,0
1,365,0
45,365,0
1,366,0
45,366,0
1,367,0
45,367,0
1,368,0
45,368,0
1,369,0
45,369,0
1,370,0
45,370,0
1,371,0
45,371,0
1,372,0
45,372,0
1,373,0
45,373,0
1,374,0
45,374,0
1,375,0
45,375,0
1,376,0
45,376,0
1,377,0
45,377,0
1,378,0
45,378,0
1,379,0
45,379,0
1,380,0
45,380,0
1,381,0
45,381,0
1,382,0
45,382,0
1,383,0
45,383,0
1,384,0
45,384,0
1,385,0
45,385,0
1,386,0
45,386,0
1,387,0
45,387,0
1,388,0
45,388,0
1,389,0
45,389,0
1,390,0
45,390,0
1,391,0
45,391,0
1,392,0
45,392,0
1,393,0
45,393,0
1,394,0
45,394,0
1,395,0
45,395,0
1,396,0
45,396,0
1,397,0
43,397,0
1,398,0
43,398,0
1,399,0
43,399,0
1,400,0
43,400,0
1,401,0
43,401,0
1,402,0
43,402,0
1,403,0
43,403,0
1,404,0
43,404,0
1,405,0
43,405,0
1,406,0
43,406,0
1,407,0
43,407,0
1,408,0
43,408,0
1,409,0
43,409,0
1,410,0
43,410,0
1,411,0
43,411,0
1,412,0
43,412,0
1,413,0
43,413,0
1,414,0
43,414,0
1,415,0
41,415,0
1,416,0
41,416,0
1,417,0
41,417,0
1,418,0
41,418,0
1,419,0
39,419,0
1,420,0
39,420,0
1,421,0
39,421,0
1,422,0
39,422,0
1,423,0
39,423,0
1,424,0
39,424,0
1,425,0
39,425,0
1,426,0
39,426,0
1,427,0
39,427,0
1,428,0
39,428,0
1,429,0
39,429,0
1,430,0
39,430,0
1,431,0
39,431,0
1,432,0
39,432,0
1,433,0
39,433,0
1,434,0
39,434,0
1,435,0
39,435,0
1,436,0
39,436,0
1,437,0
39,437,0
1,438,0
39,438,0
1,439,0
35,439,0
1,440,0
35,440,0
1,441,0
35,441,0
1,442,0
35,442,0
1,443,0
35,443,0
1,444,0
35,444,0
1,445,0
35,445,0
1,446,0
35,446,0
1,447,0
35,447,0
1,448,0
35,448,0
1,449,0
35,449,0
1,450,0
35,450,0
1,451,0
35,451,0
1,452,0
35,452,0
1,453,0
35,453,0
1,454,0
35,454,0
1,455,0
35,455,0
1,456,0
35,456,0
1,457,0
35,457,0
1,458,0
35,458,0
1,459,0
35,459,0
1,460,0
35,460,0
1,461,0
35,461,0
1,462,0
35,462,0
1,463,0
35,463,0
1,464,0
35,464,0
1,465,0
35,465,0
1,466,0
35,466,0
1,467,0
35,467,0
1,468,0
35,468,0
1,469,0
35,469,0
1,470,0
35,470,0
1,471,0
35,471,0
1,472,0
35,472,0
1,473,0
35,473,0
1,474,0
35,474,0
1,475,0
33,475,0
1,476,0
33,476,0
1,477,0
33,477,0
1,478,0
33,478,0
1,479,0
33,479,0
1,480,0
33,480,0
1,481,0
33,481,0
1,482,0
33,482,0
1,483,0
33,483,0
1,484,0
33,484,0
1,485,0
33,485,0
1,486,0
33,486,0
1,487,0
33,487,0
1,488,0
33,488,0
1,489,0
33,489,0
1,490,0
33,490,0
1,491,0
33,491,0
1,492,0
33,492,0
1,493,0
33,493,0
1,494,0
33,494,0
1,495,0
33,495,0
1,496,0
33,496,0
1,497,0
33,497,0
1,498,0
33,498,0
1,499,0
33,499,0
1,500,0
33,500,0
1,501,0
33,501,0
1,502,0
33,502,0
1,503,0
29,503,0
1,504,0
29,504,0
1,505,0
29,505,0
1,506,0
29,506,0
1,507,0
29,507,0
1,508,0
29,508,0
1,509,0
29,509,0
1,510,0
29,510,0
1,511,0
29,511,0
1,512,0
29,512,0
1,513,0
27,513,0
1,514,0
27,514,0
1,515,0
25,515,0
1,516,0
25,516,0
1,517,0
23,517,0
1,518,0
23,518,0
1,519,0
23,519,0
1,520,0
23,520,0
1,521,0
23,521,0
1,522,0
23,522,0
1,523,0
23,523,0
1,524,0
23,524,0
1,525,0
23,525,0
1,526,0
23,526,0
1,527,0
23,527,0
1,528,0
23,528,0
1,529,0
23,529,0
1,530,0
23,530,0
1,531,0
23,531,0
1,532,0
23,532,0
1,533,0
23,533,0
1,534,0
23,534,0
1,535,0
23,535,0
1,536,0
21,536,0
1,537,0
21,537,0
1,538,0
21,538,0
1,539,0
21,539,0
1,540,0
21,540,0
1,541,0
21,541,0
1,542,0
21,542,0
1,543,0
21,543,0
1,544,0
21,544,0
1,545,0
21,545,0
1,546,0
21,546,0
1,547,0
21,547,0
1,548,0
21,548,0
1,549,0
21,549,0
1,550,0
21,550,0
1,551,0
21,551,0
1,552,0
21,552,0
1,553,0
21,553,0
1,554,0
21,554,0
1,555,0
21,555,0
1,556,0
21,556,0
1,557,0
21,557,0
1,558,0
21,558,0
1,559,0
21,559,0
1,560,0
21,560,0
1,561,0
21,561,0
1,562,0
21,562,0
1,563,0
21,563,0
1,564,0
21,564,0
1,565,0
21,565,0
1,566,0
21,566,0
1,567,0
21,567,0
1,568,0
21,568,0
1,569,0
21,569,0
1,570,0
21,570,0
1,571,0
21,571,0
1,572,0
21,572,0
1,573,0
21,573,0
1,574,0
21,574,0
1,575,0
21,575,0
1,576,0
21,576,0
1,577,0
21,577,0
1,578,0
21,578,0
1,579,0
21,579,0
1,580,0
21,580,0
1,581,0
21,581,0
1,582,0
19,582,0
1,583,0
19,583,0
1,584,0
19,584,0
1,585,0
19,585,0
1,586,0
19,586,0
1,587,0
19,587,0
1,588,0
19,588,0
1,589,0
19,589,0
1,590,0
17,590,0
1,591,0
17,591,0
1,592,0
17,592,0
1,593,0
17,593,0
1,594,0
17,594,0
1,595,0
17,595,0
1,596,0
17,596,0
1,597,0
17,597,0
1,598,0
17,598,0
1,599,0
17,599,0
1,600,0
17,600,0
1,601,0
17,601,0
1,602,0
17,602,0
1,603,0
17,603,0
1,604,0
17,604,0
1,605,0
17,605,0
1,606,0
17,606,0
1,607,0
17,607,0
1,608,0
17,608,0
1,609,0
17,609,0
1,610,0
17,610,0
1,611,0
17,611,0
1,612,0
17,612,0
1,613,0
17,613,0
1,614,0
17,614,0
1,615,0
17,615,0
1,616,0
17,616,0
1,617,0
17,617,0
1,618,0
17,618,0
1,619,0
17,619,0
1,620,0
17,620,0
1,621,0
17,621,0
1,622,0
17,622,0
1,623,0
17,623,0
1,624,0
17,624,0
1,625,0
17,625,0
1,626,0
17,626,0
1,627,0
17,627,0
1,628,0
17,628,0
1,629,0
17,629,0
1,630,0
17,630,0
1,631,0
17,631,0
1,632,0
17,632,0
1,633,0
17,633,0
1,634,0
17,634,0
1,635,0
17,635,0
1,636,0
17,636,0
1,637,0
17,637,0
1,638,0
17,638,0
1,639,0
17,639,0
1,640,0
17,640,0
1,641,0
17,641,0
1,642,0
17,642,0
1,643,0
17,643,0
1,644,0
17,644,0
1,645,0
17,645,0
1,646,0
17,646,0
1,647,0
17,647,0
1,648,0
17,648,0
1,649,0
15,649,0
1,650,0
15,650,0
1,651,0
15,651,0
1,652,0
15,652,0
1,653,0
15,653,0
1,654,0
15,654,0
1,655,0
15,655,0
1,656,0
15,656,0
1,657,0
15,657,0
1,658,0
15,658,0
1,659,0
15,659,0
1,660,0
15,660,0
1,661,0
15,661,0
1,662,0
15,662,0
1,663,0
15,663,0
1,664,0
15,664,0
1,665,0
15,665,0
1,666,0
15,666,0
1,667,0
15,667,0
1,668,0
15,668,0
1,669,0
15,669,0
1,670,0
15,670,0
1,671,0
15,671,0
1,672,0
15,672,0
1,673,0
15,673,0
1,674,0
15,674,0
1,675,0
15,675,0
1,676,0
15,676,0
1,677,0
15,677,0
1,678,0
13,678,0
1,679,0
11,679,0
1,680,0
11,680,0
1,681,0
11,681,0
1,682,0
11,682,0
1,683,0
11,683,0
1,684,0
11,684,0
1,685,0
11,685,0
1,686,0
11,686,0
1,687,0
11,687,0
1,688,0
11,688,0
1,689,0
11,689,0
1,690,0
11,690,0
1,691,0
11,691,0
1,692,0
11,692,0
1,693,0
11,693,0
1,694,0
11,694,0
1,695,0
11,695,0
1,696,0
11,696,0
1,697,0
11,697,0
1,698,0
11,698,0
1,699,0
11,699,0
1,700,0
11,700,0
1,701,0
11,701,0
1,702,0
11,702,0
1,703,0
11,703,0
1,704,0
11,704,0
1,705,0
11,705,0
1,706,0
11,706,0
1,707,0
11,707,0
1,708,0
11,708,0
1,709,0
11,709,0
1,710,0
11,710,0
1,711,0
11,711,0
1,712,0
11,712,0
1,713,0
11,713,0
1,714,0
11,714,0
1,715,0
11,715,0
1,716,0
11,716,0
1,717,0
11,717,0
1,718,0
11,718,0
1,719,0
11,719,0
1,720,0
11,720,0
1,721,0
11,721,0
1,722,0
11,722,0
1,723,0
11,723,0
1,724,0
11,724,0
1,725,0
11,725,0
1,726,0
11,726,0
1,727,0
9,727,0
1,728,0
9,728,0
1,729,0
9,729,0
1,730,0
9,730,0
1,731,0
9,731,0
1,732,0
9,732,0
1,733,0
9,733,0
1,734,0
9,734,0
1,735,0
9,735,0
1,736,0
9,736,0
1,737,0
9,737,0
1,738,0
9,738,0
1,739,0
9,739,0
1,740,0
9,740,0
1,741,0
9,741,0
1,742,0
9,742,0
1,743,0
9,743,0
1,744,0
9,744,0
1,745,0
9,745,0
1,746,0
9,746,0
1,747,0
9,747,0
1,748,0
9,748,0
1,749,0
9,749,0
1,750,0
9,750,0
1,751,0
9,751,0
1,752,0
9,752,0
1,753,0
9,753,0
1,754,0
9,754,0
1,755,0
9,755,0
1,756,0
9,756,0
1,757,0
7,757,0
1,758,0
5,758,0
1,759,0
5,759,0
1,760,0
5,760,0
1,761,0
5,761,0
1,762,0
5,762,0
1,763,0
5,763,0
1,764,0
5,764,0
1,765,0
5,765,0
1,766,0
5,766,0
1,767,0
5,767,0
1,768,0
5,768,0
1,769,0
5,769,0
1,770,0
5,770,0
1,771,0
5,771,0
1,772,0
5,772,0
1,773,0
5,773,0
1,774,0
5,774,0
1,775,0
5,775,0
1,776,0
5,776,0
1,777,0
5,777,0
1,778,0
5,778,0
1,779,0
5,779,0
1,780,0
5,780,0
1,781,0
5,781,0
1,782,0
5,782,0
1,783,0
5,783,0
1,784,0
5,784,0
1,785,0
5,785,0
1,786,0
5,786,0
1,787,0
5,787,0
1,788,0
5,788,0
1,789,0
5,789,0
1,790,0
5,790,0
1,791,0
5,791,0
1,792,0
5,792,0
1,793,0
5,793,0
1,794,0
5,794,0
1,795,0
5,795,0
1,796,0
5,796,0
1,797,0
5,797,0
1,798,0
5,798,0
1,799,0
5,799,0
1,800,0
3,800,0
1,801,0
3,801,0
1,802,0
3,802,0
1,803,0
3,803,0
1,804,0
3,804,0
1,805,0
3,805,0
1,806,0
3,806,0
1,807,0
3,807,0
1,808,0
3,808,0
1,809,0
3,809,0
1,810,0
3,810,0
1,811,0
3,811,0
1,812,0
3,812,0
1,813,0
3,813,0
1,814,0
3,814,0
1,815,0
3,815,0
1,816,0
3,816,0
1,817,0
3,817,0
1,818,0
3,818,0
1,819,0
3,819,0
1,820,0
3,820,0
1,821,0
3,821,0
1,822,0
3,822,0
1,823,0
3,823,0
1,824,0
3,824,0
1,825,0
3,825,0
1,826,0
3,826,0
1,827,0
3,827,0
1,828,0
3,828,0
1,829,0
3,829,0
1,830,0
3,830,0
1,831,0
3,831,0
1,832,0
3,832,0
1,833,0
3,833,0
1,834,0
3,834,0
1,835,0
3,835,0
1,836,0
3,836,0
1,837,0
3,837,0
1,838,0
3,838,0
1,839,0
3,839,0
1,840,0
3,840,0
1,841,0
3,841,0
1,842,0
3,842,0
1,843,0
3,843,0
1,844,0
3,844,0
1,845,0
3,845,0
1,846,0
3,846,0
1,847,0
3,847,0
1,848,0
3,848,0
1,849,0
3,849,0
1,850,0
3,850,0
1,851,0
3,851,0
1,852,0
3,852,0
1,853,0
3,853,0
1,854,0
3,854,0
1,855,0
3,855,0
1,856,0
3,856,0
1,857,0
3,857,0
1,858,0
3,858,0
1,859,0
3,859,0
1,860,0
3,860,0
1,861,0
3,861,0
1,862,0
3,862,0
1,863,0
3,863,0
1,864,0
3,864,0
1,865,0
3,865,0
1,866,0
3,866,0
1,867,0
3,867,0
1,868,0
3,868,0
1,869,0
1,869,0
1,870,0
1,870,0
1,871,0
1,871,0
1,872,0
1,872,0
1,873,0
1,873,0
1,874,0
1,874,0
1,875,0
1,875,0
1,876,0
1,876,0
1,877,0
1,877,0
1,878,0
1,878,0
1,879,0
1,879,0
1,880,0
1,880,0
1,881,0
1,881,0
1,882,0
1,882,0
1,883,0
1,883,0
1,884,0
1,884,0
1,885,0
1,885,0
1,886,0
1,886,0
1,887,0
1,887,0
1,888,0
1,888,0
1,889,0
1,889,0
1,890,0
1,890,0
1,891,0
1,891,0
1,892,0
1,892,0
1,893,0
1,893,0
1,894,0
1,894,0
1,895,0
1,895,0
1,896,0
1,896,0
1,897,0
1,897,0
1,898,0
1,898,0
1,899,0
1,899,0
1,900,0
1,900,0
1,901,0
1,901,0
1,902,0
1,902,0
1,903,0
1,903,0
1,904,0
1,904,0
1,905,0
1,905,0
1,906,0
1,906,0
1,907,0
1,907,0
1,908,0
1,908,0
1,909,0
1,909,0
1,910,0
1,910,0
1,911,0
1,911,0
1,912,0
1,912,0
1,913,0
1,913,0
1,914,0
1,914,0
1,915,0
1,915,0
1,916,0
1,916,0
1,917,0
1,917,0
1,918,0
1,918,0
1,919,0
1,919,0
1,920,0
1,920,0
1,921,0
1,921,0
1,922,0
1,922,0
1,923,0
1,923,0
1,924,0
1,924,0
1,925,0
1,925,0
1,926,0
1,926,0
1,927,0
1,927,0
1,928,0
1,928,0
1,929,0
1,929,0
1,930,0
1,930,0
1,931,0
1,931,0
1,932,0
1,932,0
1,933,0
1,933,0
1,934,0
1,934,0
1,935,0
1,935,0
1,936,0
1,936,0
1,937,0
1,937,0
1,938,0
1,938,0
1,939,0
1,939,0
1,940,0
1,940,0
1,941,0
1,941,0
1,942,0
1,942,0
1,943,0
1,943,0
1,944,0
1,944,0
1,945,0
1,945,0
1,946,0
1,946,0
1,947,0
1,947,0
1,948,0
1,948,0
1,949,0
1,949,0
1,950,0
1,950,0
1,951,0
1,951,0
1,952,0
1,952,0
1,953,0
1,953,0
1,954,0
1,954,0
1,955,0
1,955,0
1,956,0
1,956,0
1,957,0
1,957,0
1,958,0
1,958,0
1,959,0
1,959,0
1,960,0
1,960,0
