1,1,0
124,1,0
1,2,0
123,2,0
1,3,0
122,3,0
1,4,0
122,4,0
1,5,0
121,5,0
1,6,0
121,6,0
1,7,0
120,7,0
1,8,0
119,8,0
1,9,0
118,9,0
1,10,0
117,10,0
1,11,0
117,11,0
1,12,0
116,12,0
1,13,0
116,13,0
1,14,0
115,14,0
1,15,0
114,15,0
1,16,0
113,16,0
1,17,0
112,17,0
1,18,0
111,18,0
1,19,0
111,19,0
1,20,0
110,20,0
1,21,0
109,21,0
1,22,0
109,22,0
1,23,0
108,23,0
1,24,0
107,24,0
1,25,0
106,25,0
1,26,0
105,26,0
1,27,0
105,27,0
1,28,0
105,28,0
1,29,0
105,29,0
1,30,0
105,30,0
1,31,0
104,31,0
1,32,0
103,32,0
1,33,0
103,33,0
1,34,0
102,34,0
1,35,0
101,35,0
1,36,0
101,36,0
1,37,0
101,37,0
1,38,0
101,38,0
1,39,0
101,39,0
1,40,0
101,40,0
1,41,0
101,41,0
1,42,0
100,42,0
1,43,0
99,43,0
1,44,0
98,44,0
1,45,0
98,45,0
1,46,0
97,46,0
1,47,0
97,47,0
1,48,0
96,48,0
1,49,0
96,49,0
1,50,0
96,50,0
1,51,0
96,51,0
1,52,0
96,52,0
1,53,0
96,53,0
1,54,0
96,54,0
1,55,0
96,55,0
1,56,0
96,56,0
1,57,0
96,57,0
1,58,0
95,58,0
1,59,0
94,59,0
1,60,0
94,60,0
1,61,0
93,61,0
1,62,0
92,62,0
1,63,0
92,63,0
1,64,0
92,64,0
1,65,0
92,65,0
1,66,0
91,66,0
1,67,0
90,67,0
1,68,0
90,68,0
1,69,0
90,69,0
1,70,0
90,70,0
1,71,0
90,71,0
1,72,0
89,72,0
1,73,0
89,73,0
1,74,0
88,74,0
1,75,0
88,75,0
1,76,0
88,76,0
1,77,0
87,77,0
1,78,0
87,78,0
1,79,0
87,79,0
1,80,0
87,80,0
1,81,0
86,81,0
1,82,0
85,82,0
1,83,0
85,83,0
1,84,0
84,84,0
1,85,0
83,85,0
1,86,0
83,86,0
1,87,0
83,87,0
1,88,0
83,88,0
1,89,0
82,89,0
1,90,0
81,90,0
1,91,0
81,91,0
1,92,0
81,92,0
1,93,0
81,93,0
1,94,0
80,94,0
1,95,0
80,95,0
1,96,0
80,96,0
1,97,0
79,97,0
1,98,0
78,98,0
1,99,0
77,99,0
1,100,0
77,100,0
1,101,0
77,101,0
1,102,0
77,102,0
1,103,0
76,103,0
1,104,0
75,104,0
1,105,0
74,105,0
1,106,0
74,106,0
1,107,0
74,107,0
1,108,0
74,108,0
1,109,0
74,109,0
1,110,0
74,110,0
1,111,0
74,111,0
1,112,0
74,112,0
1,113,0
74,113,0
1,114,0
73,114,0
1,115,0
73,115,0
1,116,0
72,116,0
1,117,0
72,117,0
1,118,0
72,118,0
1,119,0
71,119,0
1,120,0
71,120,0
1,121,0
71,121,0
1,122,0
71,122,0
1,123,0
71,123,0
1,124,0
71,124,0
1,125,0
71,125,0
1,126,0
71,126,0
1,127,0
71,127,0
1,128,0
71,128,0
1,129,0
70,129,0
1,130,0
70,130,0
1,131,0
70,131,0
1,132,0
70,132,0
1,133,0
69,133,0
1,134,0
69,134,0
1,135,0
69,135,0
1,136,0
69,136,0
1,137,0
69,137,0
1,138,0
68,138,0
1,139,0
67,139,0
1,140,0
67,140,0
1,141,0
67,141,0
1,142,0
67,142,0
1,143,0
66,143,0
1,144,0
66,144,0
1,145,0
65,145,0
1,146,0
65,146,0
1,147,0
64,147,0
1,148,0
63,148,0
1,149,0
63,149,0
1,150,0
63,150,0
1,151,0
62,151,0
1,152,0
62,152,0
1,153,0
61,153,0
1,154,0
61,154,0
1,155,0
60,155,0
1,156,0
60,156,0
1,157,0
60,157,0
1,158,0
59,158,0
1,159,0
58,159,0
1,160,0
58,160,0
1,161,0
57,161,0
1,162,0
57,162,0
1,163,0
56,163,0
1,164,0
55,164,0
1,165,0
54,165,0
1,166,0
53,166,0
1,167,0
53,167,0
1,168,0
53,168,0
1,169,0
53,169,0
1,170,0
53,170,0
1,171,0
53,171,0
1,172,0
53,172,0
1,173,0
52,173,0
1,174,0
52,174,0
1,175,0
52,175,0
1,176,0
52,176,0
1,177,0
51,177,0
1,178,0
51,178,0
1,179,0
50,179,0
1,180,0
50,180,0
1,181,0
50,181,0
1,182,0
50,182,0
1,183,0
50,183,0
1,184,0
50,184,0
1,185,0
50,185,0
1,186,0
50,186,0
1,187,0
50,187,0
1,188,0
50,188,0
1,189,0
50,189,0
1,190,0
50,190,0
1,191,0
50,191,0
1,192,0
50,192,0
1,193,0
50,193,0
1,194,0
50,194,0
1,195,0
50,195,0
1,196,0
50,196,0
1,197,0
50,197,0
1,198,0
50,198,0
1,199,0
50,199,0
1,200,0
50,200,0
1,201,0
49,201,0
1,202,0
49,202,0
1,203,0
49,203,0
1,204,0
49,204,0
1,205,0
49,205,0
1,206,0
49,206,0
1,207,0
49,207,0
1,208,0
49,208,0
1,209,0
49,209,0
1,210,0
49,210,0
1,211,0
49,211,0
1,212,0
49,212,0
1,213,0
49,213,0
1,214,0
49,214,0
1,215,0
49,215,0
1,216,0
49,216,0
1,217,0
48,217,0
1,218,0
48,218,0
1,219,0
48,219,0
1,220,0
48,220,0
1,221,0
48,221,0
1,222,0
48,222,0
1,223,0
48,223,0
1,224,0
48,224,0
1,225,0
48,225,0
1,226,0
48,226,0
1,227,0
48,227,0
1,228,0
48,228,0
1,229,0
47,229,0
1,230,0
47,230,0
1,231,0
47,231,0
1,232,0
47,232,0
1,233,0
47,233,0
1,234,0
47,234,0
1,235,0
46,235,0
1,236,0
46,236,0
1,237,0
45,237,0
1,238,0
45,238,0
1,239,0
45,239,0
1,240,0
45,240,0
1,241,0
45,241,0
1,242,0
45,242,0
1,243,0
45,243,0
1,244,0
44,244,0
1,245,0
44,245,0
1,246,0
43,246,0
1,247,0
42,247,0
1,248,0
42,248,0
1,249,0
42,249,0
1,250,0
41,250,0
1,251,0
41,251,0
1,252,0
41,252,0
1,253,0
41,253,0
1,254,0
40,254,0
1,255,0
39,255,0
1,256,0
39,256,0
1,257,0
39,257,0
1,258,0
39,258,0
1,259,0
39,259,0
1,260,0
39,260,0
1,261,0
38,261,0
1,262,0
38,262,0
1,263,0
38,263,0
1,264,0
38,264,0
1,265,0
38,265,0
1,266,0
38,266,0
1,267,0
38,267,0
1,268,0
38,268,0
1,269,0
37,269,0
1,270,0
37,270,0
1,271,0
37,271,0
1,272,0
37,272,0
1,273,0
36,273,0
1,274,0
36,274,0
1,275,0
36,275,0
1,276,0
36,276,0
1,277,0
36,277,0
1,278,0
36,278,0
1,279,0
36,279,0
1,280,0
35,280,0
1,281,0
35,281,0
1,282,0
35,282,0
1,283,0
34,283,0
1,284,0
34,284,0
1,285,0
34,285,0
1,286,0
34,286,0
1,287,0
34,287,0
1,288,0
33,288,0
1,289,0
33,289,0
1,290,0
32,290,0
1,291,0
32,291,0
1,292,0
32,292,0
1,293,0
32,293,0
1,294,0
32,294,0
1,295,0
32,295,0
1,296,0
32,296,0
1,297,0
32,297,0
1,298,0
32,298,0
1,299,0
32,299,0
1,300,0
31,300,0
1,301,0
30,301,0
1,302,0
30,302,0
1,303,0
30,303,0
1,304,0
30,304,0
1,305,0
30,305,0
1,306,0
30,306,0
1,307,0
30,307,0
1,308,0
30,308,0
1,309,0
30,309,0
1,310,0
30,310,0
1,311,0
30,311,0
1,312,0
29,312,0
1,313,0
29,313,0
1,314,0
29,314,0
1,315,0
29,315,0
1,316,0
29,316,0
1,317,0
29,317,0
1,318,0
29,318,0
1,319,0
29,319,0
1,320,0
29,320,0
1,321,0
29,321,0
1,322,0
28,322,0
1,323,0
28,323,0
1,324,0
28,324,0
1,325,0
27,325,0
1,326,0
26,326,0
1,327,0
26,327,0
1,328,0
26,328,0
1,329,0
26,329,0
1,330,0
26,330,0
1,331,0
26,331,0
1,332,0
26,332,0
1,333,0
26,333,0
1,334,0
26,334,0
1,335,0
26,335,0
1,336,0
26,336,0
1,337,0
25,337,0
1,338,0
24,338,0
1,339,0
24,339,0
1,340,0
24,340,0
1,341,0
24,341,0
1,342,0
24,342,0
1,343,0
24,343,0
1,344,0
24,344,0
1,345,0
24,345,0
1,346,0
24,346,0
1,347,0
24,347,0
1,348,0
24,348,0
1,349,0
23,349,0
1,350,0
22,350,0
1,351,0
22,351,0
1,352,0
22,352,0
1,353,0
22,353,0
1,354,0
22,354,0
1,355,0
22,355,0
1,356,0
22,356,0
1,357,0
22,357,0
1,358,0
22,358,0
1,359,0
21,359,0
1,360,0
21,360,0
1,361,0
21,361,0
1,362,0
21,362,0
1,363,0
21,363,0
1,364,0
21,364,0
1,365,0
21,365,0
1,366,0
21,366,0
1,367,0
21,367,0
1,368,0
20,368,0
1,369,0
20,369,0
1,370,0
20,370,0
1,371,0
19,371,0
1,372,0
19,372,0
1,373,0
19,373,0
1,374,0
18,374,0
1,375,0
18,375,0
1,376,0
18,376,0
1,377,0
18,377,0
1,378,0
18,378,0
1,379,0
18,379,0
1,380,0
18,380,0
1,381,0
18,381,0
1,382,0
18,382,0
1,383,0
17,383,0
1,384,0
17,384,0
1,385,0
17,385,0
1,386,0
17,386,0
1,387,0
17,387,0
1,388,0
17,388,0
1,389,0
17,389,0
1,390,0
17,390,0
1,391,0
17,391,0
1,392,0
17,392,0
1,393,0
17,393,0
1,394,0
17,394,0
1,395,0
17,395,0
1,396,0
17,396,0
1,397,0
17,397,0
1,398,0
17,398,0
1,399,0
16,399,0
1,400,0
16,400,0
1,401,0
16,401,0
1,402,0
16,402,0
1,403,0
16,403,0
1,404,0
16,404,0
1,405,0
16,405,0
1,406,0
16,406,0
1,407,0
16,407,0
1,408,0
16,408,0
1,409,0
16,409,0
1,410,0
16,410,0
1,411,0
16,411,0
1,412,0
16,412,0
1,413,0
16,413,0
1,414,0
16,414,0
1,415,0
16,415,0
1,416,0
16,416,0
1,417,0
16,417,0
1,418,0
16,418,0
1,419,0
16,419,0
1,420,0
15,420,0
1,421,0
15,421,0
1,422,0
15,422,0
1,423,0
15,423,0
1,424,0
15,424,0
1,425,0
15,425,0
1,426,0
15,426,0
1,427,0
15,427,0
1,428,0
15,428,0
1,429,0
15,429,0
1,430,0
15,430,0
1,431,0
15,431,0
1,432,0
15,432,0
1,433,0
15,433,0
1,434,0
15,434,0
1,435,0
15,435,0
1,436,0
15,436,0
1,437,0
15,437,0
1,438,0
15,438,0
1,439,0
15,439,0
1,440,0
15,440,0
1,441,0
15,441,0
1,442,0
15,442,0
1,443,0
14,443,0
1,444,0
14,444,0
1,445,0
14,445,0
1,446,0
14,446,0
1,447,0
14,447,0
1,448,0
14,448,0
1,449,0
13,449,0
1,450,0
13,450,0
1,451,0
13,451,0
1,452,0
12,452,0
1,453,0
12,453,0
1,454,0
12,454,0
1,455,0
12,455,0
1,456,0
12,456,0
1,457,0
12,457,0
1,458,0
12,458,0
1,459,0
12,459,0
1,460,0
11,460,0
1,461,0
11,461,0
1,462,0
11,462,0
1,463,0
11,463,0
1,464,0
11,464,0
1,465,0
11,465,0
1,466,0
11,466,0
1,467,0
11,467,0
1,468,0
11,468,0
1,469,0
11,469,0
1,470,0
11,470,0
1,471,0
11,471,0
1,472,0
10,472,0
1,473,0
10,473,0
1,474,0
10,474,0
1,475,0
10,475,0
1,476,0
10,476,0
1,477,0
10,477,0
1,478,0
10,478,0
1,479,0
10,479,0
1,480,0
10,480,0
1,481,0
10,481,0
1,482,0
10,482,0
1,483,0
10,483,0
1,484,0
10,484,0
1,485,0
10,485,0
1,486,0
10,486,0
1,487,0
10,487,0
1,488,0
10,488,0
1,489,0
10,489,0
1,490,0
10,490,0
1,491,0
9,491,0
1,492,0
9,492,0
1,493,0
9,493,0
1,494,0
9,494,0
1,495,0
9,495,0
1,496,0
9,496,0
1,497,0
9,497,0
1,498,0
9,498,0
1,499,0
8,499,0
1,500,0
8,500,0
1,501,0
8,501,0
1,502,0
8,502,0
1,503,0
8,503,0
1,504,0
8,504,0
1,505,0
8,505,0
1,506,0
8,506,0
1,507,0
7,507,0
1,508,0
7,508,0
1,509,0
7,509,0
1,510,0
7,510,0
1,511,0
7,511,0
1,512,0
7,512,0
1,513,0
7,513,0
1,514,0
7,514,0
1,515,0
6,515,0
1,516,0
6,516,0
1,517,0
6,517,0
1,518,0
6,518,0
1,519,0
6,519,0
1,520,0
6,520,0
1,521,0
6,521,0
1,522,0
6,522,0
1,523,0
6,523,0
1,524,0
6,524,0
1,525,0
6,525,0
1,526,0
6,526,0
1,527,0
6,527,0
1,528,0
6,528,0
1,529,0
6,529,0
1,530,0
6,530,0
1,531,0
6,531,0
1,532,0
6,532,0
1,533,0
6,533,0
1,534,0
6,534,0
1,535,0
6,535,0
1,536,0
6,536,0
1,537,0
6,537,0
1,538,0
6,538,0
1,539,0
6,539,0
1,540,0
6,540,0
1,541,0
6,541,0
1,542,0
6,542,0
1,543,0
6,543,0
1,544,0
6,544,0
1,545,0
6,545,0
1,546,0
6,546,0
1,547,0
6,547,0
1,548,0
6,548,0
1,549,0
6,549,0
1,550,0
6,550,0
1,551,0
5,551,0
1,552,0
5,552,0
1,553,0
5,553,0
1,554,0
5,554,0
1,555,0
5,555,0
1,556,0
5,556,0
1,557,0
5,557,0
1,558,0
5,558,0
1,559,0
5,559,0
1,560,0
5,560,0
1,561,0
5,561,0
1,562,0
5,562,0
1,563,0
5,563,0
1,564,0
5,564,0
1,565,0
5,565,0
1,566,0
5,566,0
1,567,0
5,567,0
1,568,0
5,568,0
1,569,0
5,569,0
1,570,0
5,570,0
1,571,0
5,571,0
1,572,0
5,572,0
1,573,0
5,573,0
1,574,0
5,574,0
1,575,0
5,575,0
1,576,0
5,576,0
1,577,0
5,577,0
1,578,0
5,578,0
1,579,0
5,579,0
1,580,0
5,580,0
1,581,0
5,581,0
1,582,0
5,582,0
1,583,0
5,583,0
1,584,0
5,584,0
1,585,0
5,585,0
1,586,0
5,586,0
1,587,0
5,587,0
1,588,0
5,588,0
1,589,0
5,589,0
1,590,0
5,590,0
1,591,0
5,591,0
1,592,0
5,592,0
1,593,0
5,593,0
1,594,0
4,594,0
1,595,0
4,595,0
1,596,0
4,596,0
1,597,0
4,597,0
1,598,0
4,598,0
1,599,0
4,599,0
1,600,0
4,600,0
1,601,0
4,601,0
1,602,0
4,602,0
1,603,0
4,603,0
1,604,0
4,604,0
1,605,0
4,605,0
1,606,0
4,606,0
1,607,0
4,607,0
1,608,0
4,608,0
1,609,0
4,609,0
1,610,0
4,610,0
1,611,0
4,611,0
1,612,0
4,612,0
1,613,0
4,613,0
1,614,0
4,614,0
1,615,0
4,615,0
1,616,0
4,616,0
1,617,0
4,617,0
1,618,0
4,618,0
1,619,0
4,619,0
1,620,0
4,620,0
1,621,0
4,621,0
1,622,0
4,622,0
1,623,0
4,623,0
1,624,0
4,624,0
1,625,0
4,625,0
1,626,0
4,626,0
1,627,0
4,627,0
1,628,0
3,628,0
1,629,0
3,629,0
1,630,0
3,630,0
1,631,0
3,631,0
1,632,0
3,632,0
1,633,0
3,633,0
1,634,0
3,634,0
1,635,0
3,635,0
1,636,0
3,636,0
1,637,0
3,637,0
1,638,0
3,638,0
1,639,0
3,639,0
1,640,0
3,640,0
1,641,0
3,641,0
1,642,0
3,642,0
1,643,0
3,643,0
1,644,0
3,644,0
1,645,0
2,645,0
1,646,0
2,646,0
1,647,0
2,647,0
1,648,0
2,648,0
1,649,0
2,649,0
1,650,0
2,650,0
1,651,0
2,651,0
1,652,0
2,652,0
1,653,0
2,653,0
1,654,0
2,654,0
1,655,0
2,655,0
1,656,0
2,656,0
1,657,0
2,657,0
1,658,0
2,658,0
1,659,0
2,659,0
1,660,0
2,660,0
1,661,0
2,661,0
1,662,0
2,662,0
1,663,0
2,663,0
1,664,0
2,664,0
1,665,0
2,665,0
1,666,0
2,666,0
1,667,0
2,667,0
1,668,0
2,668,0
1,669,0
2,669,0
1,670,0
2,670,0
1,671,0
2,671,0
1,672,0
2,672,0
1,673,0
2,673,0
1,674,0
2,674,0
1,675,0
2,675,0
1,676,0
2,676,0
1,677,0
2,677,0
1,678,0
2,678,0
1,679,0
2,679,0
1,680,0
2,680,0
1,681,0
2,681,0
1,682,0
2,682,0
1,683,0
2,683,0
1,684,0
2,684,0
1,685,0
2,685,0
1,686,0
2,686,0
1,687,0
2,687,0
1,688,0
2,688,0
1,689,0
2,689,0
1,690,0
2,690,0
1,691,0
2,691,0
1,692,0
2,692,0
1,693,0
2,693,0
1,694,0
2,694,0
1,695,0
2,695,0
1,696,0
2,696,0
1,697,0
2,697,0
1,698,0
2,698,0
1,699,0
1,699,0
1,700,0
1,700,0
1,701,0
1,701,0
1,702,0
1,702,0
1,703,0
1,703,0
1,704,0
1,704,0
1,705,0
1,705,0
1,706,0
1,706,0
1,707,0
1,707,0
1,708,0
1,708,0
