1,2,0
1,2,0
1,3,0
2,3,0
1,4,0
3,4,0
1,5,0
4,5,0
1,6,0
5,6,0
1,7,0
6,7,0
1,8,0
7,8,0
1,9,0
8,9,0
1,10,0
9,10,0
1,11,0
10,11,0
1,12,0
11,12,0
1,13,0
12,13,0
1,14,0
13,14,0
1,15,0
14,15,0
1,16,0
15,16,0
1,17,0
16,17,0
1,18,0
17,18,0
1,19,0
18,19,0
1,20,0
19,20,0
1,21,0
20,21,0
1,22,0
21,22,0
1,23,0
22,23,0
1,24,0
23,24,0
1,25,0
24,25,0
1,26,0
25,26,0
1,27,0
26,27,0
1,28,0
27,28,0
1,29,0
28,29,0
1,30,0
29,30,0
1,31,0
30,31,0
1,32,0
31,32,0
1,33,0
32,33,0
1,34,0
33,34,0
1,35,0
34,35,0
1,36,0
35,36,0
1,37,0
36,37,0
1,38,0
37,38,0
1,39,0
38,39,0
1,40,0
39,40,0
1,41,0
40,41,0
1,42,0
41,42,0
1,43,0
42,43,0
1,44,0
43,44,0
1,45,0
44,45,0
1,46,0
45,46,0
1,47,0
46,47,0
1,48,0
47,48,0
1,49,0
48,49,0
1,50,0
49,50,0
1,51,0
50,51,0
1,52,0
51,52,0
1,53,0
52,53,0
1,54,0
53,54,0
1,55,0
54,55,0
1,56,0
55,56,0
1,57,0
56,57,0
1,58,0
57,58,0
1,59,0
58,59,0
1,60,0
59,60,0
1,61,0
60,61,0
1,62,0
61,62,0
1,63,0
62,63,0
1,64,0
63,64,0
1,65,0
64,65,0
1,66,0
65,66,0
1,67,0
66,67,0
1,68,0
67,68,0
1,69,0
68,69,0
1,70,0
69,70,0
1,71,0
70,71,0
1,72,0
71,72,0
1,73,0
72,73,0
1,74,0
73,74,0
1,75,0
74,75,0
1,76,0
75,76,0
1,77,0
76,77,0
1,78,0
77,78,0
1,79,0
78,79,0
1,80,0
79,80,0
1,81,0
80,81,0
1,82,0
81,82,0
1,83,0
82,83,0
1,84,0
83,84,0
1,85,0
84,85,0
1,86,0
85,86,0
1,87,0
86,87,0
1,88,0
87,88,0
1,89,0
88,89,0
1,90,0
89,90,0
1,91,0
90,91,0
1,92,0
91,92,0
1,93,0
92,93,0
1,94,0
93,94,0
1,95,0
94,95,0
1,96,0
95,96,0
1,97,0
96,97,0
1,98,0
97,98,0
1,99,0
98,99,0
1,100,0
99,100,0
1,101,0
100,101,0
1,102,0
101,102,0
1,103,0
102,103,0
1,104,0
103,104,0
1,105,0
104,105,0
1,106,0
105,106,0
1,107,0
106,107,0
1,108,0
107,108,0
1,109,0
108,109,0
1,110,0
109,110,0
1,111,0
110,111,0
1,112,0
111,112,0
1,113,0
112,113,0
1,114,0
113,114,0
1,115,0
114,115,0
1,116,0
115,116,0
1,117,0
116,117,0
1,118,0
117,118,0
1,119,0
118,119,0
1,120,0
119,120,0
1,121,0
120,121,0
1,122,0
121,122,0
1,123,0
122,123,0
1,124,0
123,124,0
1,125,0
124,125,0
1,126,0
122,126,0
1,127,0
121,127,0
1,128,0
117,128,0
1,129,0
116,129,0
1,130,0
111,130,0
1,131,0
109,131,0
1,132,0
105,132,0
1,133,0
105,133,0
1,134,0
105,134,0
1,135,0
105,135,0
1,136,0
103,136,0
1,137,0
101,137,0
1,138,0
101,138,0
1,139,0
101,139,0
1,140,0
101,140,0
1,141,0
101,141,0
1,142,0
101,142,0
1,143,0
98,143,0
1,144,0
97,144,0
1,145,0
96,145,0
1,146,0
96,146,0
1,147,0
96,147,0
1,148,0
96,148,0
1,149,0
96,149,0
1,150,0
96,150,0
1,151,0
96,151,0
1,152,0
96,152,0
1,153,0
96,153,0
1,154,0
94,154,0
1,155,0
92,155,0
1,156,0
92,156,0
1,157,0
92,157,0
1,158,0
90,158,0
1,159,0
90,159,0
1,160,0
90,160,0
1,161,0
90,161,0
1,162,0
89,162,0
1,163,0
88,163,0
1,164,0
88,164,0
1,165,0
87,165,0
1,166,0
87,166,0
1,167,0
87,167,0
1,168,0
85,168,0
1,169,0
83,169,0
1,170,0
83,170,0
1,171,0
83,171,0
1,172,0
81,172,0
1,173,0
81,173,0
1,174,0
81,174,0
1,175,0
80,175,0
1,176,0
80,176,0
1,177,0
77,177,0
1,178,0
77,178,0
1,179,0
77,179,0
1,180,0
74,180,0
1,181,0
74,181,0
1,182,0
74,182,0
1,183,0
74,183,0
1,184,0
74,184,0
1,185,0
74,185,0
1,186,0
74,186,0
1,187,0
74,187,0
1,188,0
73,188,0
1,189,0
72,189,0
1,190,0
72,190,0
1,191,0
71,191,0
1,192,0
71,192,0
1,193,0
71,193,0
1,194,0
71,194,0
1,195,0
71,195,0
1,196,0
71,196,0
1,197,0
71,197,0
1,198,0
71,198,0
1,199,0
71,199,0
1,200,0
70,200,0
1,201,0
70,201,0
1,202,0
70,202,0
1,203,0
69,203,0
1,204,0
69,204,0
1,205,0
69,205,0
1,206,0
69,206,0
1,207,0
67,207,0
1,208,0
67,208,0
1,209,0
67,209,0
1,210,0
66,210,0
1,211,0
65,211,0
1,212,0
63,212,0
1,213,0
63,213,0
1,214,0
62,214,0
1,215,0
61,215,0
1,216,0
60,216,0
1,217,0
60,217,0
1,218,0
58,218,0
1,219,0
57,219,0
1,220,0
53,220,0
1,221,0
53,221,0
1,222,0
53,222,0
1,223,0
53,223,0
1,224,0
53,224,0
1,225,0
53,225,0
1,226,0
52,226,0
1,227,0
52,227,0
1,228,0
52,228,0
1,229,0
51,229,0
1,230,0
50,230,0
1,231,0
50,231,0
1,232,0
50,232,0
1,233,0
50,233,0
1,234,0
50,234,0
1,235,0
50,235,0
1,236,0
50,236,0
1,237,0
50,237,0
1,238,0
50,238,0
1,239,0
50,239,0
1,240,0
50,240,0
1,241,0
50,241,0
1,242,0
50,242,0
1,243,0
50,243,0
1,244,0
50,244,0
1,245,0
50,245,0
1,246,0
50,246,0
1,247,0
50,247,0
1,248,0
50,248,0
1,249,0
50,249,0
1,250,0
50,250,0
1,251,0
49,251,0
1,252,0
49,252,0
1,253,0
49,253,0
1,254,0
49,254,0
1,255,0
49,255,0
1,256,0
49,256,0
1,257,0
49,257,0
1,258,0
49,258,0
1,259,0
49,259,0
1,260,0
49,260,0
1,261,0
49,261,0
1,262,0
49,262,0
1,263,0
49,263,0
1,264,0
49,264,0
1,265,0
49,265,0
1,266,0
48,266,0
1,267,0
48,267,0
1,268,0
48,268,0
1,269,0
48,269,0
1,270,0
48,270,0
1,271,0
48,271,0
1,272,0
48,272,0
1,273,0
48,273,0
1,274,0
48,274,0
1,275,0
48,275,0
1,276,0
48,276,0
1,277,0
47,277,0
1,278,0
47,278,0
1,279,0
47,279,0
1,280,0
47,280,0
1,281,0
47,281,0
1,282,0
46,282,0
1,283,0
45,283,0
1,284,0
45,284,0
1,285,0
45,285,0
1,286,0
45,286,0
1,287,0
45,287,0
1,288,0
45,288,0
1,289,0
44,289,0
1,290,0
42,290,0
1,291,0
42,291,0
1,292,0
41,292,0
1,293,0
41,293,0
1,294,0
41,294,0
1,295,0
39,295,0
1,296,0
39,296,0
1,297,0
39,297,0
1,298,0
39,298,0
1,299,0
39,299,0
1,300,0
38,300,0
1,301,0
38,301,0
1,302,0
38,302,0
1,303,0
38,303,0
1,304,0
38,304,0
1,305,0
38,305,0
1,306,0
38,306,0
1,307,0
37,307,0
1,308,0
37,308,0
1,309,0
37,309,0
1,310,0
36,310,0
1,311,0
36,311,0
1,312,0
36,312,0
1,313,0
36,313,0
1,314,0
36,314,0
1,315,0
36,315,0
1,316,0
35,316,0
1,317,0
35,317,0
1,318,0
34,318,0
1,319,0
34,319,0
1,320,0
34,320,0
1,321,0
34,321,0
1,322,0
33,322,0
1,323,0
32,323,0
1,324,0
32,324,0
1,325,0
32,325,0
1,326,0
32,326,0
1,327,0
32,327,0
1,328,0
32,328,0
1,329,0
32,329,0
1,330,0
32,330,0
1,331,0
32,331,0
1,332,0
30,332,0
1,333,0
30,333,0
1,334,0
30,334,0
1,335,0
30,335,0
1,336,0
30,336,0
1,337,0
30,337,0
1,338,0
30,338,0
1,339,0
30,339,0
1,340,0
30,340,0
1,341,0
30,341,0
1,342,0
29,342,0
1,343,0
29,343,0
1,344,0
29,344,0
1,345,0
29,345,0
1,346,0
29,346,0
1,347,0
29,347,0
1,348,0
29,348,0
1,349,0
29,349,0
1,350,0
29,350,0
1,351,0
28,351,0
1,352,0
28,352,0
1,353,0
26,353,0
1,354,0
26,354,0
1,355,0
26,355,0
1,356,0
26,356,0
1,357,0
26,357,0
1,358,0
26,358,0
1,359,0
26,359,0
1,360,0
26,360,0
1,361,0
26,361,0
1,362,0
26,362,0
1,363,0
24,363,0
1,364,0
24,364,0
1,365,0
24,365,0
1,366,0
24,366,0
1,367,0
24,367,0
1,368,0
24,368,0
1,369,0
24,369,0
1,370,0
24,370,0
1,371,0
24,371,0
1,372,0
24,372,0
1,373,0
22,373,0
1,374,0
22,374,0
1,375,0
22,375,0
1,376,0
22,376,0
1,377,0
22,377,0
1,378,0
22,378,0
1,379,0
22,379,0
1,380,0
22,380,0
1,381,0
21,381,0
1,382,0
21,382,0
1,383,0
21,383,0
1,384,0
21,384,0
1,385,0
21,385,0
1,386,0
21,386,0
1,387,0
21,387,0
1,388,0
21,388,0
1,389,0
20,389,0
1,390,0
20,390,0
1,391,0
19,391,0
1,392,0
19,392,0
1,393,0
18,393,0
1,394,0
18,394,0
1,395,0
18,395,0
1,396,0
18,396,0
1,397,0
18,397,0
1,398,0
18,398,0
1,399,0
18,399,0
1,400,0
18,400,0
1,401,0
17,401,0
1,402,0
17,402,0
1,403,0
17,403,0
1,404,0
17,404,0
1,405,0
17,405,0
1,406,0
17,406,0
1,407,0
17,407,0
1,408,0
17,408,0
1,409,0
17,409,0
1,410,0
17,410,0
1,411,0
17,411,0
1,412,0
17,412,0
1,413,0
17,413,0
1,414,0
17,414,0
1,415,0
17,415,0
1,416,0
16,416,0
1,417,0
16,417,0
1,418,0
16,418,0
1,419,0
16,419,0
1,420,0
16,420,0
1,421,0
16,421,0
1,422,0
16,422,0
1,423,0
16,423,0
1,424,0
16,424,0
1,425,0
16,425,0
1,426,0
16,426,0
1,427,0
16,427,0
1,428,0
16,428,0
1,429,0
16,429,0
1,430,0
16,430,0
1,431,0
16,431,0
1,432,0
16,432,0
1,433,0
16,433,0
1,434,0
16,434,0
1,435,0
16,435,0
1,436,0
15,436,0
1,437,0
15,437,0
1,438,0
15,438,0
1,439,0
15,439,0
1,440,0
15,440,0
1,441,0
15,441,0
1,442,0
15,442,0
1,443,0
15,443,0
1,444,0
15,444,0
1,445,0
15,445,0
1,446,0
15,446,0
1,447,0
15,447,0
1,448,0
15,448,0
1,449,0
15,449,0
1,450,0
15,450,0
1,451,0
15,451,0
1,452,0
15,452,0
1,453,0
15,453,0
1,454,0
15,454,0
1,455,0
15,455,0
1,456,0
15,456,0
1,457,0
15,457,0
1,458,0
14,458,0
1,459,0
14,459,0
1,460,0
14,460,0
1,461,0
14,461,0
1,462,0
14,462,0
1,463,0
13,463,0
1,464,0
13,464,0
1,465,0
12,465,0
1,466,0
12,466,0
1,467,0
12,467,0
1,468,0
12,468,0
1,469,0
12,469,0
1,470,0
12,470,0
1,471,0
12,471,0
1,472,0
11,472,0
1,473,0
11,473,0
1,474,0
11,474,0
1,475,0
11,475,0
1,476,0
11,476,0
1,477,0
11,477,0
1,478,0
11,478,0
1,479,0
11,479,0
1,480,0
11,480,0
1,481,0
11,481,0
1,482,0
11,482,0
1,483,0
10,483,0
1,484,0
10,484,0
1,485,0
10,485,0
1,486,0
10,486,0
1,487,0
10,487,0
1,488,0
10,488,0
1,489,0
10,489,0
1,490,0
10,490,0
1,491,0
10,491,0
1,492,0
10,492,0
1,493,0
10,493,0
1,494,0
10,494,0
1,495,0
10,495,0
1,496,0
10,496,0
1,497,0
10,497,0
1,498,0
10,498,0
1,499,0
10,499,0
1,500,0
10,500,0
1,501,0
9,501,0
1,502,0
9,502,0
1,503,0
9,503,0
1,504,0
9,504,0
1,505,0
9,505,0
1,506,0
9,506,0
1,507,0
9,507,0
1,508,0
8,508,0
1,509,0
8,509,0
1,510,0
8,510,0
1,511,0
8,511,0
1,512,0
8,512,0
1,513,0
8,513,0
1,514,0
8,514,0
1,515,0
7,515,0
1,516,0
7,516,0
1,517,0
7,517,0
1,518,0
7,518,0
1,519,0
7,519,0
1,520,0
7,520,0
1,521,0
7,521,0
1,522,0
6,522,0
1,523,0
6,523,0
1,524,0
6,524,0
1,525,0
6,525,0
1,526,0
6,526,0
1,527,0
6,527,0
1,528,0
6,528,0
1,529,0
6,529,0
1,530,0
6,530,0
1,531,0
6,531,0
1,532,0
6,532,0
1,533,0
6,533,0
1,534,0
6,534,0
1,535,0
6,535,0
1,536,0
6,536,0
1,537,0
6,537,0
1,538,0
6,538,0
1,539,0
6,539,0
1,540,0
6,540,0
1,541,0
6,541,0
1,542,0
6,542,0
1,543,0
6,543,0
1,544,0
6,544,0
1,545,0
6,545,0
1,546,0
6,546,0
1,547,0
6,547,0
1,548,0
6,548,0
1,549,0
6,549,0
1,550,0
6,550,0
1,551,0
6,551,0
1,552,0
6,552,0
1,553,0
6,553,0
1,554,0
6,554,0
1,555,0
6,555,0
1,556,0
6,556,0
1,557,0
5,557,0
1,558,0
5,558,0
1,559,0
5,559,0
1,560,0
5,560,0
1,561,0
5,561,0
1,562,0
5,562,0
1,563,0
5,563,0
1,564,0
5,564,0
1,565,0
5,565,0
1,566,0
5,566,0
1,567,0
5,567,0
1,568,0
5,568,0
1,569,0
5,569,0
1,570,0
5,570,0
1,571,0
5,571,0
1,572,0
5,572,0
1,573,0
5,573,0
1,574,0
5,574,0
1,575,0
5,575,0
1,576,0
5,576,0
1,577,0
5,577,0
1,578,0
5,578,0
1,579,0
5,579,0
1,580,0
5,580,0
1,581,0
5,581,0
1,582,0
5,582,0
1,583,0
5,583,0
1,584,0
5,584,0
1,585,0
5,585,0
1,586,0
5,586,0
1,587,0
5,587,0
1,588,0
5,588,0
1,589,0
5,589,0
1,590,0
5,590,0
1,591,0
5,591,0
1,592,0
5,592,0
1,593,0
5,593,0
1,594,0
5,594,0
1,595,0
5,595,0
1,596,0
5,596,0
1,597,0
5,597,0
1,598,0
5,598,0
1,599,0
4,599,0
1,600,0
4,600,0
1,601,0
4,601,0
1,602,0
4,602,0
1,603,0
4,603,0
1,604,0
4,604,0
1,605,0
4,605,0
1,606,0
4,606,0
1,607,0
4,607,0
1,608,0
4,608,0
1,609,0
4,609,0
1,610,0
4,610,0
1,611,0
4,611,0
1,612,0
4,612,0
1,613,0
4,613,0
1,614,0
4,614,0
1,615,0
4,615,0
1,616,0
4,616,0
1,617,0
4,617,0
1,618,0
4,618,0
1,619,0
4,619,0
1,620,0
4,620,0
1,621,0
4,621,0
1,622,0
4,622,0
1,623,0
4,623,0
1,624,0
4,624,0
1,625,0
4,625,0
1,626,0
4,626,0
1,627,0
4,627,0
1,628,0
4,628,0
1,629,0
4,629,0
1,630,0
4,630,0
1,631,0
4,631,0
1,632,0
3,632,0
1,633,0
3,633,0
1,634,0
3,634,0
1,635,0
3,635,0
1,636,0
3,636,0
1,637,0
3,637,0
1,638,0
3,638,0
1,639,0
3,639,0
1,640,0
3,640,0
1,641,0
3,641,0
1,642,0
3,642,0
1,643,0
3,643,0
1,644,0
3,644,0
1,645,0
3,645,0
1,646,0
3,646,0
1,647,0
3,647,0
1,648,0
2,648,0
1,649,0
2,649,0
1,650,0
2,650,0
1,651,0
2,651,0
1,652,0
2,652,0
1,653,0
2,653,0
1,654,0
2,654,0
1,655,0
2,655,0
1,656,0
2,656,0
1,657,0
2,657,0
1,658,0
2,658,0
1,659,0
2,659,0
1,660,0
2,660,0
1,661,0
2,661,0
1,662,0
2,662,0
1,663,0
2,663,0
1,664,0
2,664,0
1,665,0
2,665,0
1,666,0
2,666,0
1,667,0
2,667,0
1,668,0
2,668,0
1,669,0
2,669,0
1,670,0
2,670,0
1,671,0
2,671,0
1,672,0
2,672,0
1,673,0
2,673,0
1,674,0
2,674,0
1,675,0
2,675,0
1,676,0
2,676,0
1,677,0
2,677,0
1,678,0
2,678,0
1,679,0
2,679,0
1,680,0
2,680,0
1,681,0
2,681,0
1,682,0
2,682,0
1,683,0
2,683,0
1,684,0
2,684,0
1,685,0
2,685,0
1,686,0
2,686,0
1,687,0
2,687,0
1,688,0
2,688,0
1,689,0
2,689,0
1,690,0
2,690,0
1,691,0
2,691,0
1,692,0
2,692,0
1,693,0
2,693,0
1,694,0
2,694,0
1,695,0
2,695,0
1,696,0
2,696,0
1,697,0
2,697,0
1,698,0
2,698,0
1,699,0
2,699,0
1,700,0
2,700,0
1,701,0
1,701,0
1,702,0
1,702,0
1,703,0
1,703,0
1,704,0
1,704,0
1,705,0
1,705,0
1,706,0
1,706,0
1,707,0
1,707,0
1,708,0
1,708,0
1,709,0
1,709,0
