1,1,0
1719,1,0
1,2,0
1519,2,0
1,3,0
1425,3,0
1,4,0
1417,4,0
1,5,0
1343,5,0
1,6,0
1211,6,0
1,7,0
1115,7,0
1,8,0
1115,8,0
1,9,0
1115,9,0
1,10,0
1085,10,0
1,11,0
1061,11,0
1,12,0
1027,12,0
1,13,0
1023,13,0
1,14,0
1013,14,0
1,15,0
951,15,0
1,16,0
911,16,0
1,17,0
907,17,0
1,18,0
889,18,0
1,19,0
889,19,0
1,20,0
779,20,0
1,21,0
775,21,0
1,22,0
713,22,0
1,23,0
703,23,0
1,24,0
695,24,0
1,25,0
673,25,0
1,26,0
673,26,0
1,27,0
663,27,0
1,28,0
653,28,0
1,29,0
637,29,0
1,30,0
635,30,0
1,31,0
621,31,0
1,32,0
603,32,0
1,33,0
579,33,0
1,34,0
579,34,0
1,35,0
579,35,0
1,36,0
569,36,0
1,37,0
531,37,0
1,38,0
531,38,0
1,39,0
525,39,0
1,40,0
519,40,0
1,41,0
511,41,0
1,42,0
507,42,0
1,43,0
503,43,0
1,44,0
499,44,0
1,45,0
495,45,0
1,46,0
495,46,0
1,47,0
491,47,0
1,48,0
469,48,0
1,49,0
467,49,0
1,50,0
457,50,0
1,51,0
443,51,0
1,52,0
439,52,0
1,53,0
439,53,0
1,54,0
437,54,0
1,55,0
435,55,0
1,56,0
433,56,0
1,57,0
425,57,0
1,58,0
403,58,0
1,59,0
399,59,0
1,60,0
399,60,0
1,61,0
395,61,0
1,62,0
395,62,0
1,63,0
395,63,0
1,64,0
391,64,0
1,65,0
385,65,0
1,66,0
375,66,0
1,67,0
375,67,0
1,68,0
373,68,0
1,69,0
367,69,0
1,70,0
365,70,0
1,71,0
363,71,0
1,72,0
363,72,0
1,73,0
363,73,0
1,74,0
351,74,0
1,75,0
351,75,0
1,76,0
339,76,0
1,77,0
337,77,0
1,78,0
337,78,0
1,79,0
331,79,0
1,80,0
323,80,0
1,81,0
321,81,0
1,82,0
319,82,0
1,83,0
313,83,0
1,84,0
309,84,0
1,85,0
309,85,0
1,86,0
307,86,0
1,87,0
299,87,0
1,88,0
299,88,0
1,89,0
299,89,0
1,90,0
295,90,0
1,91,0
295,91,0
1,92,0
293,92,0
1,93,0
293,93,0
1,94,0
293,94,0
1,95,0
291,95,0
1,96,0
291,96,0
1,97,0
289,97,0
1,98,0
289,98,0
1,99,0
285,99,0
1,100,0
283,100,0
1,101,0
275,101,0
1,102,0
275,102,0
1,103,0
275,103,0
1,104,0
275,104,0
1,105,0
267,105,0
1,106,0
263,106,0
1,107,0
261,107,0
1,108,0
253,108,0
1,109,0
253,109,0
1,110,0
251,110,0
1,111,0
251,111,0
1,112,0
251,112,0
1,113,0
251,113,0
1,114,0
249,114,0
1,115,0
245,115,0
1,116,0
243,116,0
1,117,0
243,117,0
1,118,0
243,118,0
1,119,0
241,119,0
1,120,0
239,120,0
1,121,0
239,121,0
1,122,0
239,122,0
1,123,0
237,123,0
1,124,0
231,124,0
1,125,0
229,125,0
1,126,0
227,126,0
1,127,0
227,127,0
1,128,0
227,128,0
1,129,0
227,129,0
1,130,0
227,130,0
1,131,0
225,131,0
1,132,0
225,132,0
1,133,0
225,133,0
1,134,0
223,134,0
1,135,0
223,135,0
1,136,0
223,136,0
1,137,0
219,137,0
1,138,0
217,138,0
1,139,0
209,139,0
1,140,0
209,140,0
1,141,0
209,141,0
1,142,0
209,142,0
1,143,0
209,143,0
1,144,0
209,144,0
1,145,0
205,145,0
1,146,0
205,146,0
1,147,0
205,147,0
1,148,0
203,148,0
1,149,0
203,149,0
1,150,0
203,150,0
1,151,0
201,151,0
1,152,0
195,152,0
1,153,0
189,153,0
1,154,0
189,154,0
1,155,0
181,155,0
1,156,0
175,156,0
1,157,0
173,157,0
1,158,0
169,158,0
1,159,0
169,159,0
1,160,0
167,160,0
1,161,0
163,161,0
1,162,0
163,162,0
1,163,0
163,163,0
1,164,0
163,164,0
1,165,0
163,165,0
1,166,0
163,166,0
1,167,0
163,167,0
1,168,0
161,168,0
1,169,0
157,169,0
1,170,0
157,170,0
1,171,0
153,171,0
1,172,0
153,172,0
1,173,0
153,173,0
1,174,0
153,174,0
1,175,0
149,175,0
1,176,0
147,176,0
1,177,0
147,177,0
1,178,0
147,178,0
1,179,0
147,179,0
1,180,0
147,180,0
1,181,0
147,181,0
1,182,0
147,182,0
1,183,0
147,183,0
1,184,0
143,184,0
1,185,0
137,185,0
1,186,0
137,186,0
1,187,0
137,187,0
1,188,0
137,188,0
1,189,0
137,189,0
1,190,0
137,190,0
1,191,0
137,191,0
1,192,0
137,192,0
1,193,0
137,193,0
1,194,0
137,194,0
1,195,0
137,195,0
1,196,0
133,196,0
1,197,0
133,197,0
1,198,0
133,198,0
1,199,0
133,199,0
1,200,0
127,200,0
1,201,0
125,201,0
1,202,0
125,202,0
1,203,0
125,203,0
1,204,0
125,204,0
1,205,0
125,205,0
1,206,0
125,206,0
1,207,0
125,207,0
1,208,0
119,208,0
1,209,0
119,209,0
1,210,0
115,210,0
1,211,0
115,211,0
1,212,0
115,212,0
1,213,0
115,213,0
1,214,0
115,214,0
1,215,0
115,215,0
1,216,0
115,216,0
1,217,0
115,217,0
1,218,0
115,218,0
1,219,0
115,219,0
1,220,0
115,220,0
1,221,0
115,221,0
1,222,0
115,222,0
1,223,0
115,223,0
1,224,0
115,224,0
1,225,0
115,225,0
1,226,0
115,226,0
1,227,0
115,227,0
1,228,0
115,228,0
1,229,0
115,229,0
1,230,0
115,230,0
1,231,0
115,231,0
1,232,0
111,232,0
1,233,0
111,233,0
1,234,0
111,234,0
1,235,0
111,235,0
1,236,0
111,236,0
1,237,0
111,237,0
1,238,0
107,238,0
1,239,0
107,239,0
1,240,0
107,240,0
1,241,0
107,241,0
1,242,0
103,242,0
1,243,0
103,243,0
1,244,0
103,244,0
1,245,0
103,245,0
1,246,0
103,246,0
1,247,0
101,247,0
1,248,0
101,248,0
1,249,0
97,249,0
1,250,0
97,250,0
1,251,0
97,251,0
1,252,0
97,252,0
1,253,0
95,253,0
1,254,0
95,254,0
1,255,0
95,255,0
1,256,0
95,256,0
1,257,0
91,257,0
1,258,0
89,258,0
1,259,0
89,259,0
1,260,0
89,260,0
1,261,0
89,261,0
1,262,0
89,262,0
1,263,0
89,263,0
1,264,0
89,264,0
1,265,0
89,265,0
1,266,0
89,266,0
1,267,0
89,267,0
1,268,0
89,268,0
1,269,0
85,269,0
1,270,0
83,270,0
1,271,0
83,271,0
1,272,0
83,272,0
1,273,0
83,273,0
1,274,0
81,274,0
1,275,0
81,275,0
1,276,0
81,276,0
1,277,0
81,277,0
1,278,0
81,278,0
1,279,0
79,279,0
1,280,0
79,280,0
1,281,0
79,281,0
1,282,0
77,282,0
1,283,0
77,283,0
1,284,0
75,284,0
1,285,0
75,285,0
1,286,0
75,286,0
1,287,0
75,287,0
1,288,0
75,288,0
1,289,0
75,289,0
1,290,0
75,290,0
1,291,0
75,291,0
1,292,0
75,292,0
1,293,0
75,293,0
1,294,0
75,294,0
1,295,0
75,295,0
1,296,0
75,296,0
1,297,0
71,297,0
1,298,0
71,298,0
1,299,0
71,299,0
1,300,0
71,300,0
1,301,0
71,301,0
1,302,0
67,302,0
1,303,0
67,303,0
1,304,0
67,304,0
1,305,0
65,305,0
1,306,0
65,306,0
1,307,0
65,307,0
1,308,0
65,308,0
1,309,0
63,309,0
1,310,0
63,310,0
1,311,0
63,311,0
1,312,0
63,312,0
1,313,0
63,313,0
1,314,0
63,314,0
1,315,0
63,315,0
1,316,0
63,316,0
1,317,0
63,317,0
1,318,0
63,318,0
1,319,0
63,319,0
1,320,0
63,320,0
1,321,0
63,321,0
1,322,0
61,322,0
1,323,0
61,323,0
1,324,0
59,324,0
1,325,0
59,325,0
1,326,0
59,326,0
1,327,0
55,327,0
1,328,0
55,328,0
1,329,0
55,329,0
1,330,0
55,330,0
1,331,0
55,331,0
1,332,0
55,332,0
1,333,0
55,333,0
1,334,0
55,334,0
1,335,0
55,335,0
1,336,0
55,336,0
1,337,0
55,337,0
1,338,0
55,338,0
1,339,0
55,339,0
1,340,0
55,340,0
1,341,0
55,341,0
1,342,0
55,342,0
1,343,0
55,343,0
1,344,0
55,344,0
1,345,0
55,345,0
1,346,0
55,346,0
1,347,0
55,347,0
1,348,0
55,348,0
1,349,0
55,349,0
1,350,0
55,350,0
1,351,0
55,351,0
1,352,0
55,352,0
1,353,0
55,353,0
1,354,0
55,354,0
1,355,0
55,355,0
1,356,0
55,356,0
1,357,0
53,357,0
1,358,0
53,358,0
1,359,0
53,359,0
1,360,0
53,360,0
1,361,0
49,361,0
1,362,0
49,362,0
1,363,0
49,363,0
1,364,0
49,364,0
1,365,0
47,365,0
1,366,0
47,366,0
1,367,0
47,367,0
1,368,0
47,368,0
1,369,0
47,369,0
1,370,0
45,370,0
1,371,0
45,371,0
1,372,0
45,372,0
1,373,0
45,373,0
1,374,0
45,374,0
1,375,0
45,375,0
1,376,0
45,376,0
1,377,0
45,377,0
1,378,0
45,378,0
1,379,0
45,379,0
1,380,0
43,380,0
1,381,0
41,381,0
1,382,0
39,382,0
1,383,0
39,383,0
1,384,0
39,384,0
1,385,0
39,385,0
1,386,0
39,386,0
1,387,0
39,387,0
1,388,0
39,388,0
1,389,0
39,389,0
1,390,0
39,390,0
1,391,0
39,391,0
1,392,0
39,392,0
1,393,0
39,393,0
1,394,0
39,394,0
1,395,0
39,395,0
1,396,0
37,396,0
1,397,0
37,397,0
1,398,0
37,398,0
1,399,0
37,399,0
1,400,0
37,400,0
1,401,0
37,401,0
1,402,0
37,402,0
1,403,0
37,403,0
1,404,0
37,404,0
1,405,0
37,405,0
1,406,0
37,406,0
1,407,0
37,407,0
1,408,0
37,408,0
1,409,0
37,409,0
1,410,0
37,410,0
1,411,0
37,411,0
1,412,0
35,412,0
1,413,0
35,413,0
1,414,0
35,414,0
1,415,0
35,415,0
1,416,0
35,416,0
1,417,0
35,417,0
1,418,0
33,418,0
1,419,0
33,419,0
1,420,0
31,420,0
1,421,0
31,421,0
1,422,0
31,422,0
1,423,0
31,423,0
1,424,0
31,424,0
1,425,0
31,425,0
1,426,0
31,426,0
1,427,0
31,427,0
1,428,0
29,428,0
1,429,0
29,429,0
1,430,0
29,430,0
1,431,0
29,431,0
1,432,0
29,432,0
1,433,0
29,433,0
1,434,0
29,434,0
1,435,0
29,435,0
1,436,0
29,436,0
1,437,0
29,437,0
1,438,0
29,438,0
1,439,0
27,439,0
1,440,0
27,440,0
1,441,0
27,441,0
1,442,0
27,442,0
1,443,0
25,443,0
1,444,0
25,444,0
1,445,0
25,445,0
1,446,0
25,446,0
1,447,0
25,447,0
1,448,0
25,448,0
1,449,0
25,449,0
1,450,0
23,450,0
1,451,0
23,451,0
1,452,0
23,452,0
1,453,0
23,453,0
1,454,0
23,454,0
1,455,0
23,455,0
1,456,0
23,456,0
1,457,0
23,457,0
1,458,0
23,458,0
1,459,0
23,459,0
1,460,0
21,460,0
1,461,0
21,461,0
1,462,0
21,462,0
1,463,0
21,463,0
1,464,0
21,464,0
1,465,0
21,465,0
1,466,0
21,466,0
1,467,0
21,467,0
1,468,0
21,468,0
1,469,0
21,469,0
1,470,0
21,470,0
1,471,0
21,471,0
1,472,0
21,472,0
1,473,0
21,473,0
1,474,0
21,474,0
1,475,0
21,475,0
1,476,0
21,476,0
1,477,0
21,477,0
1,478,0
21,478,0
1,479,0
21,479,0
1,480,0
21,480,0
1,481,0
21,481,0
1,482,0
21,482,0
1,483,0
21,483,0
1,484,0
21,484,0
1,485,0
19,485,0
1,486,0
19,486,0
1,487,0
19,487,0
1,488,0
19,488,0
1,489,0
19,489,0
1,490,0
19,490,0
1,491,0
19,491,0
1,492,0
19,492,0
1,493,0
19,493,0
1,494,0
19,494,0
1,495,0
19,495,0
1,496,0
19,496,0
1,497,0
19,497,0
1,498,0
19,498,0
1,499,0
19,499,0
1,500,0
19,500,0
1,501,0
19,501,0
1,502,0
19,502,0
1,503,0
19,503,0
1,504,0
19,504,0
1,505,0
19,505,0
1,506,0
19,506,0
1,507,0
19,507,0
1,508,0
19,508,0
1,509,0
19,509,0
1,510,0
19,510,0
1,511,0
19,511,0
1,512,0
19,512,0
1,513,0
19,513,0
1,514,0
19,514,0
1,515,0
19,515,0
1,516,0
19,516,0
1,517,0
19,517,0
1,518,0
19,518,0
1,519,0
19,519,0
1,520,0
19,520,0
1,521,0
19,521,0
1,522,0
19,522,0
1,523,0
19,523,0
1,524,0
19,524,0
1,525,0
19,525,0
1,526,0
19,526,0
1,527,0
19,527,0
1,528,0
19,528,0
1,529,0
19,529,0
1,530,0
19,530,0
1,531,0
19,531,0
1,532,0
19,532,0
1,533,0
19,533,0
1,534,0
19,534,0
1,535,0
19,535,0
1,536,0
19,536,0
1,537,0
19,537,0
1,538,0
19,538,0
1,539,0
17,539,0
1,540,0
17,540,0
1,541,0
17,541,0
1,542,0
17,542,0
1,543,0
17,543,0
1,544,0
17,544,0
1,545,0
17,545,0
1,546,0
17,546,0
1,547,0
17,547,0
1,548,0
17,548,0
1,549,0
17,549,0
1,550,0
17,550,0
1,551,0
17,551,0
1,552,0
17,552,0
1,553,0
17,553,0
1,554,0
17,554,0
1,555,0
17,555,0
1,556,0
17,556,0
1,557,0
17,557,0
1,558,0
17,558,0
1,559,0
17,559,0
1,560,0
17,560,0
1,561,0
17,561,0
1,562,0
17,562,0
1,563,0
17,563,0
1,564,0
17,564,0
1,565,0
17,565,0
1,566,0
17,566,0
1,567,0
17,567,0
1,568,0
17,568,0
1,569,0
17,569,0
1,570,0
17,570,0
1,571,0
17,571,0
1,572,0
17,572,0
1,573,0
17,573,0
1,574,0
17,574,0
1,575,0
17,575,0
1,576,0
17,576,0
1,577,0
17,577,0
1,578,0
17,578,0
1,579,0
17,579,0
1,580,0
17,580,0
1,581,0
17,581,0
1,582,0
17,582,0
1,583,0
17,583,0
1,584,0
17,584,0
1,585,0
17,585,0
1,586,0
17,586,0
1,587,0
17,587,0
1,588,0
17,588,0
1,589,0
17,589,0
1,590,0
17,590,0
1,591,0
17,591,0
1,592,0
17,592,0
1,593,0
17,593,0
1,594,0
17,594,0
1,595,0
17,595,0
1,596,0
17,596,0
1,597,0
17,597,0
1,598,0
17,598,0
1,599,0
17,599,0
1,600,0
17,600,0
1,601,0
17,601,0
1,602,0
17,602,0
1,603,0
17,603,0
1,604,0
17,604,0
1,605,0
17,605,0
1,606,0
17,606,0
1,607,0
17,607,0
1,608,0
17,608,0
1,609,0
17,609,0
1,610,0
17,610,0
1,611,0
17,611,0
1,612,0
17,612,0
1,613,0
17,613,0
1,614,0
17,614,0
1,615,0
15,615,0
1,616,0
15,616,0
1,617,0
13,617,0
1,618,0
13,618,0
1,619,0
13,619,0
1,620,0
13,620,0
1,621,0
13,621,0
1,622,0
13,622,0
1,623,0
13,623,0
1,624,0
13,624,0
1,625,0
11,625,0
1,626,0
11,626,0
1,627,0
11,627,0
1,628,0
11,628,0
1,629,0
11,629,0
1,630,0
11,630,0
1,631,0
11,631,0
1,632,0
11,632,0
1,633,0
11,633,0
1,634,0
11,634,0
1,635,0
11,635,0
1,636,0
11,636,0
1,637,0
11,637,0
1,638,0
11,638,0
1,639,0
11,639,0
1,640,0
11,640,0
1,641,0
11,641,0
1,642,0
11,642,0
1,643,0
11,643,0
1,644,0
11,644,0
1,645,0
11,645,0
1,646,0
11,646,0
1,647,0
11,647,0
1,648,0
11,648,0
1,649,0
11,649,0
1,650,0
11,650,0
1,651,0
11,651,0
1,652,0
11,652,0
1,653,0
11,653,0
1,654,0
11,654,0
1,655,0
9,655,0
1,656,0
9,656,0
1,657,0
9,657,0
1,658,0
9,658,0
1,659,0
9,659,0
1,660,0
9,660,0
1,661,0
9,661,0
1,662,0
9,662,0
1,663,0
9,663,0
1,664,0
9,664,0
1,665,0
9,665,0
1,666,0
9,666,0
1,667,0
9,667,0
1,668,0
9,668,0
1,669,0
9,669,0
1,670,0
9,670,0
1,671,0
9,671,0
1,672,0
9,672,0
1,673,0
9,673,0
1,674,0
9,674,0
1,675,0
9,675,0
1,676,0
9,676,0
1,677,0
9,677,0
1,678,0
9,678,0
1,679,0
9,679,0
1,680,0
9,680,0
1,681,0
9,681,0
1,682,0
9,682,0
1,683,0
9,683,0
1,684,0
9,684,0
1,685,0
9,685,0
1,686,0
9,686,0
1,687,0
9,687,0
1,688,0
9,688,0
1,689,0
9,689,0
1,690,0
9,690,0
1,691,0
9,691,0
1,692,0
9,692,0
1,693,0
9,693,0
1,694,0
9,694,0
1,695,0
9,695,0
1,696,0
9,696,0
1,697,0
9,697,0
1,698,0
9,698,0
1,699,0
9,699,0
1,700,0
9,700,0
1,701,0
9,701,0
1,702,0
9,702,0
1,703,0
9,703,0
1,704,0
9,704,0
1,705,0
9,705,0
1,706,0
9,706,0
1,707,0
9,707,0
1,708,0
9,708,0
1,709,0
9,709,0
1,710,0
9,710,0
1,711,0
9,711,0
1,712,0
9,712,0
1,713,0
9,713,0
1,714,0
9,714,0
1,715,0
9,715,0
1,716,0
9,716,0
1,717,0
9,717,0
1,718,0
9,718,0
1,719,0
9,719,0
1,720,0
9,720,0
1,721,0
9,721,0
1,722,0
9,722,0
1,723,0
9,723,0
1,724,0
9,724,0
1,725,0
9,725,0
1,726,0
9,726,0
1,727,0
9,727,0
1,728,0
9,728,0
1,729,0
9,729,0
1,730,0
9,730,0
1,731,0
9,731,0
1,732,0
9,732,0
1,733,0
9,733,0
1,734,0
9,734,0
1,735,0
9,735,0
1,736,0
9,736,0
1,737,0
9,737,0
1,738,0
9,738,0
1,739,0
9,739,0
1,740,0
9,740,0
1,741,0
9,741,0
1,742,0
9,742,0
1,743,0
9,743,0
1,744,0
9,744,0
1,745,0
9,745,0
1,746,0
9,746,0
1,747,0
9,747,0
1,748,0
9,748,0
1,749,0
9,749,0
1,750,0
9,750,0
1,751,0
9,751,0
1,752,0
9,752,0
1,753,0
9,753,0
1,754,0
9,754,0
1,755,0
9,755,0
1,756,0
9,756,0
1,757,0
9,757,0
1,758,0
9,758,0
1,759,0
9,759,0
1,760,0
9,760,0
1,761,0
9,761,0
1,762,0
9,762,0
1,763,0
9,763,0
1,764,0
9,764,0
1,765,0
9,765,0
1,766,0
9,766,0
1,767,0
9,767,0
1,768,0
9,768,0
1,769,0
9,769,0
1,770,0
9,770,0
1,771,0
9,771,0
1,772,0
9,772,0
1,773,0
9,773,0
1,774,0
9,774,0
1,775,0
9,775,0
1,776,0
9,776,0
1,777,0
9,777,0
1,778,0
9,778,0
1,779,0
9,779,0
1,780,0
9,780,0
1,781,0
9,781,0
1,782,0
9,782,0
1,783,0
9,783,0
1,784,0
9,784,0
1,785,0
9,785,0
1,786,0
9,786,0
1,787,0
9,787,0
1,788,0
9,788,0
1,789,0
9,789,0
1,790,0
9,790,0
1,791,0
9,791,0
1,792,0
9,792,0
1,793,0
9,793,0
1,794,0
9,794,0
1,795,0
9,795,0
1,796,0
9,796,0
1,797,0
9,797,0
1,798,0
9,798,0
1,799,0
9,799,0
1,800,0
9,800,0
1,801,0
9,801,0
1,802,0
9,802,0
1,803,0
9,803,0
1,804,0
9,804,0
1,805,0
9,805,0
1,806,0
9,806,0
1,807,0
9,807,0
1,808,0
9,808,0
1,809,0
9,809,0
1,810,0
9,810,0
1,811,0
9,811,0
1,812,0
7,812,0
1,813,0
7,813,0
1,814,0
7,814,0
1,815,0
7,815,0
1,816,0
7,816,0
1,817,0
7,817,0
1,818,0
7,818,0
1,819,0
7,819,0
1,820,0
7,820,0
1,821,0
7,821,0
1,822,0
7,822,0
1,823,0
7,823,0
1,824,0
7,824,0
1,825,0
7,825,0
1,826,0
7,826,0
1,827,0
7,827,0
1,828,0
7,828,0
1,829,0
7,829,0
1,830,0
7,830,0
1,831,0
7,831,0
1,832,0
7,832,0
1,833,0
7,833,0
1,834,0
7,834,0
1,835,0
7,835,0
1,836,0
7,836,0
1,837,0
7,837,0
1,838,0
7,838,0
1,839,0
7,839,0
1,840,0
7,840,0
1,841,0
7,841,0
1,842,0
7,842,0
1,843,0
7,843,0
1,844,0
7,844,0
1,845,0
7,845,0
1,846,0
7,846,0
1,847,0
7,847,0
1,848,0
7,848,0
1,849,0
7,849,0
1,850,0
7,850,0
1,851,0
7,851,0
1,852,0
7,852,0
1,853,0
7,853,0
1,854,0
7,854,0
1,855,0
7,855,0
1,856,0
7,856,0
1,857,0
7,857,0
1,858,0
7,858,0
1,859,0
7,859,0
1,860,0
7,860,0
1,861,0
7,861,0
1,862,0
7,862,0
1,863,0
7,863,0
1,864,0
7,864,0
1,865,0
7,865,0
1,866,0
7,866,0
1,867,0
7,867,0
1,868,0
7,868,0
1,869,0
7,869,0
1,870,0
7,870,0
1,871,0
7,871,0
1,872,0
7,872,0
1,873,0
7,873,0
1,874,0
5,874,0
1,875,0
5,875,0
1,876,0
5,876,0
1,877,0
5,877,0
1,878,0
5,878,0
1,879,0
5,879,0
1,880,0
5,880,0
1,881,0
5,881,0
1,882,0
5,882,0
1,883,0
5,883,0
1,884,0
5,884,0
1,885,0
5,885,0
1,886,0
5,886,0
1,887,0
5,887,0
1,888,0
5,888,0
1,889,0
5,889,0
1,890,0
3,890,0
1,891,0
3,891,0
1,892,0
3,892,0
1,893,0
3,893,0
1,894,0
3,894,0
1,895,0
3,895,0
1,896,0
3,896,0
1,897,0
3,897,0
1,898,0
3,898,0
1,899,0
3,899,0
1,900,0
3,900,0
1,901,0
3,901,0
1,902,0
3,902,0
1,903,0
3,903,0
1,904,0
3,904,0
1,905,0
3,905,0
1,906,0
3,906,0
1,907,0
3,907,0
1,908,0
3,908,0
1,909,0
3,909,0
1,910,0
3,910,0
1,911,0
3,911,0
1,912,0
3,912,0
1,913,0
3,913,0
1,914,0
3,914,0
1,915,0
3,915,0
1,916,0
3,916,0
1,917,0
3,917,0
1,918,0
3,918,0
1,919,0
3,919,0
1,920,0
3,920,0
1,921,0
3,921,0
1,922,0
3,922,0
1,923,0
3,923,0
1,924,0
3,924,0
1,925,0
3,925,0
1,926,0
3,926,0
1,927,0
3,927,0
1,928,0
3,928,0
1,929,0
3,929,0
1,930,0
3,930,0
1,931,0
3,931,0
1,932,0
3,932,0
1,933,0
3,933,0
1,934,0
3,934,0
1,935,0
3,935,0
1,936,0
3,936,0
1,937,0
3,937,0
1,938,0
3,938,0
1,939,0
3,939,0
1,940,0
3,940,0
1,941,0
3,941,0
1,942,0
3,942,0
1,943,0
3,943,0
1,944,0
3,944,0
1,945,0
3,945,0
1,946,0
3,946,0
1,947,0
3,947,0
1,948,0
3,948,0
1,949,0
3,949,0
1,950,0
3,950,0
1,951,0
3,951,0
1,952,0
3,952,0
1,953,0
3,953,0
1,954,0
3,954,0
1,955,0
3,955,0
1,956,0
3,956,0
1,957,0
3,957,0
1,958,0
3,958,0
1,959,0
3,959,0
1,960,0
3,960,0
1,961,0
3,961,0
1,962,0
3,962,0
1,963,0
3,963,0
1,964,0
3,964,0
1,965,0
3,965,0
1,966,0
3,966,0
1,967,0
3,967,0
1,968,0
3,968,0
1,969,0
3,969,0
1,970,0
3,970,0
1,971,0
3,971,0
1,972,0
3,972,0
1,973,0
3,973,0
1,974,0
3,974,0
1,975,0
3,975,0
1,976,0
3,976,0
1,977,0
3,977,0
1,978,0
3,978,0
1,979,0
3,979,0
1,980,0
3,980,0
1,981,0
3,981,0
1,982,0
3,982,0
1,983,0
3,983,0
1,984,0
3,984,0
1,985,0
3,985,0
1,986,0
3,986,0
1,987,0
3,987,0
1,988,0
1,988,0
1,989,0
1,989,0
1,990,0
1,990,0
1,991,0
1,991,0
1,992,0
1,992,0
1,993,0
1,993,0
1,994,0
1,994,0
1,995,0
1,995,0
1,996,0
1,996,0
1,997,0
1,997,0
1,998,0
1,998,0
1,999,0
1,999,0
1,1000,0
1,1000,0
1,1001,0
1,1001,0
1,1002,0
1,1002,0
1,1003,0
1,1003,0
1,1004,0
1,1004,0
1,1005,0
1,1005,0
1,1006,0
1,1006,0
1,1007,0
1,1007,0
1,1008,0
1,1008,0
1,1009,0
1,1009,0
1,1010,0
1,1010,0
1,1011,0
1,1011,0
1,1012,0
1,1012,0
1,1013,0
1,1013,0
1,1014,0
1,1014,0
1,1015,0
1,1015,0
1,1016,0
1,1016,0
1,1017,0
1,1017,0
1,1018,0
1,1018,0
1,1019,0
1,1019,0
1,1020,0
1,1020,0
1,1021,0
1,1021,0
1,1022,0
1,1022,0
1,1023,0
1,1023,0
1,1024,0
1,1024,0
1,1025,0
1,1025,0
1,1026,0
1,1026,0
1,1027,0
1,1027,0
1,1028,0
1,1028,0
1,1029,0
1,1029,0
1,1030,0
1,1030,0
1,1031,0
1,1031,0
1,1032,0
1,1032,0
1,1033,0
1,1033,0
1,1034,0
1,1034,0
1,1035,0
1,1035,0
1,1036,0
1,1036,0
1,1037,0
1,1037,0
1,1038,0
1,1038,0
1,1039,0
1,1039,0
1,1040,0
1,1040,0
1,1041,0
1,1041,0
1,1042,0
1,1042,0
1,1043,0
1,1043,0
1,1044,0
1,1044,0
1,1045,0
1,1045,0
1,1046,0
1,1046,0
1,1047,0
1,1047,0
1,1048,0
1,1048,0
1,1049,0
1,1049,0
1,1050,0
1,1050,0
1,1051,0
1,1051,0
1,1052,0
1,1052,0
1,1053,0
1,1053,0
1,1054,0
1,1054,0
1,1055,0
1,1055,0
1,1056,0
1,1056,0
1,1057,0
1,1057,0
1,1058,0
1,1058,0
1,1059,0
1,1059,0
1,1060,0
1,1060,0
1,1061,0
1,1061,0
1,1062,0
1,1062,0
1,1063,0
1,1063,0
1,1064,0
1,1064,0
1,1065,0
1,1065,0
1,1066,0
1,1066,0
1,1067,0
1,1067,0
1,1068,0
1,1068,0
1,1069,0
1,1069,0
1,1070,0
1,1070,0
1,1071,0
1,1071,0
1,1072,0
1,1072,0
1,1073,0
1,1073,0
1,1074,0
1,1074,0
1,1075,0
1,1075,0
1,1076,0
1,1076,0
1,1077,0
1,1077,0
1,1078,0
1,1078,0
1,1079,0
1,1079,0
1,1080,0
1,1080,0
1,1081,0
1,1081,0
1,1082,0
1,1082,0
1,1083,0
1,1083,0
1,1084,0
1,1084,0
1,1085,0
1,1085,0
1,1086,0
1,1086,0
1,1087,0
1,1087,0
1,1088,0
1,1088,0
1,1089,0
1,1089,0
1,1090,0
1,1090,0
1,1091,0
1,1091,0
1,1092,0
1,1092,0
1,1093,0
1,1093,0
1,1094,0
1,1094,0
1,1095,0
1,1095,0
1,1096,0
1,1096,0
1,1097,0
1,1097,0
1,1098,0
1,1098,0
1,1099,0
1,1099,0
1,1100,0
1,1100,0
1,1101,0
1,1101,0
1,1102,0
1,1102,0
1,1103,0
1,1103,0
1,1104,0
1,1104,0
1,1105,0
1,1105,0
1,1106,0
1,1106,0
1,1107,0
1,1107,0
1,1108,0
1,1108,0
1,1109,0
1,1109,0
1,1110,0
1,1110,0
1,1111,0
1,1111,0
1,1112,0
1,1112,0
1,1113,0
1,1113,0
1,1114,0
1,1114,0
1,1115,0
1,1115,0
1,1116,0
1,1116,0
1,1117,0
1,1117,0
1,1118,0
1,1118,0
1,1119,0
1,1119,0
1,1120,0
1,1120,0
1,1121,0
1,1121,0
1,1122,0
1,1122,0
1,1123,0
1,1123,0
1,1124,0
1,1124,0
1,1125,0
1,1125,0
1,1126,0
1,1126,0
1,1127,0
1,1127,0
1,1128,0
1,1128,0
1,1129,0
1,1129,0
1,1130,0
1,1130,0
1,1131,0
1,1131,0
1,1132,0
1,1132,0
1,1133,0
1,1133,0
1,1134,0
1,1134,0
1,1135,0
1,1135,0
1,1136,0
1,1136,0
1,1137,0
1,1137,0
1,1138,0
1,1138,0
1,1139,0
1,1139,0
1,1140,0
1,1140,0
1,1141,0
1,1141,0
1,1142,0
1,1142,0
1,1143,0
1,1143,0
1,1144,0
1,1144,0
1,1145,0
1,1145,0
1,1146,0
1,1146,0
1,1147,0
1,1147,0
1,1148,0
1,1148,0
1,1149,0
1,1149,0
1,1150,0
1,1150,0
1,1151,0
1,1151,0
1,1152,0
1,1152,0
1,1153,0
1,1153,0
1,1154,0
1,1154,0
1,1155,0
1,1155,0
1,1156,0
1,1156,0
1,1157,0
1,1157,0
1,1158,0
1,1158,0
1,1159,0
1,1159,0
1,1160,0
1,1160,0
1,1161,0
1,1161,0
1,1162,0
1,1162,0
1,1163,0
1,1163,0
1,1164,0
1,1164,0
1,1165,0
1,1165,0
1,1166,0
1,1166,0
1,1167,0
1,1167,0
1,1168,0
1,1168,0
1,1169,0
1,1169,0
1,1170,0
1,1170,0
1,1171,0
1,1171,0
1,1172,0
1,1172,0
1,1173,0
1,1173,0
1,1174,0
1,1174,0
1,1175,0
1,1175,0
1,1176,0
1,1176,0
1,1177,0
1,1177,0
1,1178,0
1,1178,0
1,1179,0
1,1179,0
1,1180,0
1,1180,0
1,1181,0
1,1181,0
1,1182,0
1,1182,0
1,1183,0
1,1183,0
1,1184,0
1,1184,0
1,1185,0
1,1185,0
1,1186,0
1,1186,0
1,1187,0
1,1187,0
1,1188,0
1,1188,0
1,1189,0
1,1189,0
1,1190,0
1,1190,0
1,1191,0
1,1191,0
1,1192,0
1,1192,0
1,1193,0
1,1193,0
1,1194,0
1,1194,0
1,1195,0
1,1195,0
1,1196,0
1,1196,0
1,1197,0
1,1197,0
1,1198,0
1,1198,0
1,1199,0
1,1199,0
1,1200,0
1,1200,0
1,1201,0
1,1201,0
1,1202,0
1,1202,0
1,1203,0
1,1203,0
1,1204,0
1,1204,0
1,1205,0
1,1205,0
1,1206,0
1,1206,0
1,1207,0
1,1207,0
1,1208,0
1,1208,0
1,1209,0
1,1209,0
1,1210,0
1,1210,0
1,1211,0
1,1211,0
1,1212,0
1,1212,0
1,1213,0
1,1213,0
1,1214,0
1,1214,0
1,1215,0
1,1215,0
1,1216,0
1,1216,0
1,1217,0
1,1217,0
1,1218,0
1,1218,0
1,1219,0
1,1219,0
1,1220,0
1,1220,0
1,1221,0
1,1221,0
1,1222,0
1,1222,0
1,1223,0
1,1223,0
1,1224,0
1,1224,0
1,1225,0
1,1225,0
1,1226,0
1,1226,0
1,1227,0
1,1227,0
1,1228,0
1,1228,0
1,1229,0
1,1229,0
1,1230,0
1,1230,0
1,1231,0
1,1231,0
1,1232,0
1,1232,0
1,1233,0
1,1233,0
1,1234,0
1,1234,0
1,1235,0
1,1235,0
1,1236,0
1,1236,0
1,1237,0
1,1237,0
1,1238,0
1,1238,0
1,1239,0
1,1239,0
1,1240,0
1,1240,0
1,1241,0
1,1241,0
1,1242,0
1,1242,0
1,1243,0
1,1243,0
1,1244,0
1,1244,0
1,1245,0
1,1245,0
1,1246,0
1,1246,0
1,1247,0
1,1247,0
1,1248,0
1,1248,0
1,1249,0
1,1249,0
1,1250,0
1,1250,0
1,1251,0
1,1251,0
1,1252,0
1,1252,0
1,1253,0
1,1253,0
1,1254,0
1,1254,0
1,1255,0
1,1255,0
1,1256,0
1,1256,0
1,1257,0
1,1257,0
1,1258,0
1,1258,0
1,1259,0
1,1259,0
1,1260,0
1,1260,0
1,1261,0
1,1261,0
1,1262,0
1,1262,0
1,1263,0
1,1263,0
1,1264,0
1,1264,0
1,1265,0
1,1265,0
1,1266,0
1,1266,0
1,1267,0
1,1267,0
1,1268,0
1,1268,0
1,1269,0
1,1269,0
1,1270,0
1,1270,0
1,1271,0
1,1271,0
1,1272,0
1,1272,0
1,1273,0
1,1273,0
1,1274,0
1,1274,0
1,1275,0
1,1275,0
1,1276,0
1,1276,0
1,1277,0
1,1277,0
1,1278,0
1,1278,0
1,1279,0
1,1279,0
1,1280,0
1,1280,0
1,1281,0
1,1281,0
1,1282,0
1,1282,0
1,1283,0
1,1283,0
1,1284,0
1,1284,0
1,1285,0
1,1285,0
1,1286,0
1,1286,0
1,1287,0
1,1287,0
1,1288,0
1,1288,0
1,1289,0
1,1289,0
1,1290,0
1,1290,0
1,1291,0
1,1291,0
1,1292,0
1,1292,0
1,1293,0
1,1293,0
1,1294,0
1,1294,0
1,1295,0
1,1295,0
1,1296,0
1,1296,0
1,1297,0
1,1297,0
1,1298,0
1,1298,0
1,1299,0
1,1299,0
1,1300,0
1,1300,0
1,1301,0
1,1301,0
1,1302,0
1,1302,0
1,1303,0
1,1303,0
1,1304,0
1,1304,0
1,1305,0
1,1305,0
1,1306,0
1,1306,0
1,1307,0
1,1307,0
1,1308,0
1,1308,0
1,1309,0
1,1309,0
1,1310,0
1,1310,0
1,1311,0
1,1311,0
1,1312,0
1,1312,0
1,1313,0
1,1313,0
1,1314,0
1,1314,0
1,1315,0
1,1315,0
1,1316,0
1,1316,0
1,1317,0
1,1317,0
1,1318,0
1,1318,0
1,1319,0
1,1319,0
1,1320,0
1,1320,0
1,1321,0
1,1321,0
1,1322,0
1,1322,0
1,1323,0
1,1323,0
1,1324,0
1,1324,0
1,1325,0
1,1325,0
1,1326,0
1,1326,0
1,1327,0
1,1327,0
1,1328,0
1,1328,0
1,1329,0
1,1329,0
1,1330,0
1,1330,0
1,1331,0
1,1331,0
1,1332,0
1,1332,0
1,1333,0
1,1333,0
1,1334,0
1,1334,0
1,1335,0
1,1335,0
1,1336,0
1,1336,0
1,1337,0
1,1337,0
1,1338,0
1,1338,0
1,1339,0
1,1339,0
1,1340,0
1,1340,0
1,1341,0
1,1341,0
1,1342,0
1,1342,0
1,1343,0
1,1343,0
1,1344,0
1,1344,0
1,1345,0
1,1345,0
1,1346,0
1,1346,0
1,1347,0
1,1347,0
1,1348,0
1,1348,0
1,1349,0
1,1349,0
1,1350,0
1,1350,0
1,1351,0
1,1351,0
1,1352,0
1,1352,0
1,1353,0
1,1353,0
1,1354,0
1,1354,0
1,1355,0
1,1355,0
1,1356,0
1,1356,0
1,1357,0
1,1357,0
1,1358,0
1,1358,0
1,1359,0
1,1359,0
1,1360,0
1,1360,0
1,1361,0
1,1361,0
1,1362,0
1,1362,0
1,1363,0
1,1363,0
1,1364,0
1,1364,0
1,1365,0
1,1365,0
1,1366,0
1,1366,0
1,1367,0
1,1367,0
1,1368,0
1,1368,0
1,1369,0
1,1369,0
1,1370,0
1,1370,0
1,1371,0
1,1371,0
1,1372,0
1,1372,0
1,1373,0
1,1373,0
1,1374,0
1,1374,0
1,1375,0
1,1375,0
1,1376,0
1,1376,0
1,1377,0
1,1377,0
1,1378,0
1,1378,0
1,1379,0
1,1379,0
1,1380,0
1,1380,0
1,1381,0
1,1381,0
1,1382,0
1,1382,0
1,1383,0
1,1383,0
1,1384,0
1,1384,0
1,1385,0
1,1385,0
1,1386,0
1,1386,0
1,1387,0
1,1387,0
1,1388,0
1,1388,0
1,1389,0
1,1389,0
1,1390,0
1,1390,0
1,1391,0
1,1391,0
1,1392,0
1,1392,0
1,1393,0
1,1393,0
1,1394,0
1,1394,0
1,1395,0
1,1395,0
1,1396,0
1,1396,0
1,1397,0
1,1397,0
1,1398,0
1,1398,0
1,1399,0
1,1399,0
1,1400,0
1,1400,0
1,1401,0
1,1401,0
1,1402,0
1,1402,0
1,1403,0
1,1403,0
1,1404,0
1,1404,0
1,1405,0
1,1405,0
1,1406,0
1,1406,0
1,1407,0
1,1407,0
1,1408,0
1,1408,0
1,1409,0
1,1409,0
1,1410,0
1,1410,0
1,1411,0
1,1411,0
1,1412,0
1,1412,0
1,1413,0
1,1413,0
1,1414,0
1,1414,0
1,1415,0
1,1415,0
1,1416,0
1,1416,0
1,1417,0
1,1417,0
1,1418,0
1,1418,0
1,1419,0
1,1419,0
1,1420,0
1,1420,0
1,1421,0
1,1421,0
1,1422,0
1,1422,0
1,1423,0
1,1423,0
1,1424,0
1,1424,0
1,1425,0
1,1425,0
1,1426,0
1,1426,0
1,1427,0
1,1427,0
1,1428,0
1,1428,0
1,1429,0
1,1429,0
1,1430,0
1,1430,0
1,1431,0
1,1431,0
1,1432,0
1,1432,0
1,1433,0
1,1433,0
1,1434,0
1,1434,0
1,1435,0
1,1435,0
1,1436,0
1,1436,0
1,1437,0
1,1437,0
1,1438,0
1,1438,0
1,1439,0
1,1439,0
1,1440,0
1,1440,0
1,1441,0
1,1441,0
1,1442,0
1,1442,0
1,1443,0
1,1443,0
1,1444,0
1,1444,0
1,1445,0
1,1445,0
1,1446,0
1,1446,0
1,1447,0
1,1447,0
1,1448,0
1,1448,0
1,1449,0
1,1449,0
1,1450,0
1,1450,0
1,1451,0
1,1451,0
1,1452,0
1,1452,0
1,1453,0
1,1453,0
1,1454,0
1,1454,0
1,1455,0
1,1455,0
1,1456,0
1,1456,0
1,1457,0
1,1457,0
1,1458,0
1,1458,0
1,1459,0
1,1459,0
1,1460,0
1,1460,0
1,1461,0
1,1461,0
1,1462,0
1,1462,0
1,1463,0
1,1463,0
1,1464,0
1,1464,0
1,1465,0
1,1465,0
1,1466,0
1,1466,0
1,1467,0
1,1467,0
1,1468,0
1,1468,0
1,1469,0
1,1469,0
1,1470,0
1,1470,0
1,1471,0
1,1471,0
1,1472,0
1,1472,0
1,1473,0
1,1473,0
1,1474,0
1,1474,0
1,1475,0
1,1475,0
1,1476,0
1,1476,0
1,1477,0
1,1477,0
1,1478,0
1,1478,0
1,1479,0
1,1479,0
1,1480,0
1,1480,0
1,1481,0
1,1481,0
1,1482,0
1,1482,0
1,1483,0
1,1483,0
1,1484,0
1,1484,0
1,1485,0
1,1485,0
1,1486,0
1,1486,0
1,1487,0
1,1487,0
1,1488,0
1,1488,0
1,1489,0
1,1489,0
1,1490,0
1,1490,0
1,1491,0
1,1491,0
1,1492,0
1,1492,0
1,1493,0
1,1493,0
1,1494,0
1,1494,0
1,1495,0
1,1495,0
1,1496,0
1,1496,0
1,1497,0
1,1497,0
1,1498,0
1,1498,0
1,1499,0
1,1499,0
1,1500,0
1,1500,0
1,1501,0
1,1501,0
1,1502,0
1,1502,0
1,1503,0
1,1503,0
1,1504,0
1,1504,0
1,1505,0
1,1505,0
1,1506,0
1,1506,0
1,1507,0
1,1507,0
1,1508,0
1,1508,0
1,1509,0
1,1509,0
1,1510,0
1,1510,0
1,1511,0
1,1511,0
1,1512,0
1,1512,0
1,1513,0
1,1513,0
1,1514,0
1,1514,0
1,1515,0
1,1515,0
1,1516,0
1,1516,0
1,1517,0
1,1517,0
1,1518,0
1,1518,0
1,1519,0
1,1519,0
1,1520,0
1,1520,0
1,1521,0
1,1521,0
1,1522,0
1,1522,0
1,1523,0
1,1523,0
1,1524,0
1,1524,0
1,1525,0
1,1525,0
1,1526,0
1,1526,0
1,1527,0
1,1527,0
1,1528,0
1,1528,0
1,1529,0
1,1529,0
1,1530,0
1,1530,0
1,1531,0
1,1531,0
1,1532,0
1,1532,0
1,1533,0
1,1533,0
1,1534,0
1,1534,0
1,1535,0
1,1535,0
1,1536,0
1,1536,0
1,1537,0
1,1537,0
1,1538,0
1,1538,0
1,1539,0
1,1539,0
1,1540,0
1,1540,0
1,1541,0
1,1541,0
1,1542,0
1,1542,0
1,1543,0
1,1543,0
1,1544,0
1,1544,0
1,1545,0
1,1545,0
1,1546,0
1,1546,0
1,1547,0
1,1547,0
1,1548,0
1,1548,0
1,1549,0
1,1549,0
1,1550,0
1,1550,0
1,1551,0
1,1551,0
1,1552,0
1,1552,0
1,1553,0
1,1553,0
1,1554,0
1,1554,0
1,1555,0
1,1555,0
1,1556,0
1,1556,0
1,1557,0
1,1557,0
1,1558,0
1,1558,0
1,1559,0
1,1559,0
1,1560,0
1,1560,0
1,1561,0
1,1561,0
1,1562,0
1,1562,0
1,1563,0
1,1563,0
1,1564,0
1,1564,0
1,1565,0
1,1565,0
1,1566,0
1,1566,0
1,1567,0
1,1567,0
1,1568,0
1,1568,0
1,1569,0
1,1569,0
1,1570,0
1,1570,0
1,1571,0
1,1571,0
1,1572,0
1,1572,0
1,1573,0
1,1573,0
1,1574,0
1,1574,0
1,1575,0
1,1575,0
1,1576,0
1,1576,0
1,1577,0
1,1577,0
1,1578,0
1,1578,0
1,1579,0
1,1579,0
1,1580,0
1,1580,0
1,1581,0
1,1581,0
1,1582,0
1,1582,0
1,1583,0
1,1583,0
1,1584,0
1,1584,0
1,1585,0
1,1585,0
1,1586,0
1,1586,0
1,1587,0
1,1587,0
1,1588,0
1,1588,0
1,1589,0
1,1589,0
1,1590,0
1,1590,0
1,1591,0
1,1591,0
1,1592,0
1,1592,0
1,1593,0
1,1593,0
1,1594,0
1,1594,0
1,1595,0
1,1595,0
1,1596,0
1,1596,0
1,1597,0
1,1597,0
1,1598,0
1,1598,0
1,1599,0
1,1599,0
1,1600,0
1,1600,0
1,1601,0
1,1601,0
1,1602,0
1,1602,0
1,1603,0
1,1603,0
1,1604,0
1,1604,0
1,1605,0
1,1605,0
1,1606,0
1,1606,0
1,1607,0
1,1607,0
1,1608,0
1,1608,0
1,1609,0
1,1609,0
1,1610,0
1,1610,0
1,1611,0
1,1611,0
1,1612,0
1,1612,0
1,1613,0
1,1613,0
1,1614,0
1,1614,0
1,1615,0
1,1615,0
1,1616,0
1,1616,0
1,1617,0
1,1617,0
1,1618,0
1,1618,0
1,1619,0
1,1619,0
1,1620,0
1,1620,0
1,1621,0
1,1621,0
1,1622,0
1,1622,0
1,1623,0
1,1623,0
1,1624,0
1,1624,0
1,1625,0
1,1625,0
1,1626,0
1,1626,0
1,1627,0
1,1627,0
1,1628,0
1,1628,0
1,1629,0
1,1629,0
1,1630,0
1,1630,0
1,1631,0
1,1631,0
1,1632,0
1,1632,0
1,1633,0
1,1633,0
1,1634,0
1,1634,0
1,1635,0
1,1635,0
1,1636,0
1,1636,0
1,1637,0
1,1637,0
1,1638,0
1,1638,0
1,1639,0
1,1639,0
1,1640,0
1,1640,0
1,1641,0
1,1641,0
1,1642,0
1,1642,0
1,1643,0
1,1643,0
1,1644,0
1,1644,0
1,1645,0
1,1645,0
1,1646,0
1,1646,0
1,1647,0
1,1647,0
1,1648,0
1,1648,0
1,1649,0
1,1649,0
1,1650,0
1,1650,0
1,1651,0
1,1651,0
1,1652,0
1,1652,0
1,1653,0
1,1653,0
1,1654,0
1,1654,0
1,1655,0
1,1655,0
1,1656,0
1,1656,0
1,1657,0
1,1657,0
1,1658,0
1,1658,0
1,1659,0
1,1659,0
1,1660,0
1,1660,0
1,1661,0
1,1661,0
1,1662,0
1,1662,0
1,1663,0
1,1663,0
1,1664,0
1,1664,0
1,1665,0
1,1665,0
1,1666,0
1,1666,0
1,1667,0
1,1667,0
1,1668,0
1,1668,0
1,1669,0
1,1669,0
1,1670,0
1,1670,0
1,1671,0
1,1671,0
1,1672,0
1,1672,0
1,1673,0
1,1673,0
1,1674,0
1,1674,0
1,1675,0
1,1675,0
1,1676,0
1,1676,0
1,1677,0
1,1677,0
1,1678,0
1,1678,0
1,1679,0
1,1679,0
1,1680,0
1,1680,0
1,1681,0
1,1681,0
1,1682,0
1,1682,0
1,1683,0
1,1683,0
1,1684,0
1,1684,0
1,1685,0
1,1685,0
1,1686,0
1,1686,0
1,1687,0
1,1687,0
1,1688,0
1,1688,0
1,1689,0
1,1689,0
1,1690,0
1,1690,0
1,1691,0
1,1691,0
1,1692,0
1,1692,0
1,1693,0
1,1693,0
1,1694,0
1,1694,0
1,1695,0
1,1695,0
1,1696,0
1,1696,0
1,1697,0
1,1697,0
1,1698,0
1,1698,0
1,1699,0
1,1699,0
1,1700,0
1,1700,0
1,1701,0
1,1701,0
1,1702,0
1,1702,0
1,1703,0
1,1703,0
1,1704,0
1,1704,0
1,1705,0
1,1705,0
1,1706,0
1,1706,0
1,1707,0
1,1707,0
1,1708,0
1,1708,0
1,1709,0
1,1709,0
1,1710,0
1,1710,0
1,1711,0
1,1711,0
1,1712,0
1,1712,0
1,1713,0
1,1713,0
1,1714,0
1,1714,0
1,1715,0
1,1715,0
1,1716,0
1,1716,0
1,1717,0
1,1717,0
1,1718,0
1,1718,0
1,1719,0
1,1719,0
1,1720,0
1,1720,0
1,1721,0
1,1721,0
1,1722,0
1,1722,0
1,1723,0
1,1723,0
1,1724,0
1,1724,0
1,1725,0
1,1725,0
1,1726,0
1,1726,0
1,1727,0
1,1727,0
1,1728,0
1,1728,0
1,1729,0
1,1729,0
1,1730,0
1,1730,0
1,1731,0
1,1731,0
1,1732,0
1,1732,0
1,1733,0
1,1733,0
1,1734,0
1,1734,0
1,1735,0
1,1735,0
1,1736,0
1,1736,0
1,1737,0
1,1737,0
1,1738,0
1,1738,0
1,1739,0
1,1739,0
1,1740,0
1,1740,0
1,1741,0
1,1741,0
1,1742,0
1,1742,0
1,1743,0
1,1743,0
1,1744,0
1,1744,0
1,1745,0
1,1745,0
1,1746,0
1,1746,0
1,1747,0
1,1747,0
1,1748,0
1,1748,0
1,1749,0
1,1749,0
1,1750,0
1,1750,0
1,1751,0
1,1751,0
1,1752,0
1,1752,0
1,1753,0
1,1753,0
1,1754,0
1,1754,0
1,1755,0
1,1755,0
1,1756,0
1,1756,0
1,1757,0
1,1757,0
1,1758,0
1,1758,0
1,1759,0
1,1759,0
1,1760,0
1,1760,0
1,1761,0
1,1761,0
1,1762,0
1,1762,0
1,1763,0
1,1763,0
1,1764,0
1,1764,0
1,1765,0
1,1765,0
1,1766,0
1,1766,0
1,1767,0
1,1767,0
1,1768,0
1,1768,0
1,1769,0
1,1769,0
1,1770,0
1,1770,0
1,1771,0
1,1771,0
1,1772,0
1,1772,0
1,1773,0
1,1773,0
1,1774,0
1,1774,0
1,1775,0
1,1775,0
1,1776,0
1,1776,0
1,1777,0
1,1777,0
1,1778,0
1,1778,0
1,1779,0
1,1779,0
1,1780,0
1,1780,0
1,1781,0
1,1781,0
1,1782,0
1,1782,0
1,1783,0
1,1783,0
1,1784,0
1,1784,0
1,1785,0
1,1785,0
1,1786,0
1,1786,0
1,1787,0
1,1787,0
1,1788,0
1,1788,0
1,1789,0
1,1789,0
1,1790,0
1,1790,0
1,1791,0
1,1791,0
1,1792,0
1,1792,0
1,1793,0
1,1793,0
1,1794,0
1,1794,0
1,1795,0
1,1795,0
1,1796,0
1,1796,0
1,1797,0
1,1797,0
1,1798,0
1,1798,0
1,1799,0
1,1799,0
1,1800,0
1,1800,0
1,1801,0
1,1801,0
1,1802,0
1,1802,0
1,1803,0
1,1803,0
1,1804,0
1,1804,0
1,1805,0
1,1805,0
1,1806,0
1,1806,0
1,1807,0
1,1807,0
1,1808,0
1,1808,0
1,1809,0
1,1809,0
1,1810,0
1,1810,0
1,1811,0
1,1811,0
1,1812,0
1,1812,0
1,1813,0
1,1813,0
1,1814,0
1,1814,0
1,1815,0
1,1815,0
1,1816,0
1,1816,0
1,1817,0
1,1817,0
1,1818,0
1,1818,0
1,1819,0
1,1819,0
1,1820,0
1,1820,0
1,1821,0
1,1821,0
1,1822,0
1,1822,0
1,1823,0
1,1823,0
1,1824,0
1,1824,0
1,1825,0
1,1825,0
1,1826,0
1,1826,0
1,1827,0
1,1827,0
1,1828,0
1,1828,0
1,1829,0
1,1829,0
1,1830,0
1,1830,0
1,1831,0
1,1831,0
1,1832,0
1,1832,0
1,1833,0
1,1833,0
1,1834,0
1,1834,0
1,1835,0
1,1835,0
1,1836,0
1,1836,0
1,1837,0
1,1837,0
1,1838,0
1,1838,0
1,1839,0
1,1839,0
1,1840,0
1,1840,0
1,1841,0
1,1841,0
1,1842,0
1,1842,0
1,1843,0
1,1843,0
1,1844,0
1,1844,0
1,1845,0
1,1845,0
1,1846,0
1,1846,0
1,1847,0
1,1847,0
1,1848,0
1,1848,0
1,1849,0
1,1849,0
1,1850,0
1,1850,0
1,1851,0
1,1851,0
1,1852,0
1,1852,0
1,1853,0
1,1853,0
1,1854,0
1,1854,0
1,1855,0
1,1855,0
1,1856,0
1,1856,0
1,1857,0
1,1857,0
1,1858,0
1,1858,0
1,1859,0
1,1859,0
1,1860,0
1,1860,0
1,1861,0
1,1861,0
1,1862,0
1,1862,0
1,1863,0
1,1863,0
1,1864,0
1,1864,0
1,1865,0
1,1865,0
1,1866,0
1,1866,0
1,1867,0
1,1867,0
1,1868,0
1,1868,0
1,1869,0
1,1869,0
1,1870,0
1,1870,0
1,1871,0
1,1871,0
1,1872,0
1,1872,0
1,1873,0
1,1873,0
1,1874,0
1,1874,0
1,1875,0
1,1875,0
1,1876,0
1,1876,0
1,1877,0
1,1877,0
1,1878,0
1,1878,0
1,1879,0
1,1879,0
1,1880,0
1,1880,0
1,1881,0
1,1881,0
1,1882,0
1,1882,0
1,1883,0
1,1883,0
1,1884,0
1,1884,0
1,1885,0
1,1885,0
1,1886,0
1,1886,0
1,1887,0
1,1887,0
1,1888,0
1,1888,0
1,1889,0
1,1889,0
1,1890,0
1,1890,0
1,1891,0
1,1891,0
1,1892,0
1,1892,0
1,1893,0
1,1893,0
1,1894,0
1,1894,0
1,1895,0
1,1895,0
1,1896,0
1,1896,0
1,1897,0
1,1897,0
1,1898,0
1,1898,0
1,1899,0
1,1899,0
1,1900,0
1,1900,0
1,1901,0
1,1901,0
1,1902,0
1,1902,0
1,1903,0
1,1903,0
1,1904,0
1,1904,0
1,1905,0
1,1905,0
1,1906,0
1,1906,0
1,1907,0
1,1907,0
1,1908,0
1,1908,0
1,1909,0
1,1909,0
1,1910,0
1,1910,0
1,1911,0
1,1911,0
1,1912,0
1,1912,0
1,1913,0
1,1913,0
1,1914,0
1,1914,0
1,1915,0
1,1915,0
1,1916,0
1,1916,0
1,1917,0
1,1917,0
1,1918,0
1,1918,0
1,1919,0
1,1919,0
1,1920,0
1,1920,0
1,1921,0
1,1921,0
1,1922,0
1,1922,0
1,1923,0
1,1923,0
1,1924,0
1,1924,0
1,1925,0
1,1925,0
1,1926,0
1,1926,0
1,1927,0
1,1927,0
1,1928,0
1,1928,0
1,1929,0
1,1929,0
1,1930,0
1,1930,0
1,1931,0
1,1931,0
1,1932,0
1,1932,0
1,1933,0
1,1933,0
1,1934,0
1,1934,0
1,1935,0
1,1935,0
1,1936,0
1,1936,0
1,1937,0
1,1937,0
1,1938,0
1,1938,0
1,1939,0
1,1939,0
1,1940,0
1,1940,0
1,1941,0
1,1941,0
1,1942,0
1,1942,0
1,1943,0
1,1943,0
1,1944,0
1,1944,0
1,1945,0
1,1945,0
1,1946,0
1,1946,0
1,1947,0
1,1947,0
1,1948,0
1,1948,0
1,1949,0
1,1949,0
1,1950,0
1,1950,0
1,1951,0
1,1951,0
1,1952,0
1,1952,0
1,1953,0
1,1953,0
1,1954,0
1,1954,0
1,1955,0
1,1955,0
1,1956,0
1,1956,0
1,1957,0
1,1957,0
1,1958,0
1,1958,0
1,1959,0
1,1959,0
1,1960,0
1,1960,0
1,1961,0
1,1961,0
1,1962,0
1,1962,0
1,1963,0
1,1963,0
1,1964,0
1,1964,0
1,1965,0
1,1965,0
1,1966,0
1,1966,0
1,1967,0
1,1967,0
1,1968,0
1,1968,0
1,1969,0
1,1969,0
1,1970,0
1,1970,0
1,1971,0
1,1971,0
1,1972,0
1,1972,0
1,1973,0
1,1973,0
1,1974,0
1,1974,0
1,1975,0
1,1975,0
1,1976,0
1,1976,0
1,1977,0
1,1977,0
1,1978,0
1,1978,0
1,1979,0
1,1979,0
1,1980,0
1,1980,0
1,1981,0
1,1981,0
1,1982,0
1,1982,0
1,1983,0
1,1983,0
1,1984,0
1,1984,0
1,1985,0
1,1985,0
1,1986,0
1,1986,0
1,1987,0
1,1987,0
1,1988,0
1,1988,0
1,1989,0
1,1989,0
1,1990,0
1,1990,0
1,1991,0
1,1991,0
1,1992,0
1,1992,0
1,1993,0
1,1993,0
1,1994,0
1,1994,0
1,1995,0
1,1995,0
1,1996,0
1,1996,0
1,1997,0
1,1997,0
1,1998,0
1,1998,0
1,1999,0
1,1999,0
1,2000,0
1,2000,0
1,2001,0
1,2001,0
1,2002,0
1,2002,0
1,2003,0
1,2003,0
1,2004,0
1,2004,0
1,2005,0
1,2005,0
1,2006,0
1,2006,0
1,2007,0
1,2007,0
1,2008,0
1,2008,0
1,2009,0
1,2009,0
1,2010,0
1,2010,0
1,2011,0
1,2011,0
1,2012,0
1,2012,0
1,2013,0
1,2013,0
1,2014,0
1,2014,0
1,2015,0
1,2015,0
1,2016,0
1,2016,0
1,2017,0
1,2017,0
1,2018,0
1,2018,0
1,2019,0
1,2019,0
1,2020,0
1,2020,0
