1,2,0
1,2,0
1,3,0
2,3,0
1,4,0
3,4,0
1,5,0
4,5,0
1,6,0
5,6,0
1,7,0
6,7,0
1,8,0
7,8,0
1,9,0
8,9,0
1,10,0
9,10,0
1,11,0
10,11,0
1,12,0
11,12,0
1,13,0
12,13,0
1,14,0
13,14,0
1,15,0
14,15,0
1,16,0
15,16,0
1,17,0
16,17,0
1,18,0
17,18,0
1,19,0
18,19,0
1,20,0
19,20,0
1,21,0
20,21,0
1,22,0
21,22,0
1,23,0
22,23,0
1,24,0
23,24,0
1,25,0
24,25,0
1,26,0
25,26,0
1,27,0
26,27,0
1,28,0
27,28,0
1,29,0
28,29,0
1,30,0
29,30,0
1,31,0
30,31,0
1,32,0
31,32,0
1,33,0
32,33,0
1,34,0
33,34,0
1,35,0
34,35,0
1,36,0
35,36,0
1,37,0
36,37,0
1,38,0
37,38,0
1,39,0
38,39,0
1,40,0
39,40,0
1,41,0
40,41,0
1,42,0
41,42,0
1,43,0
42,43,0
1,44,0
43,44,0
1,45,0
44,45,0
1,46,0
45,46,0
1,47,0
46,47,0
1,48,0
47,48,0
1,49,0
48,49,0
1,50,0
49,50,0
1,51,0
50,51,0
1,52,0
51,52,0
1,53,0
52,53,0
1,54,0
53,54,0
1,55,0
54,55,0
1,56,0
55,56,0
1,57,0
56,57,0
1,58,0
57,58,0
1,59,0
58,59,0
1,60,0
59,60,0
1,61,0
60,61,0
1,62,0
61,62,0
1,63,0
62,63,0
1,64,0
63,64,0
1,65,0
64,65,0
1,66,0
65,66,0
1,67,0
66,67,0
1,68,0
67,68,0
1,69,0
68,69,0
1,70,0
69,70,0
1,71,0
70,71,0
1,72,0
71,72,0
1,73,0
72,73,0
1,74,0
73,74,0
1,75,0
74,75,0
1,76,0
75,76,0
1,77,0
76,77,0
1,78,0
77,78,0
1,79,0
78,79,0
1,80,0
79,80,0
1,81,0
80,81,0
1,82,0
81,82,0
1,83,0
82,83,0
1,84,0
83,84,0
1,85,0
84,85,0
1,86,0
85,86,0
1,87,0
86,87,0
1,88,0
87,88,0
1,89,0
88,89,0
1,90,0
89,90,0
1,91,0
90,91,0
1,92,0
91,92,0
1,93,0
92,93,0
1,94,0
93,94,0
1,95,0
94,95,0
1,96,0
95,96,0
1,97,0
96,97,0
1,98,0
97,98,0
1,99,0
98,99,0
1,100,0
99,100,0
1,101,0
100,101,0
1,102,0
101,102,0
1,103,0
102,103,0
1,104,0
103,104,0
1,105,0
104,105,0
1,106,0
105,106,0
1,107,0
106,107,0
1,108,0
107,108,0
1,109,0
108,109,0
1,110,0
109,110,0
1,111,0
110,111,0
1,112,0
111,112,0
1,113,0
112,113,0
1,114,0
113,114,0
1,115,0
114,115,0
1,116,0
115,116,0
1,117,0
116,117,0
1,118,0
117,118,0
1,119,0
118,119,0
1,120,0
119,120,0
1,121,0
120,121,0
1,122,0
121,122,0
1,123,0
121,123,0
1,124,0
121,124,0
1,125,0
121,125,0
1,126,0
120,126,0
1,127,0
120,127,0
1,128,0
119,128,0
1,129,0
119,129,0
1,130,0
119,130,0
1,131,0
119,131,0
1,132,0
119,132,0
1,133,0
117,133,0
1,134,0
116,134,0
1,135,0
116,135,0
1,136,0
114,136,0
1,137,0
114,137,0
1,138,0
109,138,0
1,139,0
107,139,0
1,140,0
107,140,0
1,141,0
106,141,0
1,142,0
106,142,0
1,143,0
106,143,0
1,144,0
106,144,0
1,145,0
106,145,0
1,146,0
106,146,0
1,147,0
105,147,0
1,148,0
104,148,0
1,149,0
100,149,0
1,150,0
100,150,0
1,151,0
98,151,0
1,152,0
98,152,0
1,153,0
98,153,0
1,154,0
98,154,0
1,155,0
97,155,0
1,156,0
96,156,0
1,157,0
95,157,0
1,158,0
94,158,0
1,159,0
94,159,0
1,160,0
94,160,0
1,161,0
94,161,0
1,162,0
93,162,0
1,163,0
93,163,0
1,164,0
93,164,0
1,165,0
93,165,0
1,166,0
93,166,0
1,167,0
92,167,0
1,168,0
92,168,0
1,169,0
92,169,0
1,170,0
92,170,0
1,171,0
92,171,0
1,172,0
92,172,0
1,173,0
90,173,0
1,174,0
87,174,0
1,175,0
87,175,0
1,176,0
87,176,0
1,177,0
87,177,0
1,178,0
87,178,0
1,179,0
87,179,0
1,180,0
87,180,0
1,181,0
85,181,0
1,182,0
85,182,0
1,183,0
85,183,0
1,184,0
84,184,0
1,185,0
80,185,0
1,186,0
78,186,0
1,187,0
76,187,0
1,188,0
76,188,0
1,189,0
74,189,0
1,190,0
73,190,0
1,191,0
70,191,0
1,192,0
70,192,0
1,193,0
70,193,0
1,194,0
69,194,0
1,195,0
69,195,0
1,196,0
69,196,0
1,197,0
69,197,0
1,198,0
69,198,0
1,199,0
69,199,0
1,200,0
69,200,0
1,201,0
69,201,0
1,202,0
69,202,0
1,203,0
69,203,0
1,204,0
69,204,0
1,205,0
69,205,0
1,206,0
68,206,0
1,207,0
65,207,0
1,208,0
64,208,0
1,209,0
64,209,0
1,210,0
64,210,0
1,211,0
63,211,0
1,212,0
63,212,0
1,213,0
63,213,0
1,214,0
61,214,0
1,215,0
61,215,0
1,216,0
61,216,0
1,217,0
60,217,0
1,218,0
59,218,0
1,219,0
59,219,0
1,220,0
58,220,0
1,221,0
57,221,0
1,222,0
57,222,0
1,223,0
56,223,0
1,224,0
56,224,0
1,225,0
56,225,0
1,226,0
56,226,0
1,227,0
55,227,0
1,228,0
55,228,0
1,229,0
55,229,0
1,230,0
53,230,0
1,231,0
53,231,0
1,232,0
53,232,0
1,233,0
53,233,0
1,234,0
53,234,0
1,235,0
50,235,0
1,236,0
50,236,0
1,237,0
50,237,0
1,238,0
50,238,0
1,239,0
50,239,0
1,240,0
50,240,0
1,241,0
50,241,0
1,242,0
50,242,0
1,243,0
50,243,0
1,244,0
48,244,0
1,245,0
48,245,0
1,246,0
48,246,0
1,247,0
47,247,0
1,248,0
47,248,0
1,249,0
46,249,0
1,250,0
46,250,0
1,251,0
45,251,0
1,252,0
45,252,0
1,253,0
45,253,0
1,254,0
45,254,0
1,255,0
45,255,0
1,256,0
45,256,0
1,257,0
44,257,0
1,258,0
44,258,0
1,259,0
44,259,0
1,260,0
44,260,0
1,261,0
44,261,0
1,262,0
44,262,0
1,263,0
44,263,0
1,264,0
44,264,0
1,265,0
44,265,0
1,266,0
44,266,0
1,267,0
43,267,0
1,268,0
43,268,0
1,269,0
43,269,0
1,270,0
43,270,0
1,271,0
42,271,0
1,272,0
42,272,0
1,273,0
42,273,0
1,274,0
40,274,0
1,275,0
40,275,0
1,276,0
40,276,0
1,277,0
39,277,0
1,278,0
39,278,0
1,279,0
39,279,0
1,280,0
39,280,0
1,281,0
38,281,0
1,282,0
38,282,0
1,283,0
37,283,0
1,284,0
37,284,0
1,285,0
37,285,0
1,286,0
37,286,0
1,287,0
37,287,0
1,288,0
37,288,0
1,289,0
36,289,0
1,290,0
36,290,0
1,291,0
35,291,0
1,292,0
35,292,0
1,293,0
35,293,0
1,294,0
35,294,0
1,295,0
35,295,0
1,296,0
35,296,0
1,297,0
35,297,0
1,298,0
35,298,0
1,299,0
34,299,0
1,300,0
34,300,0
1,301,0
33,301,0
1,302,0
33,302,0
1,303,0
33,303,0
1,304,0
32,304,0
1,305,0
32,305,0
1,306,0
32,306,0
1,307,0
32,307,0
1,308,0
32,308,0
1,309,0
32,309,0
1,310,0
32,310,0
1,311,0
32,311,0
1,312,0
31,312,0
1,313,0
31,313,0
1,314,0
31,314,0
1,315,0
31,315,0
1,316,0
31,316,0
1,317,0
31,317,0
1,318,0
31,318,0
1,319,0
31,319,0
1,320,0
30,320,0
1,321,0
30,321,0
1,322,0
30,322,0
1,323,0
30,323,0
1,324,0
30,324,0
1,325,0
30,325,0
1,326,0
30,326,0
1,327,0
30,327,0
1,328,0
30,328,0
1,329,0
29,329,0
1,330,0
29,330,0
1,331,0
29,331,0
1,332,0
29,332,0
1,333,0
28,333,0
1,334,0
28,334,0
1,335,0
28,335,0
1,336,0
26,336,0
1,337,0
24,337,0
1,338,0
23,338,0
1,339,0
23,339,0
1,340,0
23,340,0
1,341,0
23,341,0
1,342,0
23,342,0
1,343,0
23,343,0
1,344,0
23,344,0
1,345,0
23,345,0
1,346,0
23,346,0
1,347,0
23,347,0
1,348,0
23,348,0
1,349,0
22,349,0
1,350,0
22,350,0
1,351,0
21,351,0
1,352,0
21,352,0
1,353,0
21,353,0
1,354,0
20,354,0
1,355,0
20,355,0
1,356,0
20,356,0
1,357,0
20,357,0
1,358,0
20,358,0
1,359,0
20,359,0
1,360,0
20,360,0
1,361,0
20,361,0
1,362,0
19,362,0
1,363,0
19,363,0
1,364,0
19,364,0
1,365,0
19,365,0
1,366,0
19,366,0
1,367,0
19,367,0
1,368,0
19,368,0
1,369,0
19,369,0
1,370,0
19,370,0
1,371,0
19,371,0
1,372,0
18,372,0
1,373,0
18,373,0
1,374,0
18,374,0
1,375,0
18,375,0
1,376,0
18,376,0
1,377,0
17,377,0
1,378,0
17,378,0
1,379,0
17,379,0
1,380,0
17,380,0
1,381,0
17,381,0
1,382,0
16,382,0
1,383,0
16,383,0
1,384,0
16,384,0
1,385,0
16,385,0
1,386,0
16,386,0
1,387,0
16,387,0
1,388,0
16,388,0
1,389,0
16,389,0
1,390,0
15,390,0
1,391,0
15,391,0
1,392,0
15,392,0
1,393,0
15,393,0
1,394,0
14,394,0
1,395,0
13,395,0
1,396,0
12,396,0
1,397,0
12,397,0
1,398,0
12,398,0
1,399,0
12,399,0
1,400,0
12,400,0
1,401,0
12,401,0
1,402,0
12,402,0
1,403,0
12,403,0
1,404,0
12,404,0
1,405,0
12,405,0
1,406,0
12,406,0
1,407,0
12,407,0
1,408,0
12,408,0
1,409,0
12,409,0
1,410,0
12,410,0
1,411,0
12,411,0
1,412,0
12,412,0
1,413,0
12,413,0
1,414,0
12,414,0
1,415,0
12,415,0
1,416,0
12,416,0
1,417,0
12,417,0
1,418,0
12,418,0
1,419,0
12,419,0
1,420,0
12,420,0
1,421,0
12,421,0
1,422,0
12,422,0
1,423,0
12,423,0
1,424,0
12,424,0
1,425,0
12,425,0
1,426,0
12,426,0
1,427,0
11,427,0
1,428,0
11,428,0
1,429,0
11,429,0
1,430,0
11,430,0
1,431,0
11,431,0
1,432,0
11,432,0
1,433,0
11,433,0
1,434,0
11,434,0
1,435,0
11,435,0
1,436,0
11,436,0
1,437,0
11,437,0
1,438,0
11,438,0
1,439,0
11,439,0
1,440,0
11,440,0
1,441,0
11,441,0
1,442,0
11,442,0
1,443,0
11,443,0
1,444,0
10,444,0
1,445,0
10,445,0
1,446,0
9,446,0
1,447,0
9,447,0
1,448,0
8,448,0
1,449,0
8,449,0
1,450,0
8,450,0
1,451,0
8,451,0
1,452,0
7,452,0
1,453,0
7,453,0
1,454,0
7,454,0
1,455,0
7,455,0
1,456,0
7,456,0
1,457,0
7,457,0
1,458,0
7,458,0
1,459,0
7,459,0
1,460,0
7,460,0
1,461,0
7,461,0
1,462,0
7,462,0
1,463,0
7,463,0
1,464,0
7,464,0
1,465,0
7,465,0
1,466,0
7,466,0
1,467,0
7,467,0
1,468,0
6,468,0
1,469,0
6,469,0
1,470,0
6,470,0
1,471,0
6,471,0
1,472,0
6,472,0
1,473,0
6,473,0
1,474,0
6,474,0
1,475,0
6,475,0
1,476,0
6,476,0
1,477,0
6,477,0
1,478,0
6,478,0
1,479,0
6,479,0
1,480,0
6,480,0
1,481,0
6,481,0
1,482,0
6,482,0
1,483,0
6,483,0
1,484,0
6,484,0
1,485,0
6,485,0
1,486,0
6,486,0
1,487,0
6,487,0
1,488,0
6,488,0
1,489,0
6,489,0
1,490,0
6,490,0
1,491,0
6,491,0
1,492,0
6,492,0
1,493,0
6,493,0
1,494,0
6,494,0
1,495,0
6,495,0
1,496,0
6,496,0
1,497,0
6,497,0
1,498,0
6,498,0
1,499,0
6,499,0
1,500,0
6,500,0
1,501,0
6,501,0
1,502,0
6,502,0
1,503,0
6,503,0
1,504,0
6,504,0
1,505,0
6,505,0
1,506,0
6,506,0
1,507,0
6,507,0
1,508,0
6,508,0
1,509,0
5,509,0
1,510,0
5,510,0
1,511,0
5,511,0
1,512,0
5,512,0
1,513,0
5,513,0
1,514,0
5,514,0
1,515,0
5,515,0
1,516,0
5,516,0
1,517,0
5,517,0
1,518,0
5,518,0
1,519,0
5,519,0
1,520,0
5,520,0
1,521,0
5,521,0
1,522,0
5,522,0
1,523,0
5,523,0
1,524,0
5,524,0
1,525,0
5,525,0
1,526,0
5,526,0
1,527,0
5,527,0
1,528,0
5,528,0
1,529,0
5,529,0
1,530,0
5,530,0
1,531,0
5,531,0
1,532,0
4,532,0
1,533,0
4,533,0
1,534,0
4,534,0
1,535,0
3,535,0
1,536,0
3,536,0
1,537,0
3,537,0
1,538,0
3,538,0
1,539,0
3,539,0
1,540,0
3,540,0
1,541,0
3,541,0
1,542,0
3,542,0
1,543,0
3,543,0
1,544,0
3,544,0
1,545,0
3,545,0
1,546,0
3,546,0
1,547,0
3,547,0
1,548,0
3,548,0
1,549,0
3,549,0
1,550,0
3,550,0
1,551,0
3,551,0
1,552,0
3,552,0
1,553,0
3,553,0
1,554,0
3,554,0
1,555,0
3,555,0
1,556,0
3,556,0
1,557,0
3,557,0
1,558,0
3,558,0
1,559,0
3,559,0
1,560,0
3,560,0
1,561,0
3,561,0
1,562,0
3,562,0
1,563,0
3,563,0
1,564,0
3,564,0
1,565,0
3,565,0
1,566,0
3,566,0
1,567,0
3,567,0
1,568,0
3,568,0
1,569,0
3,569,0
1,570,0
2,570,0
1,571,0
2,571,0
1,572,0
2,572,0
1,573,0
2,573,0
1,574,0
2,574,0
1,575,0
2,575,0
1,576,0
2,576,0
1,577,0
2,577,0
1,578,0
2,578,0
1,579,0
2,579,0
1,580,0
2,580,0
1,581,0
2,581,0
1,582,0
2,582,0
1,583,0
2,583,0
1,584,0
2,584,0
1,585,0
2,585,0
1,586,0
2,586,0
1,587,0
2,587,0
1,588,0
2,588,0
1,589,0
2,589,0
1,590,0
2,590,0
1,591,0
2,591,0
1,592,0
2,592,0
1,593,0
2,593,0
1,594,0
2,594,0
1,595,0
2,595,0
1,596,0
2,596,0
1,597,0
2,597,0
1,598,0
2,598,0
1,599,0
2,599,0
1,600,0
2,600,0
1,601,0
2,601,0
1,602,0
2,602,0
1,603,0
2,603,0
1,604,0
2,604,0
1,605,0
2,605,0
1,606,0
2,606,0
1,607,0
2,607,0
1,608,0
2,608,0
1,609,0
2,609,0
1,610,0
2,610,0
1,611,0
2,611,0
1,612,0
2,612,0
1,613,0
2,613,0
1,614,0
2,614,0
1,615,0
2,615,0
1,616,0
2,616,0
1,617,0
1,617,0
1,618,0
1,618,0
1,619,0
1,619,0
1,620,0
1,620,0
1,621,0
1,621,0
1,622,0
1,622,0
1,623,0
1,623,0
1,624,0
1,624,0
1,625,0
1,625,0
1,626,0
1,626,0
1,627,0
1,627,0
1,628,0
1,628,0
1,629,0
1,629,0
1,630,0
1,630,0
1,631,0
1,631,0
1,632,0
1,632,0
1,633,0
1,633,0
1,634,0
1,634,0
1,635,0
1,635,0
1,636,0
1,636,0
1,637,0
1,637,0
1,638,0
1,638,0
1,639,0
1,639,0
1,640,0
1,640,0
1,641,0
1,641,0
1,642,0
1,642,0
1,643,0
1,643,0
1,644,0
1,644,0
1,645,0
1,645,0
1,646,0
1,646,0
1,647,0
1,647,0
1,648,0
1,648,0
