1,1,0
1,1,0
1,2,0
3,2,0
1,3,0
5,3,0
1,4,0
7,4,0
1,5,0
9,5,0
1,6,0
11,6,0
1,7,0
13,7,0
1,8,0
15,8,0
1,9,0
17,9,0
1,10,0
19,10,0
1,11,0
21,11,0
1,12,0
23,12,0
1,13,0
25,13,0
1,14,0
27,14,0
1,15,0
29,15,0
1,16,0
31,16,0
1,17,0
33,17,0
1,18,0
35,18,0
1,19,0
37,19,0
1,20,0
39,20,0
1,21,0
41,21,0
1,22,0
43,22,0
1,23,0
45,23,0
1,24,0
47,24,0
1,25,0
49,25,0
1,26,0
51,26,0
1,27,0
53,27,0
1,28,0
55,28,0
1,29,0
57,29,0
1,30,0
59,30,0
1,31,0
61,31,0
1,32,0
63,32,0
1,33,0
65,33,0
1,34,0
67,34,0
1,35,0
69,35,0
1,36,0
71,36,0
1,37,0
73,37,0
1,38,0
75,38,0
1,39,0
77,39,0
1,40,0
79,40,0
1,41,0
81,41,0
1,42,0
83,42,0
1,43,0
85,43,0
1,44,0
87,44,0
1,45,0
89,45,0
1,46,0
91,46,0
1,47,0
93,47,0
1,48,0
95,48,0
1,49,0
97,49,0
1,50,0
99,50,0
1,51,0
101,51,0
1,52,0
103,52,0
1,53,0
105,53,0
1,54,0
107,54,0
1,55,0
109,55,0
1,56,0
111,56,0
1,57,0
113,57,0
1,58,0
115,58,0
1,59,0
117,59,0
1,60,0
119,60,0
1,61,0
121,61,0
1,62,0
123,62,0
1,63,0
125,63,0
1,64,0
127,64,0
1,65,0
129,65,0
1,66,0
131,66,0
1,67,0
133,67,0
1,68,0
135,68,0
1,69,0
137,69,0
1,70,0
139,70,0
1,71,0
141,71,0
1,72,0
143,72,0
1,73,0
145,73,0
1,74,0
147,74,0
1,75,0
149,75,0
1,76,0
151,76,0
1,77,0
153,77,0
1,78,0
155,78,0
1,79,0
157,79,0
1,80,0
159,80,0
1,81,0
161,81,0
1,82,0
163,82,0
1,83,0
165,83,0
1,84,0
167,84,0
1,85,0
169,85,0
1,86,0
171,86,0
1,87,0
173,87,0
1,88,0
175,88,0
1,89,0
177,89,0
1,90,0
179,90,0
1,91,0
181,91,0
1,92,0
183,92,0
1,93,0
185,93,0
1,94,0
187,94,0
1,95,0
189,95,0
1,96,0
191,96,0
1,97,0
193,97,0
1,98,0
195,98,0
1,99,0
197,99,0
1,100,0
199,100,0
1,101,0
201,101,0
1,102,0
203,102,0
1,103,0
205,103,0
1,104,0
207,104,0
1,105,0
209,105,0
1,106,0
211,106,0
1,107,0
213,107,0
1,108,0
215,108,0
1,109,0
217,109,0
1,110,0
219,110,0
1,111,0
221,111,0
1,112,0
223,112,0
1,113,0
225,113,0
1,114,0
227,114,0
1,115,0
229,115,0
1,116,0
231,116,0
1,117,0
233,117,0
1,118,0
235,118,0
1,119,0
237,119,0
1,120,0
239,120,0
1,121,0
241,121,0
1,122,0
243,122,0
1,123,0
243,123,0
1,124,0
243,124,0
1,125,0
243,125,0
1,126,0
241,126,0
1,127,0
241,127,0
1,128,0
239,128,0
1,129,0
239,129,0
1,130,0
239,130,0
1,131,0
239,131,0
1,132,0
239,132,0
1,133,0
235,133,0
1,134,0
233,134,0
1,135,0
233,135,0
1,136,0
229,136,0
1,137,0
229,137,0
1,138,0
219,138,0
1,139,0
215,139,0
1,140,0
215,140,0
1,141,0
213,141,0
1,142,0
213,142,0
1,143,0
213,143,0
1,144,0
213,144,0
1,145,0
213,145,0
1,146,0
213,146,0
1,147,0
211,147,0
1,148,0
209,148,0
1,149,0
201,149,0
1,150,0
201,150,0
1,151,0
197,151,0
1,152,0
197,152,0
1,153,0
197,153,0
1,154,0
197,154,0
1,155,0
195,155,0
1,156,0
193,156,0
1,157,0
191,157,0
1,158,0
189,158,0
1,159,0
189,159,0
1,160,0
189,160,0
1,161,0
189,161,0
1,162,0
187,162,0
1,163,0
187,163,0
1,164,0
187,164,0
1,165,0
187,165,0
1,166,0
187,166,0
1,167,0
185,167,0
1,168,0
185,168,0
1,169,0
185,169,0
1,170,0
185,170,0
1,171,0
185,171,0
1,172,0
185,172,0
1,173,0
181,173,0
1,174,0
175,174,0
1,175,0
175,175,0
1,176,0
175,176,0
1,177,0
175,177,0
1,178,0
175,178,0
1,179,0
175,179,0
1,180,0
175,180,0
1,181,0
171,181,0
1,182,0
171,182,0
1,183,0
171,183,0
1,184,0
169,184,0
1,185,0
161,185,0
1,186,0
157,186,0
1,187,0
153,187,0
1,188,0
153,188,0
1,189,0
149,189,0
1,190,0
147,190,0
1,191,0
141,191,0
1,192,0
141,192,0
1,193,0
141,193,0
1,194,0
139,194,0
1,195,0
139,195,0
1,196,0
139,196,0
1,197,0
139,197,0
1,198,0
139,198,0
1,199,0
139,199,0
1,200,0
139,200,0
1,201,0
139,201,0
1,202,0
139,202,0
1,203,0
139,203,0
1,204,0
139,204,0
1,205,0
139,205,0
1,206,0
137,206,0
1,207,0
131,207,0
1,208,0
129,208,0
1,209,0
129,209,0
1,210,0
129,210,0
1,211,0
127,211,0
1,212,0
127,212,0
1,213,0
127,213,0
1,214,0
123,214,0
1,215,0
123,215,0
1,216,0
123,216,0
1,217,0
121,217,0
1,218,0
119,218,0
1,219,0
119,219,0
1,220,0
117,220,0
1,221,0
115,221,0
1,222,0
115,222,0
1,223,0
113,223,0
1,224,0
113,224,0
1,225,0
113,225,0
1,226,0
113,226,0
1,227,0
111,227,0
1,228,0
111,228,0
1,229,0
111,229,0
1,230,0
107,230,0
1,231,0
107,231,0
1,232,0
107,232,0
1,233,0
107,233,0
1,234,0
107,234,0
1,235,0
101,235,0
1,236,0
101,236,0
1,237,0
101,237,0
1,238,0
101,238,0
1,239,0
101,239,0
1,240,0
101,240,0
1,241,0
101,241,0
1,242,0
101,242,0
1,243,0
101,243,0
1,244,0
97,244,0
1,245,0
97,245,0
1,246,0
97,246,0
1,247,0
95,247,0
1,248,0
95,248,0
1,249,0
93,249,0
1,250,0
93,250,0
1,251,0
91,251,0
1,252,0
91,252,0
1,253,0
91,253,0
1,254,0
91,254,0
1,255,0
91,255,0
1,256,0
91,256,0
1,257,0
89,257,0
1,258,0
89,258,0
1,259,0
89,259,0
1,260,0
89,260,0
1,261,0
89,261,0
1,262,0
89,262,0
1,263,0
89,263,0
1,264,0
89,264,0
1,265,0
89,265,0
1,266,0
89,266,0
1,267,0
87,267,0
1,268,0
87,268,0
1,269,0
87,269,0
1,270,0
87,270,0
1,271,0
85,271,0
1,272,0
85,272,0
1,273,0
85,273,0
1,274,0
81,274,0
1,275,0
81,275,0
1,276,0
81,276,0
1,277,0
79,277,0
1,278,0
79,278,0
1,279,0
79,279,0
1,280,0
79,280,0
1,281,0
77,281,0
1,282,0
77,282,0
1,283,0
75,283,0
1,284,0
75,284,0
1,285,0
75,285,0
1,286,0
75,286,0
1,287,0
75,287,0
1,288,0
75,288,0
1,289,0
73,289,0
1,290,0
73,290,0
1,291,0
71,291,0
1,292,0
71,292,0
1,293,0
71,293,0
1,294,0
71,294,0
1,295,0
71,295,0
1,296,0
71,296,0
1,297,0
71,297,0
1,298,0
71,298,0
1,299,0
69,299,0
1,300,0
69,300,0
1,301,0
67,301,0
1,302,0
67,302,0
1,303,0
67,303,0
1,304,0
65,304,0
1,305,0
65,305,0
1,306,0
65,306,0
1,307,0
65,307,0
1,308,0
65,308,0
1,309,0
65,309,0
1,310,0
65,310,0
1,311,0
65,311,0
1,312,0
63,312,0
1,313,0
63,313,0
1,314,0
63,314,0
1,315,0
63,315,0
1,316,0
63,316,0
1,317,0
63,317,0
1,318,0
63,318,0
1,319,0
63,319,0
1,320,0
61,320,0
1,321,0
61,321,0
1,322,0
61,322,0
1,323,0
61,323,0
1,324,0
61,324,0
1,325,0
61,325,0
1,326,0
61,326,0
1,327,0
61,327,0
1,328,0
61,328,0
1,329,0
59,329,0
1,330,0
59,330,0
1,331,0
59,331,0
1,332,0
59,332,0
1,333,0
57,333,0
1,334,0
57,334,0
1,335,0
57,335,0
1,336,0
53,336,0
1,337,0
49,337,0
1,338,0
47,338,0
1,339,0
47,339,0
1,340,0
47,340,0
1,341,0
47,341,0
1,342,0
47,342,0
1,343,0
47,343,0
1,344,0
47,344,0
1,345,0
47,345,0
1,346,0
47,346,0
1,347,0
47,347,0
1,348,0
47,348,0
1,349,0
45,349,0
1,350,0
45,350,0
1,351,0
43,351,0
1,352,0
43,352,0
1,353,0
43,353,0
1,354,0
41,354,0
1,355,0
41,355,0
1,356,0
41,356,0
1,357,0
41,357,0
1,358,0
41,358,0
1,359,0
41,359,0
1,360,0
41,360,0
1,361,0
41,361,0
1,362,0
39,362,0
1,363,0
39,363,0
1,364,0
39,364,0
1,365,0
39,365,0
1,366,0
39,366,0
1,367,0
39,367,0
1,368,0
39,368,0
1,369,0
39,369,0
1,370,0
39,370,0
1,371,0
39,371,0
1,372,0
37,372,0
1,373,0
37,373,0
1,374,0
37,374,0
1,375,0
37,375,0
1,376,0
37,376,0
1,377,0
35,377,0
1,378,0
35,378,0
1,379,0
35,379,0
1,380,0
35,380,0
1,381,0
35,381,0
1,382,0
33,382,0
1,383,0
33,383,0
1,384,0
33,384,0
1,385,0
33,385,0
1,386,0
33,386,0
1,387,0
33,387,0
1,388,0
33,388,0
1,389,0
33,389,0
1,390,0
31,390,0
1,391,0
31,391,0
1,392,0
31,392,0
1,393,0
31,393,0
1,394,0
29,394,0
1,395,0
27,395,0
1,396,0
25,396,0
1,397,0
25,397,0
1,398,0
25,398,0
1,399,0
25,399,0
1,400,0
25,400,0
1,401,0
25,401,0
1,402,0
25,402,0
1,403,0
25,403,0
1,404,0
25,404,0
1,405,0
25,405,0
1,406,0
25,406,0
1,407,0
25,407,0
1,408,0
25,408,0
1,409,0
25,409,0
1,410,0
25,410,0
1,411,0
25,411,0
1,412,0
25,412,0
1,413,0
25,413,0
1,414,0
25,414,0
1,415,0
25,415,0
1,416,0
25,416,0
1,417,0
25,417,0
1,418,0
25,418,0
1,419,0
25,419,0
1,420,0
25,420,0
1,421,0
25,421,0
1,422,0
25,422,0
1,423,0
25,423,0
1,424,0
25,424,0
1,425,0
25,425,0
1,426,0
25,426,0
1,427,0
23,427,0
1,428,0
23,428,0
1,429,0
23,429,0
1,430,0
23,430,0
1,431,0
23,431,0
1,432,0
23,432,0
1,433,0
23,433,0
1,434,0
23,434,0
1,435,0
23,435,0
1,436,0
23,436,0
1,437,0
23,437,0
1,438,0
23,438,0
1,439,0
23,439,0
1,440,0
23,440,0
1,441,0
23,441,0
1,442,0
23,442,0
1,443,0
23,443,0
1,444,0
21,444,0
1,445,0
21,445,0
1,446,0
19,446,0
1,447,0
19,447,0
1,448,0
17,448,0
1,449,0
17,449,0
1,450,0
17,450,0
1,451,0
17,451,0
1,452,0
15,452,0
1,453,0
15,453,0
1,454,0
15,454,0
1,455,0
15,455,0
1,456,0
15,456,0
1,457,0
15,457,0
1,458,0
15,458,0
1,459,0
15,459,0
1,460,0
15,460,0
1,461,0
15,461,0
1,462,0
15,462,0
1,463,0
15,463,0
1,464,0
15,464,0
1,465,0
15,465,0
1,466,0
15,466,0
1,467,0
15,467,0
1,468,0
13,468,0
1,469,0
13,469,0
1,470,0
13,470,0
1,471,0
13,471,0
1,472,0
13,472,0
1,473,0
13,473,0
1,474,0
13,474,0
1,475,0
13,475,0
1,476,0
13,476,0
1,477,0
13,477,0
1,478,0
13,478,0
1,479,0
13,479,0
1,480,0
13,480,0
1,481,0
13,481,0
1,482,0
13,482,0
1,483,0
13,483,0
1,484,0
13,484,0
1,485,0
13,485,0
1,486,0
13,486,0
1,487,0
13,487,0
1,488,0
13,488,0
1,489,0
13,489,0
1,490,0
13,490,0
1,491,0
13,491,0
1,492,0
13,492,0
1,493,0
13,493,0
1,494,0
13,494,0
1,495,0
13,495,0
1,496,0
13,496,0
1,497,0
13,497,0
1,498,0
13,498,0
1,499,0
13,499,0
1,500,0
13,500,0
1,501,0
13,501,0
1,502,0
13,502,0
1,503,0
13,503,0
1,504,0
13,504,0
1,505,0
13,505,0
1,506,0
13,506,0
1,507,0
13,507,0
1,508,0
13,508,0
1,509,0
11,509,0
1,510,0
11,510,0
1,511,0
11,511,0
1,512,0
11,512,0
1,513,0
11,513,0
1,514,0
11,514,0
1,515,0
11,515,0
1,516,0
11,516,0
1,517,0
11,517,0
1,518,0
11,518,0
1,519,0
11,519,0
1,520,0
11,520,0
1,521,0
11,521,0
1,522,0
11,522,0
1,523,0
11,523,0
1,524,0
11,524,0
1,525,0
11,525,0
1,526,0
11,526,0
1,527,0
11,527,0
1,528,0
11,528,0
1,529,0
11,529,0
1,530,0
11,530,0
1,531,0
11,531,0
1,532,0
9,532,0
1,533,0
9,533,0
1,534,0
9,534,0
1,535,0
7,535,0
1,536,0
7,536,0
1,537,0
7,537,0
1,538,0
7,538,0
1,539,0
7,539,0
1,540,0
7,540,0
1,541,0
7,541,0
1,542,0
7,542,0
1,543,0
7,543,0
1,544,0
7,544,0
1,545,0
7,545,0
1,546,0
7,546,0
1,547,0
7,547,0
1,548,0
7,548,0
1,549,0
7,549,0
1,550,0
7,550,0
1,551,0
7,551,0
1,552,0
7,552,0
1,553,0
7,553,0
1,554,0
7,554,0
1,555,0
7,555,0
1,556,0
7,556,0
1,557,0
7,557,0
1,558,0
7,558,0
1,559,0
7,559,0
1,560,0
7,560,0
1,561,0
7,561,0
1,562,0
7,562,0
1,563,0
7,563,0
1,564,0
7,564,0
1,565,0
7,565,0
1,566,0
7,566,0
1,567,0
7,567,0
1,568,0
7,568,0
1,569,0
7,569,0
1,570,0
5,570,0
1,571,0
5,571,0
1,572,0
5,572,0
1,573,0
5,573,0
1,574,0
5,574,0
1,575,0
5,575,0
1,576,0
5,576,0
1,577,0
5,577,0
1,578,0
5,578,0
1,579,0
5,579,0
1,580,0
5,580,0
1,581,0
5,581,0
1,582,0
5,582,0
1,583,0
5,583,0
1,584,0
5,584,0
1,585,0
5,585,0
1,586,0
5,586,0
1,587,0
5,587,0
1,588,0
5,588,0
1,589,0
5,589,0
1,590,0
5,590,0
1,591,0
5,591,0
1,592,0
5,592,0
1,593,0
5,593,0
1,594,0
5,594,0
1,595,0
5,595,0
1,596,0
5,596,0
1,597,0
5,597,0
1,598,0
5,598,0
1,599,0
5,599,0
1,600,0
5,600,0
1,601,0
5,601,0
1,602,0
5,602,0
1,603,0
5,603,0
1,604,0
5,604,0
1,605,0
5,605,0
1,606,0
5,606,0
1,607,0
5,607,0
1,608,0
5,608,0
1,609,0
5,609,0
1,610,0
5,610,0
1,611,0
5,611,0
1,612,0
5,612,0
1,613,0
5,613,0
1,614,0
5,614,0
1,615,0
5,615,0
1,616,0
5,616,0
1,617,0
3,617,0
1,618,0
3,618,0
1,619,0
3,619,0
1,620,0
3,620,0
1,621,0
3,621,0
1,622,0
3,622,0
1,623,0
3,623,0
1,624,0
3,624,0
1,625,0
3,625,0
1,626,0
3,626,0
1,627,0
3,627,0
1,628,0
3,628,0
1,629,0
3,629,0
1,630,0
3,630,0
1,631,0
3,631,0
1,632,0
3,632,0
1,633,0
3,633,0
1,634,0
3,634,0
1,635,0
3,635,0
1,636,0
3,636,0
1,637,0
3,637,0
1,638,0
3,638,0
1,639,0
3,639,0
1,640,0
3,640,0
1,641,0
3,641,0
1,642,0
3,642,0
1,643,0
3,643,0
1,644,0
3,644,0
1,645,0
3,645,0
1,646,0
3,646,0
1,647,0
3,647,0
1,648,0
3,648,0
1,649,0
1,649,0
1,650,0
1,650,0
1,651,0
1,651,0
1,652,0
1,652,0
1,653,0
1,653,0
1,654,0
1,654,0
1,655,0
1,655,0
1,656,0
1,656,0
1,657,0
1,657,0
1,658,0
1,658,0
1,659,0
1,659,0
1,660,0
1,660,0
1,661,0
1,661,0
1,662,0
1,662,0
1,663,0
1,663,0
1,664,0
1,664,0
1,665,0
1,665,0
1,666,0
1,666,0
1,667,0
1,667,0
1,668,0
1,668,0
1,669,0
1,669,0
1,670,0
1,670,0
1,671,0
1,671,0
1,672,0
1,672,0
1,673,0
1,673,0
1,674,0
1,674,0
1,675,0
1,675,0
1,676,0
1,676,0
1,677,0
1,677,0
1,678,0
1,678,0
1,679,0
1,679,0
1,680,0
1,680,0
1,681,0
1,681,0
1,682,0
1,682,0
1,683,0
1,683,0
1,684,0
1,684,0
1,685,0
1,685,0
1,686,0
1,686,0
1,687,0
1,687,0
1,688,0
1,688,0
1,689,0
1,689,0
1,690,0
1,690,0
1,691,0
1,691,0
1,692,0
1,692,0
1,693,0
1,693,0
1,694,0
1,694,0
1,695,0
1,695,0
1,696,0
1,696,0
1,697,0
1,697,0
1,698,0
1,698,0
1,699,0
1,699,0
1,700,0
1,700,0
1,701,0
1,701,0
1,702,0
1,702,0
1,703,0
1,703,0
1,704,0
1,704,0
1,705,0
1,705,0
1,706,0
1,706,0
1,707,0
1,707,0
1,708,0
1,708,0
1,709,0
1,709,0
1,710,0
1,710,0
1,711,0
1,711,0
1,712,0
1,712,0
1,713,0
1,713,0
1,714,0
1,714,0
1,715,0
1,715,0
1,716,0
1,716,0
1,717,0
1,717,0
1,718,0
1,718,0
1,719,0
1,719,0
1,720,0
1,720,0
1,721,0
1,721,0
1,722,0
1,722,0
1,723,0
1,723,0
1,724,0
1,724,0
1,725,0
1,725,0
1,726,0
1,726,0
1,727,0
1,727,0
1,728,0
1,728,0
1,729,0
1,729,0
1,730,0
1,730,0
1,731,0
1,731,0
1,732,0
1,732,0
1,733,0
1,733,0
1,734,0
1,734,0
1,735,0
1,735,0
1,736,0
1,736,0
1,737,0
1,737,0
1,738,0
1,738,0
1,739,0
1,739,0
1,740,0
1,740,0
1,741,0
1,741,0
1,742,0
1,742,0
1,743,0
1,743,0
1,744,0
1,744,0
1,745,0
1,745,0
1,746,0
1,746,0
1,747,0
1,747,0
1,748,0
1,748,0
1,749,0
1,749,0
1,750,0
1,750,0
1,751,0
1,751,0
1,752,0
1,752,0
1,753,0
1,753,0
1,754,0
1,754,0
1,755,0
1,755,0
1,756,0
1,756,0
1,757,0
1,757,0
1,758,0
1,758,0
1,759,0
1,759,0
1,760,0
1,760,0
1,761,0
1,761,0
1,762,0
1,762,0
1,763,0
1,763,0
1,764,0
1,764,0
1,765,0
1,765,0
1,766,0
1,766,0
1,767,0
1,767,0
1,768,0
1,768,0
1,769,0
1,769,0
1,770,0
1,770,0
1,771,0
1,771,0
1,772,0
1,772,0
1,773,0
1,773,0
1,774,0
1,774,0
1,775,0
1,775,0
1,776,0
1,776,0
1,777,0
1,777,0
1,778,0
1,778,0
1,779,0
1,779,0
1,780,0
1,780,0
1,781,0
1,781,0
1,782,0
1,782,0
1,783,0
1,783,0
1,784,0
1,784,0
1,785,0
1,785,0
1,786,0
1,786,0
1,787,0
1,787,0
1,788,0
1,788,0
1,789,0
1,789,0
1,790,0
1,790,0
1,791,0
1,791,0
1,792,0
1,792,0
1,793,0
1,793,0
1,794,0
1,794,0
1,795,0
1,795,0
1,796,0
1,796,0
1,797,0
1,797,0
1,798,0
1,798,0
1,799,0
1,799,0
1,800,0
1,800,0
1,801,0
1,801,0
1,802,0
1,802,0
1,803,0
1,803,0
1,804,0
1,804,0
1,805,0
1,805,0
1,806,0
1,806,0
1,807,0
1,807,0
1,808,0
1,808,0
1,809,0
1,809,0
1,810,0
1,810,0
1,811,0
1,811,0
1,812,0
1,812,0
1,813,0
1,813,0
1,814,0
1,814,0
1,815,0
1,815,0
1,816,0
1,816,0
1,817,0
1,817,0
1,818,0
1,818,0
1,819,0
1,819,0
1,820,0
1,820,0
