1,1,0
1,1,0
1,2,0
3,2,0
1,3,0
5,3,0
1,4,0
7,4,0
1,5,0
9,5,0
1,6,0
11,6,0
1,7,0
13,7,0
1,8,0
15,8,0
1,9,0
17,9,0
1,10,0
19,10,0
1,11,0
21,11,0
1,12,0
23,12,0
1,13,0
25,13,0
1,14,0
27,14,0
1,15,0
29,15,0
1,16,0
31,16,0
1,17,0
33,17,0
1,18,0
35,18,0
1,19,0
37,19,0
1,20,0
39,20,0
1,21,0
41,21,0
1,22,0
43,22,0
1,23,0
45,23,0
1,24,0
47,24,0
1,25,0
49,25,0
1,26,0
51,26,0
1,27,0
53,27,0
1,28,0
55,28,0
1,29,0
57,29,0
1,30,0
59,30,0
1,31,0
61,31,0
1,32,0
63,32,0
1,33,0
65,33,0
1,34,0
67,34,0
1,35,0
69,35,0
1,36,0
71,36,0
1,37,0
73,37,0
1,38,0
75,38,0
1,39,0
77,39,0
1,40,0
79,40,0
1,41,0
81,41,0
1,42,0
83,42,0
1,43,0
85,43,0
1,44,0
87,44,0
1,45,0
89,45,0
1,46,0
91,46,0
1,47,0
93,47,0
1,48,0
95,48,0
1,49,0
97,49,0
1,50,0
99,50,0
1,51,0
101,51,0
1,52,0
103,52,0
1,53,0
105,53,0
1,54,0
107,54,0
1,55,0
109,55,0
1,56,0
111,56,0
1,57,0
113,57,0
1,58,0
115,58,0
1,59,0
117,59,0
1,60,0
119,60,0
1,61,0
121,61,0
1,62,0
123,62,0
1,63,0
125,63,0
1,64,0
127,64,0
1,65,0
129,65,0
1,66,0
131,66,0
1,67,0
133,67,0
1,68,0
135,68,0
1,69,0
137,69,0
1,70,0
139,70,0
1,71,0
141,71,0
1,72,0
143,72,0
1,73,0
145,73,0
1,74,0
147,74,0
1,75,0
149,75,0
1,76,0
151,76,0
1,77,0
153,77,0
1,78,0
155,78,0
1,79,0
157,79,0
1,80,0
159,80,0
1,81,0
161,81,0
1,82,0
163,82,0
1,83,0
165,83,0
1,84,0
167,84,0
1,85,0
169,85,0
1,86,0
171,86,0
1,87,0
173,87,0
1,88,0
175,88,0
1,89,0
177,89,0
1,90,0
179,90,0
1,91,0
181,91,0
1,92,0
183,92,0
1,93,0
185,93,0
1,94,0
187,94,0
1,95,0
189,95,0
1,96,0
191,96,0
1,97,0
193,97,0
1,98,0
195,98,0
1,99,0
197,99,0
1,100,0
199,100,0
1,101,0
201,101,0
1,102,0
203,102,0
1,103,0
205,103,0
1,104,0
207,104,0
1,105,0
209,105,0
1,106,0
211,106,0
1,107,0
213,107,0
1,108,0
215,108,0
1,109,0
217,109,0
1,110,0
219,110,0
1,111,0
221,111,0
1,112,0
223,112,0
1,113,0
225,113,0
1,114,0
227,114,0
1,115,0
229,115,0
1,116,0
231,116,0
1,117,0
233,117,0
1,118,0
235,118,0
1,119,0
237,119,0
1,120,0
239,120,0
1,121,0
237,121,0
1,122,0
235,122,0
1,123,0
233,123,0
1,124,0
229,124,0
1,125,0
229,125,0
1,126,0
229,126,0
1,127,0
229,127,0
1,128,0
225,128,0
1,129,0
225,129,0
1,130,0
225,130,0
1,131,0
223,131,0
1,132,0
221,132,0
1,133,0
221,133,0
1,134,0
221,134,0
1,135,0
213,135,0
1,136,0
211,136,0
1,137,0
211,137,0
1,138,0
211,138,0
1,139,0
207,139,0
1,140,0
203,140,0
1,141,0
203,141,0
1,142,0
201,142,0
1,143,0
201,143,0
1,144,0
201,144,0
1,145,0
199,145,0
1,146,0
199,146,0
1,147,0
199,147,0
1,148,0
199,148,0
1,149,0
197,149,0
1,150,0
197,150,0
1,151,0
195,151,0
1,152,0
191,152,0
1,153,0
191,153,0
1,154,0
189,154,0
1,155,0
187,155,0
1,156,0
183,156,0
1,157,0
183,157,0
1,158,0
179,158,0
1,159,0
179,159,0
1,160,0
179,160,0
1,161,0
177,161,0
1,162,0
177,162,0
1,163,0
177,163,0
1,164,0
177,164,0
1,165,0
177,165,0
1,166,0
175,166,0
1,167,0
175,167,0
1,168,0
175,168,0
1,169,0
175,169,0
1,170,0
171,170,0
1,171,0
171,171,0
1,172,0
171,172,0
1,173,0
171,173,0
1,174,0
171,174,0
1,175,0
171,175,0
1,176,0
169,176,0
1,177,0
169,177,0
1,178,0
167,178,0
1,179,0
165,179,0
1,180,0
165,180,0
1,181,0
163,181,0
1,182,0
163,182,0
1,183,0
163,183,0
1,184,0
163,184,0
1,185,0
161,185,0
1,186,0
161,186,0
1,187,0
161,187,0
1,188,0
161,188,0
1,189,0
161,189,0
1,190,0
161,190,0
1,191,0
161,191,0
1,192,0
161,192,0
1,193,0
161,193,0
1,194,0
157,194,0
1,195,0
157,195,0
1,196,0
157,196,0
1,197,0
157,197,0
1,198,0
153,198,0
1,199,0
153,199,0
1,200,0
151,200,0
1,201,0
151,201,0
1,202,0
151,202,0
1,203,0
151,203,0
1,204,0
149,204,0
1,205,0
147,205,0
1,206,0
145,206,0
1,207,0
145,207,0
1,208,0
145,208,0
1,209,0
145,209,0
1,210,0
143,210,0
1,211,0
143,211,0
1,212,0
143,212,0
1,213,0
141,213,0
1,214,0
139,214,0
1,215,0
137,215,0
1,216,0
135,216,0
1,217,0
135,217,0
1,218,0
135,218,0
1,219,0
135,219,0
1,220,0
135,220,0
1,221,0
135,221,0
1,222,0
133,222,0
1,223,0
131,223,0
1,224,0
129,224,0
1,225,0
125,225,0
1,226,0
125,226,0
1,227,0
125,227,0
1,228,0
123,228,0
1,229,0
117,229,0
1,230,0
117,230,0
1,231,0
117,231,0
1,232,0
117,232,0
1,233,0
117,233,0
1,234,0
115,234,0
1,235,0
115,235,0
1,236,0
115,236,0
1,237,0
115,237,0
1,238,0
115,238,0
1,239,0
113,239,0
1,240,0
113,240,0
1,241,0
113,241,0
1,242,0
113,242,0
1,243,0
113,243,0
1,244,0
113,244,0
1,245,0
113,245,0
1,246,0
113,246,0
1,247,0
111,247,0
1,248,0
107,248,0
1,249,0
105,249,0
1,250,0
105,250,0
1,251,0
105,251,0
1,252,0
105,252,0
1,253,0
105,253,0
1,254,0
105,254,0
1,255,0
105,255,0
1,256,0
105,256,0
1,257,0
101,257,0
1,258,0
101,258,0
1,259,0
99,259,0
1,260,0
95,260,0
1,261,0
95,261,0
1,262,0
95,262,0
1,263,0
95,263,0
1,264,0
95,264,0
1,265,0
95,265,0
1,266,0
95,266,0
1,267,0
95,267,0
1,268,0
95,268,0
1,269,0
95,269,0
1,270,0
95,270,0
1,271,0
95,271,0
1,272,0
95,272,0
1,273,0
95,273,0
1,274,0
95,274,0
1,275,0
93,275,0
1,276,0
93,276,0
1,277,0
93,277,0
1,278,0
93,278,0
1,279,0
93,279,0
1,280,0
91,280,0
1,281,0
91,281,0
1,282,0
91,282,0
1,283,0
89,283,0
1,284,0
89,284,0
1,285,0
87,285,0
1,286,0
87,286,0
1,287,0
87,287,0
1,288,0
87,288,0
1,289,0
87,289,0
1,290,0
85,290,0
1,291,0
83,291,0
1,292,0
83,292,0
1,293,0
83,293,0
1,294,0
83,294,0
1,295,0
83,295,0
1,296,0
83,296,0
1,297,0
83,297,0
1,298,0
83,298,0
1,299,0
81,299,0
1,300,0
81,300,0
1,301,0
81,301,0
1,302,0
81,302,0
1,303,0
79,303,0
1,304,0
77,304,0
1,305,0
77,305,0
1,306,0
75,306,0
1,307,0
73,307,0
1,308,0
73,308,0
1,309,0
73,309,0
1,310,0
73,310,0
1,311,0
73,311,0
1,312,0
73,312,0
1,313,0
73,313,0
1,314,0
73,314,0
1,315,0
71,315,0
1,316,0
71,316,0
1,317,0
71,317,0
1,318,0
71,318,0
1,319,0
71,319,0
1,320,0
71,320,0
1,321,0
69,321,0
1,322,0
69,322,0
1,323,0
69,323,0
1,324,0
69,324,0
1,325,0
69,325,0
1,326,0
69,326,0
1,327,0
69,327,0
1,328,0
69,328,0
1,329,0
67,329,0
1,330,0
67,330,0
1,331,0
67,331,0
1,332,0
67,332,0
1,333,0
67,333,0
1,334,0
67,334,0
1,335,0
67,335,0
1,336,0
67,336,0
1,337,0
65,337,0
1,338,0
65,338,0
1,339,0
65,339,0
1,340,0
59,340,0
1,341,0
59,341,0
1,342,0
59,342,0
1,343,0
59,343,0
1,344,0
59,344,0
1,345,0
59,345,0
1,346,0
59,346,0
1,347,0
59,347,0
1,348,0
59,348,0
1,349,0
59,349,0
1,350,0
59,350,0
1,351,0
59,351,0
1,352,0
59,352,0
1,353,0
57,353,0
1,354,0
57,354,0
1,355,0
57,355,0
1,356,0
57,356,0
1,357,0
57,357,0
1,358,0
55,358,0
1,359,0
55,359,0
1,360,0
55,360,0
1,361,0
55,361,0
1,362,0
55,362,0
1,363,0
55,363,0
1,364,0
55,364,0
1,365,0
51,365,0
1,366,0
51,366,0
1,367,0
51,367,0
1,368,0
51,368,0
1,369,0
51,369,0
1,370,0
51,370,0
1,371,0
51,371,0
1,372,0
49,372,0
1,373,0
47,373,0
1,374,0
47,374,0
1,375,0
47,375,0
1,376,0
47,376,0
1,377,0
47,377,0
1,378,0
47,378,0
1,379,0
47,379,0
1,380,0
47,380,0
1,381,0
45,381,0
1,382,0
45,382,0
1,383,0
45,383,0
1,384,0
45,384,0
1,385,0
45,385,0
1,386,0
45,386,0
1,387,0
45,387,0
1,388,0
45,388,0
1,389,0
45,389,0
1,390,0
45,390,0
1,391,0
45,391,0
1,392,0
45,392,0
1,393,0
45,393,0
1,394,0
43,394,0
1,395,0
43,395,0
1,396,0
43,396,0
1,397,0
43,397,0
1,398,0
43,398,0
1,399,0
41,399,0
1,400,0
41,400,0
1,401,0
41,401,0
1,402,0
41,402,0
1,403,0
41,403,0
1,404,0
41,404,0
1,405,0
41,405,0
1,406,0
41,406,0
1,407,0
41,407,0
1,408,0
41,408,0
1,409,0
41,409,0
1,410,0
41,410,0
1,411,0
41,411,0
1,412,0
41,412,0
1,413,0
41,413,0
1,414,0
41,414,0
1,415,0
39,415,0
1,416,0
39,416,0
1,417,0
39,417,0
1,418,0
39,418,0
1,419,0
39,419,0
1,420,0
39,420,0
1,421,0
39,421,0
1,422,0
39,422,0
1,423,0
39,423,0
1,424,0
39,424,0
1,425,0
39,425,0
1,426,0
39,426,0
1,427,0
39,427,0
1,428,0
39,428,0
1,429,0
39,429,0
1,430,0
39,430,0
1,431,0
39,431,0
1,432,0
39,432,0
1,433,0
39,433,0
1,434,0
39,434,0
1,435,0
39,435,0
1,436,0
39,436,0
1,437,0
37,437,0
1,438,0
37,438,0
1,439,0
37,439,0
1,440,0
37,440,0
1,441,0
37,441,0
1,442,0
37,442,0
1,443,0
37,443,0
1,444,0
37,444,0
1,445,0
33,445,0
1,446,0
31,446,0
1,447,0
31,447,0
1,448,0
31,448,0
1,449,0
31,449,0
1,450,0
31,450,0
1,451,0
27,451,0
1,452,0
27,452,0
1,453,0
27,453,0
1,454,0
27,454,0
1,455,0
27,455,0
1,456,0
27,456,0
1,457,0
27,457,0
1,458,0
27,458,0
1,459,0
27,459,0
1,460,0
25,460,0
1,461,0
25,461,0
1,462,0
25,462,0
1,463,0
25,463,0
1,464,0
25,464,0
1,465,0
25,465,0
1,466,0
25,466,0
1,467,0
25,467,0
1,468,0
25,468,0
1,469,0
25,469,0
1,470,0
25,470,0
1,471,0
23,471,0
1,472,0
23,472,0
1,473,0
23,473,0
1,474,0
23,474,0
1,475,0
23,475,0
1,476,0
23,476,0
1,477,0
23,477,0
1,478,0
23,478,0
1,479,0
23,479,0
1,480,0
23,480,0
1,481,0
21,481,0
1,482,0
21,482,0
1,483,0
21,483,0
1,484,0
21,484,0
1,485,0
21,485,0
1,486,0
21,486,0
1,487,0
21,487,0
1,488,0
21,488,0
1,489,0
19,489,0
1,490,0
19,490,0
1,491,0
19,491,0
1,492,0
19,492,0
1,493,0
19,493,0
1,494,0
19,494,0
1,495,0
17,495,0
1,496,0
15,496,0
1,497,0
15,497,0
1,498,0
15,498,0
1,499,0
15,499,0
1,500,0
15,500,0
1,501,0
15,501,0
1,502,0
15,502,0
1,503,0
15,503,0
1,504,0
15,504,0
1,505,0
15,505,0
1,506,0
13,506,0
1,507,0
13,507,0
1,508,0
13,508,0
1,509,0
13,509,0
1,510,0
13,510,0
1,511,0
13,511,0
1,512,0
13,512,0
1,513,0
13,513,0
1,514,0
13,514,0
1,515,0
13,515,0
1,516,0
13,516,0
1,517,0
13,517,0
1,518,0
13,518,0
1,519,0
13,519,0
1,520,0
13,520,0
1,521,0
13,521,0
1,522,0
13,522,0
1,523,0
13,523,0
1,524,0
13,524,0
1,525,0
11,525,0
1,526,0
11,526,0
1,527,0
11,527,0
1,528,0
11,528,0
1,529,0
11,529,0
1,530,0
9,530,0
1,531,0
9,531,0
1,532,0
9,532,0
1,533,0
9,533,0
1,534,0
9,534,0
1,535,0
9,535,0
1,536,0
9,536,0
1,537,0
9,537,0
1,538,0
9,538,0
1,539,0
9,539,0
1,540,0
9,540,0
1,541,0
9,541,0
1,542,0
9,542,0
1,543,0
9,543,0
1,544,0
9,544,0
1,545,0
9,545,0
1,546,0
9,546,0
1,547,0
9,547,0
1,548,0
9,548,0
1,549,0
9,549,0
1,550,0
9,550,0
1,551,0
9,551,0
1,552,0
9,552,0
1,553,0
9,553,0
1,554,0
9,554,0
1,555,0
9,555,0
1,556,0
9,556,0
1,557,0
9,557,0
1,558,0
9,558,0
1,559,0
9,559,0
1,560,0
9,560,0
1,561,0
9,561,0
1,562,0
9,562,0
1,563,0
9,563,0
1,564,0
9,564,0
1,565,0
9,565,0
1,566,0
9,566,0
1,567,0
9,567,0
1,568,0
9,568,0
1,569,0
9,569,0
1,570,0
9,570,0
1,571,0
9,571,0
1,572,0
9,572,0
1,573,0
9,573,0
1,574,0
9,574,0
1,575,0
9,575,0
1,576,0
9,576,0
1,577,0
9,577,0
1,578,0
9,578,0
1,579,0
9,579,0
1,580,0
9,580,0
1,581,0
9,581,0
1,582,0
9,582,0
1,583,0
9,583,0
1,584,0
9,584,0
1,585,0
9,585,0
1,586,0
9,586,0
1,587,0
9,587,0
1,588,0
9,588,0
1,589,0
9,589,0
1,590,0
9,590,0
1,591,0
9,591,0
1,592,0
9,592,0
1,593,0
9,593,0
1,594,0
7,594,0
1,595,0
7,595,0
1,596,0
7,596,0
1,597,0
7,597,0
1,598,0
5,598,0
1,599,0
5,599,0
1,600,0
5,600,0
1,601,0
5,601,0
1,602,0
5,602,0
1,603,0
5,603,0
1,604,0
5,604,0
1,605,0
5,605,0
1,606,0
5,606,0
1,607,0
5,607,0
1,608,0
5,608,0
1,609,0
5,609,0
1,610,0
5,610,0
1,611,0
5,611,0
1,612,0
5,612,0
1,613,0
5,613,0
1,614,0
5,614,0
1,615,0
5,615,0
1,616,0
5,616,0
1,617,0
5,617,0
1,618,0
5,618,0
1,619,0
5,619,0
1,620,0
5,620,0
1,621,0
5,621,0
1,622,0
5,622,0
1,623,0
5,623,0
1,624,0
5,624,0
1,625,0
5,625,0
1,626,0
5,626,0
1,627,0
5,627,0
1,628,0
5,628,0
1,629,0
5,629,0
1,630,0
5,630,0
1,631,0
5,631,0
1,632,0
5,632,0
1,633,0
5,633,0
1,634,0
5,634,0
1,635,0
5,635,0
1,636,0
5,636,0
1,637,0
5,637,0
1,638,0
5,638,0
1,639,0
5,639,0
1,640,0
5,640,0
1,641,0
5,641,0
1,642,0
5,642,0
1,643,0
5,643,0
1,644,0
5,644,0
1,645,0
5,645,0
1,646,0
5,646,0
1,647,0
5,647,0
1,648,0
5,648,0
1,649,0
5,649,0
1,650,0
5,650,0
1,651,0
5,651,0
1,652,0
5,652,0
1,653,0
5,653,0
1,654,0
5,654,0
1,655,0
5,655,0
1,656,0
5,656,0
1,657,0
5,657,0
1,658,0
5,658,0
1,659,0
5,659,0
1,660,0
5,660,0
1,661,0
5,661,0
1,662,0
5,662,0
1,663,0
5,663,0
1,664,0
5,664,0
1,665,0
5,665,0
1,666,0
5,666,0
1,667,0
5,667,0
1,668,0
5,668,0
1,669,0
5,669,0
1,670,0
5,670,0
1,671,0
5,671,0
1,672,0
5,672,0
1,673,0
5,673,0
1,674,0
5,674,0
1,675,0
5,675,0
1,676,0
5,676,0
1,677,0
5,677,0
1,678,0
5,678,0
1,679,0
5,679,0
1,680,0
5,680,0
1,681,0
5,681,0
1,682,0
5,682,0
1,683,0
5,683,0
1,684,0
5,684,0
1,685,0
5,685,0
1,686,0
5,686,0
1,687,0
5,687,0
1,688,0
5,688,0
1,689,0
5,689,0
1,690,0
5,690,0
1,691,0
5,691,0
1,692,0
5,692,0
1,693,0
5,693,0
1,694,0
5,694,0
1,695,0
5,695,0
1,696,0
5,696,0
1,697,0
5,697,0
1,698,0
5,698,0
1,699,0
5,699,0
1,700,0
5,700,0
1,701,0
5,701,0
1,702,0
5,702,0
1,703,0
5,703,0
1,704,0
5,704,0
1,705,0
5,705,0
1,706,0
5,706,0
1,707,0
5,707,0
1,708,0
5,708,0
1,709,0
5,709,0
1,710,0
5,710,0
1,711,0
5,711,0
1,712,0
5,712,0
1,713,0
5,713,0
1,714,0
5,714,0
1,715,0
5,715,0
1,716,0
5,716,0
1,717,0
5,717,0
1,718,0
5,718,0
1,719,0
5,719,0
1,720,0
5,720,0
1,721,0
5,721,0
1,722,0
5,722,0
1,723,0
5,723,0
1,724,0
5,724,0
1,725,0
5,725,0
1,726,0
5,726,0
1,727,0
5,727,0
1,728,0
5,728,0
1,729,0
5,729,0
1,730,0
5,730,0
1,731,0
5,731,0
1,732,0
5,732,0
1,733,0
5,733,0
1,734,0
5,734,0
1,735,0
5,735,0
1,736,0
3,736,0
1,737,0
3,737,0
1,738,0
3,738,0
1,739,0
3,739,0
1,740,0
3,740,0
1,741,0
3,741,0
1,742,0
3,742,0
1,743,0
3,743,0
1,744,0
3,744,0
1,745,0
3,745,0
1,746,0
3,746,0
1,747,0
3,747,0
1,748,0
3,748,0
1,749,0
3,749,0
1,750,0
3,750,0
1,751,0
3,751,0
1,752,0
3,752,0
1,753,0
3,753,0
1,754,0
3,754,0
1,755,0
3,755,0
1,756,0
3,756,0
1,757,0
3,757,0
1,758,0
3,758,0
1,759,0
3,759,0
1,760,0
3,760,0
1,761,0
3,761,0
1,762,0
3,762,0
1,763,0
3,763,0
1,764,0
3,764,0
1,765,0
3,765,0
1,766,0
3,766,0
1,767,0
3,767,0
1,768,0
3,768,0
1,769,0
3,769,0
1,770,0
3,770,0
1,771,0
3,771,0
1,772,0
3,772,0
1,773,0
3,773,0
1,774,0
3,774,0
1,775,0
3,775,0
1,776,0
3,776,0
1,777,0
3,777,0
1,778,0
3,778,0
1,779,0
3,779,0
1,780,0
3,780,0
1,781,0
3,781,0
1,782,0
3,782,0
1,783,0
3,783,0
1,784,0
3,784,0
1,785,0
3,785,0
1,786,0
3,786,0
1,787,0
3,787,0
1,788,0
3,788,0
1,789,0
3,789,0
1,790,0
3,790,0
1,791,0
3,791,0
1,792,0
3,792,0
1,793,0
3,793,0
1,794,0
3,794,0
1,795,0
3,795,0
1,796,0
3,796,0
1,797,0
3,797,0
1,798,0
1,798,0
1,799,0
1,799,0
1,800,0
1,800,0
1,801,0
1,801,0
1,802,0
1,802,0
1,803,0
1,803,0
1,804,0
1,804,0
1,805,0
1,805,0
1,806,0
1,806,0
1,807,0
1,807,0
1,808,0
1,808,0
1,809,0
1,809,0
1,810,0
1,810,0
1,811,0
1,811,0
1,812,0
1,812,0
1,813,0
1,813,0
1,814,0
1,814,0
1,815,0
1,815,0
1,816,0
1,816,0
1,817,0
1,817,0
1,818,0
1,818,0
1,819,0
1,819,0
1,820,0
1,820,0
1,821,0
1,821,0
1,822,0
1,822,0
1,823,0
1,823,0
1,824,0
1,824,0
1,825,0
1,825,0
1,826,0
1,826,0
1,827,0
1,827,0
1,828,0
1,828,0
1,829,0
1,829,0
1,830,0
1,830,0
1,831,0
1,831,0
1,832,0
1,832,0
1,833,0
1,833,0
1,834,0
1,834,0
1,835,0
1,835,0
1,836,0
1,836,0
1,837,0
1,837,0
1,838,0
1,838,0
1,839,0
1,839,0
1,840,0
1,840,0
1,841,0
1,841,0
1,842,0
1,842,0
1,843,0
1,843,0
1,844,0
1,844,0
1,845,0
1,845,0
1,846,0
1,846,0
1,847,0
1,847,0
1,848,0
1,848,0
1,849,0
1,849,0
1,850,0
1,850,0
1,851,0
1,851,0
1,852,0
1,852,0
1,853,0
1,853,0
1,854,0
1,854,0
1,855,0
1,855,0
1,856,0
1,856,0
1,857,0
1,857,0
1,858,0
1,858,0
1,859,0
1,859,0
1,860,0
1,860,0
1,861,0
1,861,0
1,862,0
1,862,0
1,863,0
1,863,0
1,864,0
1,864,0
1,865,0
1,865,0
1,866,0
1,866,0
1,867,0
1,867,0
1,868,0
1,868,0
1,869,0
1,869,0
1,870,0
1,870,0
1,871,0
1,871,0
1,872,0
1,872,0
1,873,0
1,873,0
1,874,0
1,874,0
1,875,0
1,875,0
1,876,0
1,876,0
1,877,0
1,877,0
1,878,0
1,878,0
1,879,0
1,879,0
1,880,0
1,880,0
1,881,0
1,881,0
1,882,0
1,882,0
1,883,0
1,883,0
1,884,0
1,884,0
1,885,0
1,885,0
1,886,0
1,886,0
1,887,0
1,887,0
1,888,0
1,888,0
1,889,0
1,889,0
1,890,0
1,890,0
1,891,0
1,891,0
1,892,0
1,892,0
1,893,0
1,893,0
1,894,0
1,894,0
1,895,0
1,895,0
1,896,0
1,896,0
1,897,0
1,897,0
1,898,0
1,898,0
