1,1,0
39,1,0
1,2,0
38,2,0
1,3,0
37,3,0
1,4,0
36,4,0
1,5,0
35,5,0
1,6,0
34,6,0
1,7,0
34,7,0
1,8,0
33,8,0
1,9,0
32,9,0
1,10,0
31,10,0
1,11,0
30,11,0
1,12,0
30,12,0
1,13,0
29,13,0
1,14,0
29,14,0
1,15,0
29,15,0
1,16,0
29,16,0
1,17,0
29,17,0
1,18,0
29,18,0
1,19,0
28,19,0
1,20,0
27,20,0
1,21,0
26,21,0
1,22,0
26,22,0
1,23,0
25,23,0
1,24,0
25,24,0
1,25,0
24,25,0
1,26,0
23,26,0
1,27,0
23,27,0
1,28,0
22,28,0
1,29,0
22,29,0
1,30,0
22,30,0
1,31,0
22,31,0
1,32,0
21,32,0
1,33,0
21,33,0
1,34,0
21,34,0
1,35,0
20,35,0
1,36,0
20,36,0
1,37,0
20,37,0
1,38,0
20,38,0
1,39,0
20,39,0
1,40,0
20,40,0
1,41,0
20,41,0
1,42,0
20,42,0
1,43,0
20,43,0
1,44,0
19,44,0
1,45,0
19,45,0
1,46,0
19,46,0
1,47,0
19,47,0
1,48,0
18,48,0
1,49,0
18,49,0
1,50,0
18,50,0
1,51,0
18,51,0
1,52,0
18,52,0
1,53,0
18,53,0
1,54,0
18,54,0
1,55,0
18,55,0
1,56,0
18,56,0
1,57,0
17,57,0
1,58,0
17,58,0
1,59,0
17,59,0
1,60,0
17,60,0
1,61,0
17,61,0
1,62,0
17,62,0
1,63,0
17,63,0
1,64,0
17,64,0
1,65,0
17,65,0
1,66,0
17,66,0
1,67,0
17,67,0
1,68,0
17,68,0
1,69,0
16,69,0
1,70,0
16,70,0
1,71,0
15,71,0
1,72,0
15,72,0
1,73,0
15,73,0
1,74,0
15,74,0
1,75,0
15,75,0
1,76,0
15,76,0
1,77,0
15,77,0
1,78,0
15,78,0
1,79,0
15,79,0
1,80,0
15,80,0
1,81,0
15,81,0
1,82,0
15,82,0
1,83,0
15,83,0
1,84,0
15,84,0
1,85,0
15,85,0
1,86,0
15,86,0
1,87,0
15,87,0
1,88,0
15,88,0
1,89,0
14,89,0
1,90,0
14,90,0
1,91,0
14,91,0
1,92,0
14,92,0
1,93,0
14,93,0
1,94,0
14,94,0
1,95,0
14,95,0
1,96,0
14,96,0
1,97,0
14,97,0
1,98,0
14,98,0
1,99,0
13,99,0
1,100,0
13,100,0
1,101,0
12,101,0
1,102,0
12,102,0
1,103,0
12,103,0
1,104,0
11,104,0
1,105,0
11,105,0
1,106,0
11,106,0
1,107,0
11,107,0
1,108,0
10,108,0
1,109,0
10,109,0
1,110,0
10,110,0
1,111,0
10,111,0
1,112,0
10,112,0
1,113,0
9,113,0
1,114,0
9,114,0
1,115,0
9,115,0
1,116,0
8,116,0
1,117,0
8,117,0
1,118,0
8,118,0
1,119,0
8,119,0
1,120,0
8,120,0
1,121,0
8,121,0
1,122,0
8,122,0
1,123,0
8,123,0
1,124,0
8,124,0
1,125,0
8,125,0
1,126,0
8,126,0
1,127,0
8,127,0
1,128,0
8,128,0
1,129,0
8,129,0
1,130,0
8,130,0
1,131,0
7,131,0
1,132,0
7,132,0
1,133,0
7,133,0
1,134,0
7,134,0
1,135,0
7,135,0
1,136,0
7,136,0
1,137,0
6,137,0
1,138,0
6,138,0
1,139,0
6,139,0
1,140,0
6,140,0
1,141,0
6,141,0
1,142,0
6,142,0
1,143,0
6,143,0
1,144,0
6,144,0
1,145,0
6,145,0
1,146,0
6,146,0
1,147,0
6,147,0
1,148,0
6,148,0
1,149,0
6,149,0
1,150,0
6,150,0
1,151,0
6,151,0
1,152,0
6,152,0
1,153,0
6,153,0
1,154,0
6,154,0
1,155,0
6,155,0
1,156,0
6,156,0
1,157,0
6,157,0
1,158,0
6,158,0
1,159,0
6,159,0
1,160,0
6,160,0
1,161,0
6,161,0
1,162,0
6,162,0
1,163,0
6,163,0
1,164,0
6,164,0
1,165,0
5,165,0
1,166,0
5,166,0
1,167,0
5,167,0
1,168,0
5,168,0
1,169,0
5,169,0
1,170,0
5,170,0
1,171,0
5,171,0
1,172,0
4,172,0
1,173,0
4,173,0
1,174,0
4,174,0
1,175,0
3,175,0
1,176,0
3,176,0
1,177,0
3,177,0
1,178,0
3,178,0
1,179,0
3,179,0
1,180,0
3,180,0
1,181,0
3,181,0
1,182,0
3,182,0
1,183,0
3,183,0
1,184,0
3,184,0
1,185,0
3,185,0
1,186,0
3,186,0
1,187,0
3,187,0
1,188,0
3,188,0
1,189,0
3,189,0
1,190,0
3,190,0
1,191,0
3,191,0
1,192,0
3,192,0
1,193,0
3,193,0
1,194,0
3,194,0
1,195,0
3,195,0
1,196,0
3,196,0
1,197,0
3,197,0
1,198,0
3,198,0
1,199,0
3,199,0
1,200,0
3,200,0
1,201,0
3,201,0
1,202,0
3,202,0
1,203,0
3,203,0
1,204,0
3,204,0
1,205,0
3,205,0
1,206,0
3,206,0
1,207,0
3,207,0
1,208,0
2,208,0
1,209,0
2,209,0
1,210,0
2,210,0
1,211,0
2,211,0
1,212,0
2,212,0
1,213,0
2,213,0
1,214,0
2,214,0
1,215,0
2,215,0
1,216,0
2,216,0
1,217,0
2,217,0
1,218,0
2,218,0
1,219,0
2,219,0
1,220,0
2,220,0
1,221,0
2,221,0
1,222,0
1,222,0
1,223,0
1,223,0
1,224,0
1,224,0
1,225,0
1,225,0
1,226,0
1,226,0
1,227,0
1,227,0
1,228,0
1,228,0
1,229,0
1,229,0
1,230,0
1,230,0
1,231,0
1,231,0
1,232,0
1,232,0
1,233,0
1,233,0
1,234,0
1,234,0
1,235,0
1,235,0
1,236,0
1,236,0
1,237,0
1,237,0
1,238,0
1,238,0
1,239,0
1,239,0
1,240,0
1,240,0
1,241,0
1,241,0
1,242,0
1,242,0
1,243,0
1,243,0
1,244,0
1,244,0
1,245,0
1,245,0
1,246,0
1,246,0
1,247,0
1,247,0
1,248,0
1,248,0
1,249,0
1,249,0
1,250,0
1,250,0
1,251,0
1,251,0
1,252,0
1,252,0
1,253,0
1,253,0
1,254,0
1,254,0
1,255,0
1,255,0
1,256,0
1,256,0
1,257,0
1,257,0
1,258,0
1,258,0
1,259,0
1,259,0
1,260,0
1,260,0
1,261,0
1,261,0
1,262,0
1,262,0
1,263,0
1,263,0
1,264,0
1,264,0
1,265,0
1,265,0
1,266,0
1,266,0
1,267,0
1,267,0
1,268,0
1,268,0
1,269,0
1,269,0
1,270,0
1,270,0
1,271,0
1,271,0
1,272,0
1,272,0
1,273,0
1,273,0
1,274,0
1,274,0
1,275,0
1,275,0
1,276,0
1,276,0
1,277,0
1,277,0
1,278,0
1,278,0
1,279,0
1,279,0
1,280,0
1,280,0
1,281,0
1,281,0
1,282,0
1,282,0
1,283,0
1,283,0
1,284,0
1,284,0
1,285,0
1,285,0
1,286,0
1,286,0
1,287,0
1,287,0
1,288,0
1,288,0
1,289,0
1,289,0
1,290,0
1,290,0
1,291,0
1,291,0
1,292,0
1,292,0
1,293,0
1,293,0
1,294,0
1,294,0
1,295,0
1,295,0
1,296,0
1,296,0
1,297,0
1,297,0
1,298,0
1,298,0
1,299,0
1,299,0
1,300,0
1,300,0
1,301,0
1,301,0
1,302,0
1,302,0
1,303,0
1,303,0
1,304,0
1,304,0
1,305,0
1,305,0
1,306,0
1,306,0
1,307,0
1,307,0
1,308,0
1,308,0
1,309,0
1,309,0
1,310,0
1,310,0
1,311,0
1,311,0
1,312,0
1,312,0
1,313,0
1,313,0
1,314,0
1,314,0
1,315,0
1,315,0
1,316,0
1,316,0
1,317,0
1,317,0
1,318,0
1,318,0
1,319,0
1,319,0
1,320,0
1,320,0
1,321,0
1,321,0
1,322,0
1,322,0
1,323,0
1,323,0
1,324,0
1,324,0
1,325,0
1,325,0
1,326,0
1,326,0
1,327,0
1,327,0
1,328,0
1,328,0
1,329,0
1,329,0
1,330,0
1,330,0
1,331,0
1,331,0
1,332,0
1,332,0
1,333,0
1,333,0
1,334,0
1,334,0
1,335,0
1,335,0
1,336,0
1,336,0
1,337,0
1,337,0
1,338,0
1,338,0
1,339,0
1,339,0
1,340,0
1,340,0
1,341,0
1,341,0
1,342,0
1,342,0
1,343,0
1,343,0
1,344,0
1,344,0
1,345,0
1,345,0
1,346,0
1,346,0
1,347,0
1,347,0
1,348,0
1,348,0
1,349,0
1,349,0
1,350,0
1,350,0
1,351,0
1,351,0
1,352,0
1,352,0
1,353,0
1,353,0
1,354,0
1,354,0
1,355,0
1,355,0
1,356,0
1,356,0
1,357,0
1,357,0
1,358,0
1,358,0
1,359,0
1,359,0
1,360,0
1,360,0
1,361,0
1,361,0
1,362,0
1,362,0
1,363,0
1,363,0
1,364,0
1,364,0
1,365,0
1,365,0
1,366,0
1,366,0
1,367,0
1,367,0
1,368,0
1,368,0
1,369,0
1,369,0
1,370,0
1,370,0
1,371,0
1,371,0
1,372,0
1,372,0
1,373,0
1,373,0
1,374,0
1,374,0
1,375,0
1,375,0
1,376,0
1,376,0
1,377,0
1,377,0
1,378,0
1,378,0
1,379,0
1,379,0
1,380,0
1,380,0
1,381,0
1,381,0
1,382,0
1,382,0
1,383,0
1,383,0
1,384,0
1,384,0
1,385,0
1,385,0
1,386,0
1,386,0
1,387,0
1,387,0
1,388,0
1,388,0
1,389,0
1,389,0
1,390,0
1,390,0
1,391,0
1,391,0
1,392,0
1,392,0
1,393,0
1,393,0
1,394,0
1,394,0
1,395,0
1,395,0
1,396,0
1,396,0
1,397,0
1,397,0
1,398,0
1,398,0
1,399,0
1,399,0
1,400,0
1,400,0
