1,2,0
1,2,0
1,3,0
2,3,0
1,4,0
3,4,0
1,5,0
4,5,0
1,6,0
5,6,0
1,7,0
6,7,0
1,8,0
7,8,0
1,9,0
8,9,0
1,10,0
9,10,0
1,11,0
10,11,0
1,12,0
11,12,0
1,13,0
12,13,0
1,14,0
13,14,0
1,15,0
14,15,0
1,16,0
15,16,0
1,17,0
16,17,0
1,18,0
17,18,0
1,19,0
18,19,0
1,20,0
19,20,0
1,21,0
20,21,0
1,22,0
21,22,0
1,23,0
22,23,0
1,24,0
23,24,0
1,25,0
24,25,0
1,26,0
25,26,0
1,27,0
26,27,0
1,28,0
27,28,0
1,29,0
28,29,0
1,30,0
29,30,0
1,31,0
30,31,0
1,32,0
31,32,0
1,33,0
32,33,0
1,34,0
32,34,0
1,35,0
29,35,0
1,36,0
27,36,0
1,37,0
27,37,0
1,38,0
26,38,0
1,39,0
26,39,0
1,40,0
26,40,0
1,41,0
26,41,0
1,42,0
25,42,0
1,43,0
25,43,0
1,44,0
25,44,0
1,45,0
25,45,0
1,46,0
24,46,0
1,47,0
24,47,0
1,48,0
24,48,0
1,49,0
23,49,0
1,50,0
23,50,0
1,51,0
23,51,0
1,52,0
23,52,0
1,53,0
23,53,0
1,54,0
23,54,0
1,55,0
23,55,0
1,56,0
23,56,0
1,57,0
23,57,0
1,58,0
22,58,0
1,59,0
22,59,0
1,60,0
22,60,0
1,61,0
20,61,0
1,62,0
20,62,0
1,63,0
19,63,0
1,64,0
19,64,0
1,65,0
19,65,0
1,66,0
19,66,0
1,67,0
18,67,0
1,68,0
18,68,0
1,69,0
18,69,0
1,70,0
18,70,0
1,71,0
18,71,0
1,72,0
18,72,0
1,73,0
18,73,0
1,74,0
18,74,0
1,75,0
18,75,0
1,76,0
18,76,0
1,77,0
17,77,0
1,78,0
17,78,0
1,79,0
16,79,0
1,80,0
15,80,0
1,81,0
15,81,0
1,82,0
15,82,0
1,83,0
15,83,0
1,84,0
15,84,0
1,85,0
15,85,0
1,86,0
15,86,0
1,87,0
15,87,0
1,88,0
15,88,0
1,89,0
15,89,0
1,90,0
15,90,0
1,91,0
15,91,0
1,92,0
15,92,0
1,93,0
15,93,0
1,94,0
15,94,0
1,95,0
15,95,0
1,96,0
15,96,0
1,97,0
15,97,0
1,98,0
15,98,0
1,99,0
15,99,0
1,100,0
15,100,0
1,101,0
15,101,0
1,102,0
13,102,0
1,103,0
13,103,0
1,104,0
13,104,0
1,105,0
13,105,0
1,106,0
12,106,0
1,107,0
12,107,0
1,108,0
12,108,0
1,109,0
10,109,0
1,110,0
9,110,0
1,111,0
9,111,0
1,112,0
9,112,0
1,113,0
9,113,0
1,114,0
9,114,0
1,115,0
9,115,0
1,116,0
9,116,0
1,117,0
9,117,0
1,118,0
9,118,0
1,119,0
9,119,0
1,120,0
9,120,0
1,121,0
9,121,0
1,122,0
9,122,0
1,123,0
9,123,0
1,124,0
9,124,0
1,125,0
9,125,0
1,126,0
9,126,0
1,127,0
9,127,0
1,128,0
9,128,0
1,129,0
9,129,0
1,130,0
9,130,0
1,131,0
8,131,0
1,132,0
8,132,0
1,133,0
8,133,0
1,134,0
8,134,0
1,135,0
8,135,0
1,136,0
7,136,0
1,137,0
7,137,0
1,138,0
7,138,0
1,139,0
7,139,0
1,140,0
7,140,0
1,141,0
7,141,0
1,142,0
7,142,0
1,143,0
7,143,0
1,144,0
7,144,0
1,145,0
7,145,0
1,146,0
7,146,0
1,147,0
7,147,0
1,148,0
7,148,0
1,149,0
7,149,0
1,150,0
7,150,0
1,151,0
7,151,0
1,152,0
7,152,0
1,153,0
6,153,0
1,154,0
6,154,0
1,155,0
6,155,0
1,156,0
6,156,0
1,157,0
6,157,0
1,158,0
6,158,0
1,159,0
6,159,0
1,160,0
6,160,0
1,161,0
6,161,0
1,162,0
6,162,0
1,163,0
6,163,0
1,164,0
6,164,0
1,165,0
6,165,0
1,166,0
6,166,0
1,167,0
6,167,0
1,168,0
6,168,0
1,169,0
6,169,0
1,170,0
6,170,0
1,171,0
6,171,0
1,172,0
4,172,0
1,173,0
4,173,0
1,174,0
4,174,0
1,175,0
4,175,0
1,176,0
4,176,0
1,177,0
4,177,0
1,178,0
4,178,0
1,179,0
4,179,0
1,180,0
3,180,0
1,181,0
3,181,0
1,182,0
3,182,0
1,183,0
3,183,0
1,184,0
3,184,0
1,185,0
3,185,0
1,186,0
3,186,0
1,187,0
3,187,0
1,188,0
3,188,0
1,189,0
3,189,0
1,190,0
3,190,0
1,191,0
3,191,0
1,192,0
1,192,0
1,193,0
1,193,0
1,194,0
1,194,0
1,195,0
1,195,0
1,196,0
1,196,0
1,197,0
1,197,0
1,198,0
1,198,0
1,199,0
1,199,0
1,200,0
1,200,0
1,201,0
1,201,0
1,202,0
1,202,0
1,203,0
1,203,0
1,204,0
1,204,0
1,205,0
1,205,0
1,206,0
1,206,0
1,207,0
1,207,0
1,208,0
1,208,0
1,209,0
1,209,0
1,210,0
1,210,0
1,211,0
1,211,0
1,212,0
1,212,0
1,213,0
1,213,0
1,214,0
1,214,0
1,215,0
1,215,0
1,216,0
1,216,0
1,217,0
1,217,0
1,218,0
1,218,0
1,219,0
1,219,0
1,220,0
1,220,0
1,221,0
1,221,0
1,222,0
1,222,0
1,223,0
1,223,0
1,224,0
1,224,0
1,225,0
1,225,0
1,226,0
1,226,0
1,227,0
1,227,0
1,228,0
1,228,0
1,229,0
1,229,0
1,230,0
1,230,0
1,231,0
1,231,0
1,232,0
1,232,0
1,233,0
1,233,0
1,234,0
1,234,0
1,235,0
1,235,0
1,236,0
1,236,0
1,237,0
1,237,0
1,238,0
1,238,0
1,239,0
1,239,0
1,240,0
1,240,0
1,241,0
1,241,0
1,242,0
1,242,0
