1,2,0
1,2,0
1,3,0
2,3,0
1,4,0
3,4,0
1,5,0
4,5,0
1,6,0
5,6,0
1,7,0
6,7,0
1,8,0
7,8,0
1,9,0
8,9,0
1,10,0
9,10,0
1,11,0
10,11,0
1,12,0
11,12,0
1,13,0
12,13,0
1,14,0
13,14,0
1,15,0
14,15,0
1,16,0
15,16,0
1,17,0
16,17,0
1,18,0
17,18,0
1,19,0
18,19,0
1,20,0
19,20,0
1,21,0
20,21,0
1,22,0
21,22,0
1,23,0
22,23,0
1,24,0
23,24,0
1,25,0
24,25,0
1,26,0
25,26,0
1,27,0
26,27,0
1,28,0
27,28,0
1,29,0
28,29,0
1,30,0
29,30,0
1,31,0
30,31,0
1,32,0
31,32,0
1,33,0
32,33,0
1,34,0
33,34,0
1,35,0
34,35,0
1,36,0
35,36,0
1,37,0
36,37,0
1,38,0
37,38,0
1,39,0
38,39,0
1,40,0
39,40,0
1,41,0
40,41,0
1,42,0
41,42,0
1,43,0
42,43,0
1,44,0
43,44,0
1,45,0
44,45,0
1,46,0
45,46,0
1,47,0
46,47,0
1,48,0
47,48,0
1,49,0
48,49,0
1,50,0
49,50,0
1,51,0
50,51,0
1,52,0
51,52,0
1,53,0
52,53,0
1,54,0
53,54,0
1,55,0
54,55,0
1,56,0
55,56,0
1,57,0
56,57,0
1,58,0
57,58,0
1,59,0
58,59,0
1,60,0
59,60,0
1,61,0
60,61,0
1,62,0
61,62,0
1,63,0
62,63,0
1,64,0
63,64,0
1,65,0
64,65,0
1,66,0
65,66,0
1,67,0
66,67,0
1,68,0
67,68,0
1,69,0
68,69,0
1,70,0
69,70,0
1,71,0
70,71,0
1,72,0
71,72,0
1,73,0
72,73,0
1,74,0
73,74,0
1,75,0
74,75,0
1,76,0
75,76,0
1,77,0
76,77,0
1,78,0
77,78,0
1,79,0
78,79,0
1,80,0
79,80,0
1,81,0
80,81,0
1,82,0
81,82,0
1,83,0
82,83,0
1,84,0
83,84,0
1,85,0
84,85,0
1,86,0
85,86,0
1,87,0
86,87,0
1,88,0
87,88,0
1,89,0
88,89,0
1,90,0
89,90,0
1,91,0
90,91,0
1,92,0
91,92,0
1,93,0
92,93,0
1,94,0
93,94,0
1,95,0
94,95,0
1,96,0
95,96,0
1,97,0
96,97,0
1,98,0
97,98,0
1,99,0
98,99,0
1,100,0
99,100,0
1,101,0
100,101,0
1,102,0
101,102,0
1,103,0
102,103,0
1,104,0
103,104,0
1,105,0
104,105,0
1,106,0
105,106,0
1,107,0
106,107,0
1,108,0
107,108,0
1,109,0
108,109,0
1,110,0
109,110,0
1,111,0
110,111,0
1,112,0
111,112,0
1,113,0
112,113,0
1,114,0
113,114,0
1,115,0
114,115,0
1,116,0
115,116,0
1,117,0
116,117,0
1,118,0
117,118,0
1,119,0
118,119,0
1,120,0
119,120,0
1,121,0
120,121,0
1,122,0
119,122,0
1,123,0
116,123,0
1,124,0
115,124,0
1,125,0
115,125,0
1,126,0
114,126,0
1,127,0
114,127,0
1,128,0
110,128,0
1,129,0
110,129,0
1,130,0
108,130,0
1,131,0
106,131,0
1,132,0
106,132,0
1,133,0
106,133,0
1,134,0
106,134,0
1,135,0
104,135,0
1,136,0
102,136,0
1,137,0
101,137,0
1,138,0
101,138,0
1,139,0
100,139,0
1,140,0
100,140,0
1,141,0
100,141,0
1,142,0
99,142,0
1,143,0
98,143,0
1,144,0
98,144,0
1,145,0
98,145,0
1,146,0
97,146,0
1,147,0
97,147,0
1,148,0
94,148,0
1,149,0
94,149,0
1,150,0
94,150,0
1,151,0
94,151,0
1,152,0
94,152,0
1,153,0
94,153,0
1,154,0
91,154,0
1,155,0
91,155,0
1,156,0
91,156,0
1,157,0
91,157,0
1,158,0
91,158,0
1,159,0
91,159,0
1,160,0
91,160,0
1,161,0
91,161,0
1,162,0
90,162,0
1,163,0
90,163,0
1,164,0
90,164,0
1,165,0
86,165,0
1,166,0
85,166,0
1,167,0
85,167,0
1,168,0
85,168,0
1,169,0
85,169,0
1,170,0
84,170,0
1,171,0
83,171,0
1,172,0
83,172,0
1,173,0
83,173,0
1,174,0
82,174,0
1,175,0
82,175,0
1,176,0
82,176,0
1,177,0
78,177,0
1,178,0
78,178,0
1,179,0
78,179,0
1,180,0
77,180,0
1,181,0
77,181,0
1,182,0
77,182,0
1,183,0
77,183,0
1,184,0
76,184,0
1,185,0
75,185,0
1,186,0
73,186,0
1,187,0
73,187,0
1,188,0
73,188,0
1,189,0
70,189,0
1,190,0
70,190,0
1,191,0
70,191,0
1,192,0
69,192,0
1,193,0
69,193,0
1,194,0
69,194,0
1,195,0
69,195,0
1,196,0
68,196,0
1,197,0
68,197,0
1,198,0
68,198,0
1,199,0
68,199,0
1,200,0
68,200,0
1,201,0
68,201,0
1,202,0
67,202,0
1,203,0
67,203,0
1,204,0
67,204,0
1,205,0
66,205,0
1,206,0
63,206,0
1,207,0
63,207,0
1,208,0
62,208,0
1,209,0
62,209,0
1,210,0
62,210,0
1,211,0
62,211,0
1,212,0
61,212,0
1,213,0
61,213,0
1,214,0
61,214,0
1,215,0
59,215,0
1,216,0
58,216,0
1,217,0
58,217,0
1,218,0
56,218,0
1,219,0
56,219,0
1,220,0
54,220,0
1,221,0
51,221,0
1,222,0
51,222,0
1,223,0
51,223,0
1,224,0
49,224,0
1,225,0
49,225,0
1,226,0
49,226,0
1,227,0
49,227,0
1,228,0
49,228,0
1,229,0
49,229,0
1,230,0
49,230,0
1,231,0
49,231,0
1,232,0
49,232,0
1,233,0
49,233,0
1,234,0
49,234,0
1,235,0
49,235,0
1,236,0
49,236,0
1,237,0
49,237,0
1,238,0
49,238,0
1,239,0
49,239,0
1,240,0
49,240,0
1,241,0
49,241,0
1,242,0
49,242,0
1,243,0
49,243,0
1,244,0
49,244,0
1,245,0
49,245,0
1,246,0
49,246,0
1,247,0
48,247,0
1,248,0
48,248,0
1,249,0
48,249,0
1,250,0
46,250,0
1,251,0
46,251,0
1,252,0
46,252,0
1,253,0
46,253,0
1,254,0
46,254,0
1,255,0
46,255,0
1,256,0
46,256,0
1,257,0
46,257,0
1,258,0
46,258,0
1,259,0
46,259,0
1,260,0
46,260,0
1,261,0
46,261,0
1,262,0
46,262,0
1,263,0
45,263,0
1,264,0
45,264,0
1,265,0
45,265,0
1,266,0
45,266,0
1,267,0
44,267,0
1,268,0
44,268,0
1,269,0
44,269,0
1,270,0
44,270,0
1,271,0
44,271,0
1,272,0
43,272,0
1,273,0
43,273,0
1,274,0
43,274,0
1,275,0
42,275,0
1,276,0
42,276,0
1,277,0
42,277,0
1,278,0
42,278,0
1,279,0
42,279,0
1,280,0
41,280,0
1,281,0
40,281,0
1,282,0
40,282,0
1,283,0
40,283,0
1,284,0
40,284,0
1,285,0
37,285,0
1,286,0
37,286,0
1,287,0
37,287,0
1,288,0
36,288,0
1,289,0
36,289,0
1,290,0
36,290,0
1,291,0
36,291,0
1,292,0
36,292,0
1,293,0
36,293,0
1,294,0
36,294,0
1,295,0
36,295,0
1,296,0
36,296,0
1,297,0
36,297,0
1,298,0
36,298,0
1,299,0
36,299,0
1,300,0
35,300,0
1,301,0
35,301,0
1,302,0
35,302,0
1,303,0
35,303,0
1,304,0
35,304,0
1,305,0
35,305,0
1,306,0
35,306,0
1,307,0
35,307,0
1,308,0
35,308,0
1,309,0
35,309,0
1,310,0
35,310,0
1,311,0
35,311,0
1,312,0
35,312,0
1,313,0
35,313,0
1,314,0
35,314,0
1,315,0
35,315,0
1,316,0
34,316,0
1,317,0
34,317,0
1,318,0
34,318,0
1,319,0
33,319,0
1,320,0
32,320,0
1,321,0
32,321,0
1,322,0
32,322,0
1,323,0
32,323,0
1,324,0
32,324,0
1,325,0
32,325,0
1,326,0
32,326,0
1,327,0
31,327,0
1,328,0
31,328,0
1,329,0
30,329,0
1,330,0
30,330,0
1,331,0
30,331,0
1,332,0
30,332,0
1,333,0
30,333,0
1,334,0
30,334,0
1,335,0
30,335,0
1,336,0
30,336,0
1,337,0
30,337,0
1,338,0
30,338,0
1,339,0
30,339,0
1,340,0
29,340,0
1,341,0
29,341,0
1,342,0
29,342,0
1,343,0
28,343,0
1,344,0
28,344,0
1,345,0
28,345,0
1,346,0
28,346,0
1,347,0
28,347,0
1,348,0
28,348,0
1,349,0
28,349,0
1,350,0
28,350,0
1,351,0
28,351,0
1,352,0
28,352,0
1,353,0
28,353,0
1,354,0
27,354,0
1,355,0
27,355,0
1,356,0
27,356,0
1,357,0
27,357,0
1,358,0
27,358,0
1,359,0
27,359,0
1,360,0
27,360,0
1,361,0
27,361,0
1,362,0
27,362,0
1,363,0
27,363,0
1,364,0
27,364,0
1,365,0
27,365,0
1,366,0
27,366,0
1,367,0
27,367,0
1,368,0
27,368,0
1,369,0
27,369,0
1,370,0
27,370,0
1,371,0
27,371,0
1,372,0
27,372,0
1,373,0
27,373,0
1,374,0
27,374,0
1,375,0
27,375,0
1,376,0
26,376,0
1,377,0
26,377,0
1,378,0
26,378,0
1,379,0
26,379,0
1,380,0
25,380,0
1,381,0
25,381,0
1,382,0
25,382,0
1,383,0
25,383,0
1,384,0
25,384,0
1,385,0
25,385,0
1,386,0
25,386,0
1,387,0
25,387,0
1,388,0
25,388,0
1,389,0
25,389,0
1,390,0
24,390,0
1,391,0
24,391,0
1,392,0
24,392,0
1,393,0
24,393,0
1,394,0
24,394,0
1,395,0
23,395,0
1,396,0
23,396,0
1,397,0
23,397,0
1,398,0
23,398,0
1,399,0
23,399,0
1,400,0
23,400,0
1,401,0
23,401,0
1,402,0
22,402,0
1,403,0
21,403,0
1,404,0
21,404,0
1,405,0
21,405,0
1,406,0
21,406,0
1,407,0
21,407,0
1,408,0
21,408,0
1,409,0
21,409,0
1,410,0
21,410,0
1,411,0
21,411,0
1,412,0
21,412,0
1,413,0
21,413,0
1,414,0
20,414,0
1,415,0
20,415,0
1,416,0
20,416,0
1,417,0
20,417,0
1,418,0
20,418,0
1,419,0
20,419,0
1,420,0
20,420,0
1,421,0
20,421,0
1,422,0
20,422,0
1,423,0
20,423,0
1,424,0
20,424,0
1,425,0
20,425,0
1,426,0
20,426,0
1,427,0
20,427,0
1,428,0
20,428,0
1,429,0
19,429,0
1,430,0
19,430,0
1,431,0
17,431,0
1,432,0
17,432,0
1,433,0
17,433,0
1,434,0
17,434,0
1,435,0
17,435,0
1,436,0
17,436,0
1,437,0
17,437,0
1,438,0
17,438,0
1,439,0
17,439,0
1,440,0
17,440,0
1,441,0
17,441,0
1,442,0
17,442,0
1,443,0
17,443,0
1,444,0
17,444,0
1,445,0
17,445,0
1,446,0
17,446,0
1,447,0
17,447,0
1,448,0
17,448,0
1,449,0
17,449,0
1,450,0
16,450,0
1,451,0
16,451,0
1,452,0
16,452,0
1,453,0
16,453,0
1,454,0
16,454,0
1,455,0
16,455,0
1,456,0
16,456,0
1,457,0
16,457,0
1,458,0
16,458,0
1,459,0
16,459,0
1,460,0
16,460,0
1,461,0
16,461,0
1,462,0
16,462,0
1,463,0
16,463,0
1,464,0
16,464,0
1,465,0
14,465,0
1,466,0
14,466,0
1,467,0
14,467,0
1,468,0
14,468,0
1,469,0
14,469,0
1,470,0
14,470,0
1,471,0
14,471,0
1,472,0
14,472,0
1,473,0
14,473,0
1,474,0
14,474,0
1,475,0
14,475,0
1,476,0
14,476,0
1,477,0
14,477,0
1,478,0
14,478,0
1,479,0
14,479,0
1,480,0
14,480,0
1,481,0
14,481,0
1,482,0
14,482,0
1,483,0
14,483,0
1,484,0
14,484,0
1,485,0
14,485,0
1,486,0
14,486,0
1,487,0
14,487,0
1,488,0
14,488,0
1,489,0
14,489,0
1,490,0
14,490,0
1,491,0
14,491,0
1,492,0
14,492,0
1,493,0
14,493,0
1,494,0
14,494,0
1,495,0
14,495,0
1,496,0
14,496,0
1,497,0
14,497,0
1,498,0
14,498,0
1,499,0
14,499,0
1,500,0
14,500,0
1,501,0
14,501,0
1,502,0
14,502,0
1,503,0
14,503,0
1,504,0
14,504,0
1,505,0
14,505,0
1,506,0
14,506,0
1,507,0
14,507,0
1,508,0
14,508,0
1,509,0
14,509,0
1,510,0
14,510,0
1,511,0
14,511,0
1,512,0
14,512,0
1,513,0
14,513,0
1,514,0
14,514,0
1,515,0
14,515,0
1,516,0
13,516,0
1,517,0
13,517,0
1,518,0
13,518,0
1,519,0
13,519,0
1,520,0
13,520,0
1,521,0
12,521,0
1,522,0
12,522,0
1,523,0
12,523,0
1,524,0
11,524,0
1,525,0
11,525,0
1,526,0
11,526,0
1,527,0
10,527,0
1,528,0
10,528,0
1,529,0
10,529,0
1,530,0
10,530,0
1,531,0
10,531,0
1,532,0
10,532,0
1,533,0
10,533,0
1,534,0
10,534,0
1,535,0
10,535,0
1,536,0
10,536,0
1,537,0
10,537,0
1,538,0
10,538,0
1,539,0
10,539,0
1,540,0
10,540,0
1,541,0
10,541,0
1,542,0
10,542,0
1,543,0
10,543,0
1,544,0
10,544,0
1,545,0
10,545,0
1,546,0
10,546,0
1,547,0
10,547,0
1,548,0
10,548,0
1,549,0
10,549,0
1,550,0
10,550,0
1,551,0
10,551,0
1,552,0
10,552,0
1,553,0
10,553,0
1,554,0
9,554,0
1,555,0
8,555,0
1,556,0
8,556,0
1,557,0
8,557,0
1,558,0
8,558,0
1,559,0
8,559,0
1,560,0
8,560,0
1,561,0
8,561,0
1,562,0
8,562,0
1,563,0
8,563,0
1,564,0
8,564,0
1,565,0
8,565,0
1,566,0
8,566,0
1,567,0
8,567,0
1,568,0
8,568,0
1,569,0
8,569,0
1,570,0
8,570,0
1,571,0
8,571,0
1,572,0
8,572,0
1,573,0
8,573,0
1,574,0
8,574,0
1,575,0
8,575,0
1,576,0
8,576,0
1,577,0
8,577,0
1,578,0
8,578,0
1,579,0
8,579,0
1,580,0
8,580,0
1,581,0
7,581,0
1,582,0
7,582,0
1,583,0
7,583,0
1,584,0
7,584,0
1,585,0
7,585,0
1,586,0
7,586,0
1,587,0
7,587,0
1,588,0
7,588,0
1,589,0
6,589,0
1,590,0
6,590,0
1,591,0
6,591,0
1,592,0
6,592,0
1,593,0
6,593,0
1,594,0
6,594,0
1,595,0
6,595,0
1,596,0
6,596,0
1,597,0
6,597,0
1,598,0
6,598,0
1,599,0
6,599,0
1,600,0
6,600,0
1,601,0
6,601,0
1,602,0
6,602,0
1,603,0
6,603,0
1,604,0
6,604,0
1,605,0
6,605,0
1,606,0
6,606,0
1,607,0
6,607,0
1,608,0
6,608,0
1,609,0
5,609,0
1,610,0
5,610,0
1,611,0
5,611,0
1,612,0
4,612,0
1,613,0
4,613,0
1,614,0
4,614,0
1,615,0
4,615,0
1,616,0
4,616,0
1,617,0
4,617,0
1,618,0
4,618,0
1,619,0
4,619,0
1,620,0
4,620,0
1,621,0
4,621,0
1,622,0
4,622,0
1,623,0
4,623,0
1,624,0
4,624,0
1,625,0
4,625,0
1,626,0
4,626,0
1,627,0
4,627,0
1,628,0
4,628,0
1,629,0
4,629,0
1,630,0
4,630,0
1,631,0
4,631,0
1,632,0
4,632,0
1,633,0
4,633,0
1,634,0
4,634,0
1,635,0
4,635,0
1,636,0
4,636,0
1,637,0
4,637,0
1,638,0
4,638,0
1,639,0
4,639,0
1,640,0
4,640,0
1,641,0
4,641,0
1,642,0
4,642,0
1,643,0
4,643,0
1,644,0
4,644,0
1,645,0
4,645,0
1,646,0
4,646,0
1,647,0
4,647,0
1,648,0
4,648,0
1,649,0
4,649,0
1,650,0
4,650,0
1,651,0
4,651,0
1,652,0
4,652,0
1,653,0
4,653,0
1,654,0
4,654,0
1,655,0
4,655,0
1,656,0
4,656,0
1,657,0
4,657,0
1,658,0
4,658,0
1,659,0
4,659,0
1,660,0
4,660,0
1,661,0
4,661,0
1,662,0
3,662,0
1,663,0
3,663,0
1,664,0
3,664,0
1,665,0
3,665,0
1,666,0
3,666,0
1,667,0
3,667,0
1,668,0
3,668,0
1,669,0
3,669,0
1,670,0
3,670,0
1,671,0
3,671,0
1,672,0
3,672,0
1,673,0
3,673,0
1,674,0
3,674,0
1,675,0
3,675,0
1,676,0
3,676,0
1,677,0
3,677,0
1,678,0
3,678,0
1,679,0
3,679,0
1,680,0
3,680,0
1,681,0
3,681,0
1,682,0
3,682,0
1,683,0
3,683,0
1,684,0
3,684,0
1,685,0
3,685,0
1,686,0
3,686,0
1,687,0
3,687,0
1,688,0
3,688,0
1,689,0
3,689,0
1,690,0
3,690,0
1,691,0
3,691,0
1,692,0
3,692,0
1,693,0
3,693,0
1,694,0
3,694,0
1,695,0
3,695,0
1,696,0
3,696,0
1,697,0
2,697,0
1,698,0
2,698,0
1,699,0
2,699,0
1,700,0
2,700,0
1,701,0
2,701,0
1,702,0
2,702,0
1,703,0
2,703,0
1,704,0
2,704,0
1,705,0
2,705,0
1,706,0
2,706,0
1,707,0
2,707,0
1,708,0
2,708,0
1,709,0
2,709,0
1,710,0
2,710,0
1,711,0
2,711,0
1,712,0
2,712,0
1,713,0
2,713,0
1,714,0
2,714,0
1,715,0
2,715,0
1,716,0
2,716,0
1,717,0
2,717,0
1,718,0
2,718,0
1,719,0
2,719,0
1,720,0
2,720,0
1,721,0
1,721,0
1,722,0
1,722,0
1,723,0
1,723,0
1,724,0
1,724,0
1,725,0
1,725,0
1,726,0
1,726,0
1,727,0
1,727,0
1,728,0
1,728,0
1,729,0
1,729,0
1,730,0
1,730,0
1,731,0
1,731,0
1,732,0
1,732,0
1,733,0
1,733,0
1,734,0
1,734,0
1,735,0
1,735,0
1,736,0
1,736,0
1,737,0
1,737,0
1,738,0
1,738,0
1,739,0
1,739,0
1,740,0
1,740,0
1,741,0
1,741,0
1,742,0
1,742,0
1,743,0
1,743,0
1,744,0
1,744,0
1,745,0
1,745,0
1,746,0
1,746,0
1,747,0
1,747,0
1,748,0
1,748,0
1,749,0
1,749,0
1,750,0
1,750,0
1,751,0
1,751,0
1,752,0
1,752,0
1,753,0
1,753,0
1,754,0
1,754,0
1,755,0
1,755,0
1,756,0
1,756,0
1,757,0
1,757,0
1,758,0
1,758,0
1,759,0
1,759,0
1,760,0
1,760,0
1,761,0
1,761,0
1,762,0
1,762,0
1,763,0
1,763,0
1,764,0
1,764,0
1,765,0
1,765,0
1,766,0
1,766,0
1,767,0
1,767,0
1,768,0
1,768,0
1,769,0
1,769,0
1,770,0
1,770,0
1,771,0
1,771,0
1,772,0
1,772,0
1,773,0
1,773,0
1,774,0
1,774,0
1,775,0
1,775,0
1,776,0
1,776,0
1,777,0
1,777,0
1,778,0
1,778,0
1,779,0
1,779,0
1,780,0
1,780,0
1,781,0
1,781,0
1,782,0
1,782,0
1,783,0
1,783,0
1,784,0
1,784,0
1,785,0
1,785,0
1,786,0
1,786,0
1,787,0
1,787,0
1,788,0
1,788,0
1,789,0
1,789,0
1,790,0
1,790,0
1,791,0
1,791,0
1,792,0
1,792,0
1,793,0
1,793,0
1,794,0
1,794,0
1,795,0
1,795,0
1,796,0
1,796,0
1,797,0
1,797,0
1,798,0
1,798,0
1,799,0
1,799,0
1,800,0
1,800,0
1,801,0
1,801,0
1,802,0
1,802,0
1,803,0
1,803,0
1,804,0
1,804,0
1,805,0
1,805,0
1,806,0
1,806,0
1,807,0
1,807,0
1,808,0
1,808,0
1,809,0
1,809,0
1,810,0
1,810,0
1,811,0
1,811,0
1,812,0
1,812,0
1,813,0
1,813,0
1,814,0
1,814,0
1,815,0
1,815,0
1,816,0
1,816,0
1,817,0
1,817,0
1,818,0
1,818,0
1,819,0
1,819,0
1,820,0
1,820,0
1,821,0
1,821,0
1,822,0
1,822,0
1,823,0
1,823,0
1,824,0
1,824,0
1,825,0
1,825,0
1,826,0
1,826,0
1,827,0
1,827,0
1,828,0
1,828,0
1,829,0
1,829,0
1,830,0
1,830,0
1,831,0
1,831,0
1,832,0
1,832,0
1,833,0
1,833,0
1,834,0
1,834,0
1,835,0
1,835,0
1,836,0
1,836,0
1,837,0
1,837,0
1,838,0
1,838,0
1,839,0
1,839,0
1,840,0
1,840,0
1,841,0
1,841,0
1,842,0
1,842,0
1,843,0
1,843,0
1,844,0
1,844,0
1,845,0
1,845,0
