1,1,0
948,1,0
1,2,0
948,2,0
1,3,0
894,3,0
1,4,0
894,4,0
1,5,0
771,5,0
1,6,0
771,6,0
1,7,0
669,7,0
1,8,0
669,8,0
1,9,0
617,9,0
1,10,0
617,10,0
1,11,0
565,11,0
1,12,0
565,12,0
1,13,0
552,13,0
1,14,0
552,14,0
1,15,0
531,15,0
1,16,0
531,16,0
1,17,0
514,17,0
1,18,0
514,18,0
1,19,0
490,19,0
1,20,0
490,20,0
1,21,0
484,21,0
1,22,0
484,22,0
1,23,0
444,23,0
1,24,0
444,24,0
1,25,0
420,25,0
1,26,0
420,26,0
1,27,0
406,27,0
1,28,0
406,28,0
1,29,0
398,29,0
1,30,0
398,30,0
1,31,0
379,31,0
1,32,0
379,32,0
1,33,0
362,33,0
1,34,0
362,34,0
1,35,0
353,35,0
1,36,0
353,36,0
1,37,0
350,37,0
1,38,0
350,38,0
1,39,0
345,39,0
1,40,0
345,40,0
1,41,0
338,41,0
1,42,0
338,42,0
1,43,0
331,43,0
1,44,0
331,44,0
1,45,0
330,45,0
1,46,0
330,46,0
1,47,0
322,47,0
1,48,0
322,48,0
1,49,0
317,49,0
1,50,0
317,50,0
1,51,0
316,51,0
1,52,0
316,52,0
1,53,0
310,53,0
1,54,0
310,54,0
1,55,0
307,55,0
1,56,0
307,56,0
1,57,0
304,57,0
1,58,0
304,58,0
1,59,0
301,59,0
1,60,0
301,60,0
1,61,0
298,61,0
1,62,0
298,62,0
1,63,0
282,63,0
1,64,0
282,64,0
1,65,0
277,65,0
1,66,0
277,66,0
1,67,0
276,67,0
1,68,0
276,68,0
1,69,0
269,69,0
1,70,0
269,70,0
1,71,0
268,71,0
1,72,0
268,72,0
1,73,0
266,73,0
1,74,0
266,74,0
1,75,0
263,75,0
1,76,0
263,76,0
1,77,0
257,77,0
1,78,0
257,78,0
1,79,0
256,79,0
1,80,0
256,80,0
1,81,0
252,81,0
1,82,0
252,82,0
1,83,0
251,83,0
1,84,0
251,84,0
1,85,0
247,85,0
1,86,0
247,86,0
1,87,0
238,87,0
1,88,0
238,88,0
1,89,0
235,89,0
1,90,0
235,90,0
1,91,0
233,91,0
1,92,0
233,92,0
1,93,0
230,93,0
1,94,0
230,94,0
1,95,0
227,95,0
1,96,0
227,96,0
1,97,0
225,97,0
1,98,0
225,98,0
1,99,0
223,99,0
1,100,0
223,100,0
1,101,0
222,101,0
1,102,0
222,102,0
1,103,0
219,103,0
1,104,0
219,104,0
1,105,0
217,105,0
1,106,0
217,106,0
1,107,0
208,107,0
1,108,0
208,108,0
1,109,0
203,109,0
1,110,0
203,110,0
1,111,0
200,111,0
1,112,0
200,112,0
1,113,0
198,113,0
1,114,0
198,114,0
1,115,0
189,115,0
1,116,0
189,116,0
1,117,0
186,117,0
1,118,0
186,118,0
1,119,0
182,119,0
1,120,0
182,120,0
1,121,0
177,121,0
1,122,0
177,122,0
1,123,0
175,123,0
1,124,0
175,124,0
1,125,0
172,125,0
1,126,0
172,126,0
1,127,0
157,127,0
1,128,0
157,128,0
1,129,0
155,129,0
1,130,0
155,130,0
1,131,0
152,131,0
1,132,0
152,132,0
1,133,0
148,133,0
1,134,0
148,134,0
1,135,0
140,135,0
1,136,0
140,136,0
1,137,0
135,137,0
1,138,0
135,138,0
1,139,0
133,139,0
1,140,0
133,140,0
1,141,0
128,141,0
1,142,0
128,142,0
1,143,0
126,143,0
1,144,0
126,144,0
1,145,0
123,145,0
1,146,0
123,146,0
1,147,0
118,147,0
1,148,0
118,148,0
1,149,0
114,149,0
1,150,0
114,150,0
1,151,0
113,151,0
1,152,0
113,152,0
1,153,0
110,153,0
1,154,0
110,154,0
1,155,0
108,155,0
1,156,0
108,156,0
1,157,0
106,157,0
1,158,0
106,158,0
1,159,0
104,159,0
1,160,0
104,160,0
1,161,0
102,161,0
1,162,0
102,162,0
1,163,0
98,163,0
1,164,0
98,164,0
1,165,0
95,165,0
1,166,0
95,166,0
1,167,0
94,167,0
1,168,0
94,168,0
1,169,0
93,169,0
1,170,0
93,170,0
1,171,0
92,171,0
1,172,0
92,172,0
1,173,0
91,173,0
1,174,0
91,174,0
1,175,0
86,175,0
1,176,0
86,176,0
1,177,0
78,177,0
1,178,0
78,178,0
1,179,0
76,179,0
1,180,0
76,180,0
1,181,0
73,181,0
1,182,0
73,182,0
1,183,0
71,183,0
1,184,0
71,184,0
1,185,0
67,185,0
1,186,0
67,186,0
1,187,0
65,187,0
1,188,0
65,188,0
1,189,0
64,189,0
1,190,0
64,190,0
1,191,0
62,191,0
1,192,0
62,192,0
1,193,0
59,193,0
1,194,0
59,194,0
1,195,0
57,195,0
1,196,0
57,196,0
1,197,0
55,197,0
1,198,0
55,198,0
1,199,0
54,199,0
1,200,0
54,200,0
1,201,0
49,201,0
1,202,0
49,202,0
1,203,0
48,203,0
1,204,0
48,204,0
1,205,0
47,205,0
1,206,0
47,206,0
1,207,0
43,207,0
1,208,0
43,208,0
1,209,0
41,209,0
1,210,0
41,210,0
1,211,0
40,211,0
1,212,0
40,212,0
1,213,0
39,213,0
1,214,0
39,214,0
1,215,0
32,215,0
1,216,0
32,216,0
1,217,0
30,217,0
1,218,0
30,218,0
1,219,0
28,219,0
1,220,0
28,220,0
1,221,0
25,221,0
1,222,0
25,222,0
1,223,0
24,223,0
1,224,0
24,224,0
1,225,0
19,225,0
1,226,0
19,226,0
1,227,0
17,227,0
1,228,0
17,228,0
1,229,0
15,229,0
1,230,0
15,230,0
1,231,0
7,231,0
1,232,0
7,232,0
1,233,0
6,233,0
1,234,0
6,234,0
1,235,0
2,235,0
1,236,0
2,236,0
