1,1,0
2178,1,0
1,2,0
998,2,0
1,3,0
998,3,0
1,4,0
981,4,0
1,5,0
981,5,0
1,6,0
869,6,0
1,7,0
869,7,0
1,8,0
809,8,0
1,9,0
809,9,0
1,10,0
757,10,0
1,11,0
757,11,0
1,12,0
721,12,0
1,13,0
721,13,0
1,14,0
603,14,0
1,15,0
603,15,0
1,16,0
502,16,0
1,17,0
502,17,0
1,18,0
477,18,0
1,19,0
477,19,0
1,20,0
448,20,0
1,21,0
448,21,0
1,22,0
438,22,0
1,23,0
438,23,0
1,24,0
413,24,0
1,25,0
413,25,0
1,26,0
398,26,0
1,27,0
398,27,0
1,28,0
384,28,0
1,29,0
384,29,0
1,30,0
367,30,0
1,31,0
367,31,0
1,32,0
365,32,0
1,33,0
365,33,0
1,34,0
358,34,0
1,35,0
358,35,0
1,36,0
350,36,0
1,37,0
350,37,0
1,38,0
347,38,0
1,39,0
347,39,0
1,40,0
345,40,0
1,41,0
345,41,0
1,42,0
338,42,0
1,43,0
338,43,0
1,44,0
324,44,0
1,45,0
324,45,0
1,46,0
319,46,0
1,47,0
319,47,0
1,48,0
314,48,0
1,49,0
314,49,0
1,50,0
310,50,0
1,51,0
310,51,0
1,52,0
308,52,0
1,53,0
308,53,0
1,54,0
307,54,0
1,55,0
307,55,0
1,56,0
291,56,0
1,57,0
291,57,0
1,58,0
281,58,0
1,59,0
281,59,0
1,60,0
275,60,0
1,61,0
275,61,0
1,62,0
272,62,0
1,63,0
272,63,0
1,64,0
260,64,0
1,65,0
260,65,0
1,66,0
251,66,0
1,67,0
251,67,0
1,68,0
249,68,0
1,69,0
249,69,0
1,70,0
241,70,0
1,71,0
241,71,0
1,72,0
233,72,0
1,73,0
233,73,0
1,74,0
232,74,0
1,75,0
232,75,0
1,76,0
227,76,0
1,77,0
227,77,0
1,78,0
217,78,0
1,79,0
217,79,0
1,80,0
215,80,0
1,81,0
215,81,0
1,82,0
214,82,0
1,83,0
214,83,0
1,84,0
211,84,0
1,85,0
211,85,0
1,86,0
209,86,0
1,87,0
209,87,0
1,88,0
200,88,0
1,89,0
200,89,0
1,90,0
199,90,0
1,91,0
199,91,0
1,92,0
187,92,0
1,93,0
187,93,0
1,94,0
186,94,0
1,95,0
186,95,0
1,96,0
177,96,0
1,97,0
177,97,0
1,98,0
167,98,0
1,99,0
167,99,0
1,100,0
163,100,0
1,101,0
163,101,0
1,102,0
160,102,0
1,103,0
160,103,0
1,104,0
156,104,0
1,105,0
156,105,0
1,106,0
154,106,0
1,107,0
154,107,0
1,108,0
151,108,0
1,109,0
151,109,0
1,110,0
147,110,0
1,111,0
147,111,0
1,112,0
145,112,0
1,113,0
145,113,0
1,114,0
141,114,0
1,115,0
141,115,0
1,116,0
140,116,0
1,117,0
140,117,0
1,118,0
139,118,0
1,119,0
139,119,0
1,120,0
138,120,0
1,121,0
138,121,0
1,122,0
135,122,0
1,123,0
135,123,0
1,124,0
130,124,0
1,125,0
130,125,0
1,126,0
127,126,0
1,127,0
127,127,0
1,128,0
126,128,0
1,129,0
126,129,0
1,130,0
124,130,0
1,131,0
124,131,0
1,132,0
123,132,0
1,133,0
123,133,0
1,134,0
121,134,0
1,135,0
121,135,0
1,136,0
118,136,0
1,137,0
118,137,0
1,138,0
117,138,0
1,139,0
117,139,0
1,140,0
116,140,0
1,141,0
116,141,0
1,142,0
110,142,0
1,143,0
110,143,0
1,144,0
105,144,0
1,145,0
105,145,0
1,146,0
103,146,0
1,147,0
103,147,0
1,148,0
100,148,0
1,149,0
100,149,0
1,150,0
99,150,0
1,151,0
99,151,0
1,152,0
93,152,0
1,153,0
93,153,0
1,154,0
90,154,0
1,155,0
90,155,0
1,156,0
88,156,0
1,157,0
88,157,0
1,158,0
86,158,0
1,159,0
86,159,0
1,160,0
82,160,0
1,161,0
82,161,0
1,162,0
78,162,0
1,163,0
78,163,0
1,164,0
76,164,0
1,165,0
76,165,0
1,166,0
75,166,0
1,167,0
75,167,0
1,168,0
74,168,0
1,169,0
74,169,0
1,170,0
73,170,0
1,171,0
73,171,0
1,172,0
70,172,0
1,173,0
70,173,0
1,174,0
68,174,0
1,175,0
68,175,0
1,176,0
67,176,0
1,177,0
67,177,0
1,178,0
66,178,0
1,179,0
66,179,0
1,180,0
64,180,0
1,181,0
64,181,0
1,182,0
59,182,0
1,183,0
59,183,0
1,184,0
52,184,0
1,185,0
52,185,0
1,186,0
51,186,0
1,187,0
51,187,0
1,188,0
47,188,0
1,189,0
47,189,0
1,190,0
45,190,0
1,191,0
45,191,0
1,192,0
42,192,0
1,193,0
42,193,0
1,194,0
41,194,0
1,195,0
41,195,0
1,196,0
36,196,0
1,197,0
36,197,0
1,198,0
35,198,0
1,199,0
35,199,0
1,200,0
33,200,0
1,201,0
33,201,0
1,202,0
32,202,0
1,203,0
32,203,0
1,204,0
30,204,0
1,205,0
30,205,0
1,206,0
27,206,0
1,207,0
27,207,0
1,208,0
26,208,0
1,209,0
26,209,0
1,210,0
23,210,0
1,211,0
23,211,0
1,212,0
20,212,0
1,213,0
20,213,0
1,214,0
19,214,0
1,215,0
19,215,0
1,216,0
18,216,0
1,217,0
18,217,0
1,218,0
17,218,0
1,219,0
17,219,0
1,220,0
16,220,0
1,221,0
16,221,0
1,222,0
13,222,0
1,223,0
13,223,0
1,224,0
10,224,0
1,225,0
10,225,0
1,226,0
9,226,0
1,227,0
9,227,0
1,228,0
8,228,0
1,229,0
8,229,0
1,230,0
7,230,0
1,231,0
7,231,0
1,232,0
6,232,0
1,233,0
6,233,0
1,234,0
4,234,0
1,235,0
4,235,0
