1,1,0
535,1,0
1,2,0
447,2,0
1,3,0
435,3,0
1,4,0
435,4,0
1,5,0
297,5,0
1,6,0
257,6,0
1,7,0
239,7,0
1,8,0
221,8,0
1,9,0
215,9,0
1,10,0
213,10,0
1,11,0
201,11,0
1,12,0
185,12,0
1,13,0
165,13,0
1,14,0
161,14,0
1,15,0
153,15,0
1,16,0
151,16,0
1,17,0
151,17,0
1,18,0
149,18,0
1,19,0
139,19,0
1,20,0
135,20,0
1,21,0
129,21,0
1,22,0
127,22,0
1,23,0
121,23,0
1,24,0
117,24,0
1,25,0
111,25,0
1,26,0
109,26,0
1,27,0
107,27,0
1,28,0
105,28,0
1,29,0
97,29,0
1,30,0
89,30,0
1,31,0
81,31,0
1,32,0
79,32,0
1,33,0
73,33,0
1,34,0
69,34,0
1,35,0
67,35,0
1,36,0
67,36,0
1,37,0
59,37,0
1,38,0
55,38,0
1,39,0
53,39,0
1,40,0
47,40,0
1,41,0
47,41,0
1,42,0
47,42,0
1,43,0
45,43,0
1,44,0
45,44,0
1,45,0
43,45,0
1,46,0
43,46,0
1,47,0
43,47,0
1,48,0
43,48,0
1,49,0
43,49,0
1,50,0
41,50,0
1,51,0
41,51,0
1,52,0
41,52,0
1,53,0
41,53,0
1,54,0
41,54,0
1,55,0
41,55,0
1,56,0
39,56,0
1,57,0
39,57,0
1,58,0
39,58,0
1,59,0
39,59,0
1,60,0
39,60,0
1,61,0
39,61,0
1,62,0
37,62,0
1,63,0
37,63,0
1,64,0
37,64,0
1,65,0
37,65,0
1,66,0
35,66,0
1,67,0
35,67,0
1,68,0
35,68,0
1,69,0
35,69,0
1,70,0
33,70,0
1,71,0
29,71,0
1,72,0
29,72,0
1,73,0
29,73,0
1,74,0
29,74,0
1,75,0
29,75,0
1,76,0
29,76,0
1,77,0
29,77,0
1,78,0
29,78,0
1,79,0
29,79,0
1,80,0
29,80,0
1,81,0
29,81,0
1,82,0
29,82,0
1,83,0
29,83,0
1,84,0
27,84,0
1,85,0
25,85,0
1,86,0
25,86,0
1,87,0
25,87,0
1,88,0
25,88,0
1,89,0
23,89,0
1,90,0
21,90,0
1,91,0
21,91,0
1,92,0
21,92,0
1,93,0
21,93,0
1,94,0
21,94,0
1,95,0
21,95,0
1,96,0
21,96,0
1,97,0
19,97,0
1,98,0
19,98,0
1,99,0
19,99,0
1,100,0
17,100,0
1,101,0
17,101,0
1,102,0
17,102,0
1,103,0
17,103,0
1,104,0
17,104,0
1,105,0
17,105,0
1,106,0
17,106,0
1,107,0
15,107,0
1,108,0
15,108,0
1,109,0
15,109,0
1,110,0
15,110,0
1,111,0
15,111,0
1,112,0
15,112,0
1,113,0
15,113,0
1,114,0
13,114,0
1,115,0
13,115,0
1,116,0
13,116,0
1,117,0
13,117,0
1,118,0
13,118,0
1,119,0
13,119,0
1,120,0
11,120,0
1,121,0
11,121,0
1,122,0
11,122,0
1,123,0
11,123,0
1,124,0
11,124,0
1,125,0
11,125,0
1,126,0
11,126,0
1,127,0
9,127,0
1,128,0
9,128,0
1,129,0
9,129,0
1,130,0
9,130,0
1,131,0
9,131,0
1,132,0
9,132,0
1,133,0
9,133,0
1,134,0
9,134,0
1,135,0
9,135,0
1,136,0
9,136,0
1,137,0
9,137,0
1,138,0
9,138,0
1,139,0
9,139,0
1,140,0
9,140,0
1,141,0
9,141,0
1,142,0
9,142,0
1,143,0
7,143,0
1,144,0
7,144,0
1,145,0
7,145,0
1,146,0
7,146,0
1,147,0
7,147,0
1,148,0
7,148,0
1,149,0
7,149,0
1,150,0
7,150,0
1,151,0
7,151,0
1,152,0
7,152,0
1,153,0
7,153,0
1,154,0
7,154,0
1,155,0
7,155,0
1,156,0
7,156,0
1,157,0
7,157,0
1,158,0
7,158,0
1,159,0
7,159,0
1,160,0
7,160,0
1,161,0
7,161,0
1,162,0
7,162,0
1,163,0
7,163,0
1,164,0
7,164,0
1,165,0
7,165,0
1,166,0
7,166,0
1,167,0
7,167,0
1,168,0
7,168,0
1,169,0
7,169,0
1,170,0
7,170,0
1,171,0
7,171,0
1,172,0
7,172,0
1,173,0
7,173,0
1,174,0
7,174,0
1,175,0
7,175,0
1,176,0
7,176,0
1,177,0
7,177,0
1,178,0
7,178,0
1,179,0
7,179,0
1,180,0
7,180,0
1,181,0
7,181,0
1,182,0
7,182,0
1,183,0
7,183,0
1,184,0
7,184,0
1,185,0
7,185,0
1,186,0
7,186,0
1,187,0
7,187,0
1,188,0
7,188,0
1,189,0
7,189,0
1,190,0
7,190,0
1,191,0
7,191,0
1,192,0
7,192,0
1,193,0
7,193,0
1,194,0
7,194,0
1,195,0
7,195,0
1,196,0
7,196,0
1,197,0
7,197,0
1,198,0
7,198,0
1,199,0
7,199,0
1,200,0
7,200,0
1,201,0
7,201,0
1,202,0
7,202,0
1,203,0
5,203,0
1,204,0
5,204,0
1,205,0
5,205,0
1,206,0
5,206,0
1,207,0
5,207,0
1,208,0
5,208,0
1,209,0
5,209,0
1,210,0
5,210,0
1,211,0
5,211,0
1,212,0
5,212,0
1,213,0
5,213,0
1,214,0
5,214,0
1,215,0
5,215,0
1,216,0
5,216,0
1,217,0
5,217,0
1,218,0
5,218,0
1,219,0
5,219,0
1,220,0
5,220,0
1,221,0
5,221,0
1,222,0
5,222,0
1,223,0
5,223,0
1,224,0
5,224,0
1,225,0
5,225,0
1,226,0
5,226,0
1,227,0
5,227,0
1,228,0
5,228,0
1,229,0
5,229,0
1,230,0
5,230,0
1,231,0
5,231,0
1,232,0
5,232,0
1,233,0
5,233,0
1,234,0
5,234,0
1,235,0
5,235,0
1,236,0
5,236,0
1,237,0
5,237,0
1,238,0
5,238,0
1,239,0
5,239,0
1,240,0
5,240,0
1,241,0
5,241,0
1,242,0
5,242,0
1,243,0
5,243,0
1,244,0
5,244,0
1,245,0
5,245,0
1,246,0
5,246,0
1,247,0
5,247,0
1,248,0
5,248,0
1,249,0
5,249,0
1,250,0
5,250,0
1,251,0
5,251,0
1,252,0
5,252,0
1,253,0
5,253,0
1,254,0
5,254,0
1,255,0
5,255,0
1,256,0
5,256,0
1,257,0
5,257,0
1,258,0
5,258,0
1,259,0
5,259,0
1,260,0
5,260,0
1,261,0
5,261,0
1,262,0
5,262,0
1,263,0
5,263,0
1,264,0
3,264,0
1,265,0
3,265,0
1,266,0
3,266,0
1,267,0
3,267,0
1,268,0
3,268,0
1,269,0
3,269,0
1,270,0
3,270,0
1,271,0
3,271,0
1,272,0
3,272,0
1,273,0
3,273,0
1,274,0
3,274,0
1,275,0
3,275,0
1,276,0
3,276,0
1,277,0
3,277,0
1,278,0
3,278,0
1,279,0
3,279,0
1,280,0
3,280,0
1,281,0
3,281,0
1,282,0
3,282,0
1,283,0
3,283,0
1,284,0
3,284,0
1,285,0
3,285,0
1,286,0
3,286,0
1,287,0
3,287,0
1,288,0
3,288,0
1,289,0
3,289,0
1,290,0
3,290,0
1,291,0
3,291,0
1,292,0
3,292,0
1,293,0
3,293,0
1,294,0
3,294,0
1,295,0
3,295,0
1,296,0
3,296,0
1,297,0
3,297,0
1,298,0
3,298,0
1,299,0
3,299,0
1,300,0
3,300,0
1,301,0
3,301,0
1,302,0
3,302,0
1,303,0
3,303,0
1,304,0
3,304,0
1,305,0
3,305,0
1,306,0
3,306,0
1,307,0
3,307,0
1,308,0
3,308,0
1,309,0
3,309,0
1,310,0
3,310,0
1,311,0
3,311,0
1,312,0
3,312,0
1,313,0
3,313,0
1,314,0
1,314,0
1,315,0
1,315,0
1,316,0
1,316,0
1,317,0
1,317,0
1,318,0
1,318,0
1,319,0
1,319,0
1,320,0
1,320,0
1,321,0
1,321,0
1,322,0
1,322,0
1,323,0
1,323,0
1,324,0
1,324,0
1,325,0
1,325,0
1,326,0
1,326,0
1,327,0
1,327,0
1,328,0
1,328,0
1,329,0
1,329,0
1,330,0
1,330,0
1,331,0
1,331,0
1,332,0
1,332,0
1,333,0
1,333,0
1,334,0
1,334,0
1,335,0
1,335,0
1,336,0
1,336,0
1,337,0
1,337,0
1,338,0
1,338,0
