1,1,0
1052,1,0
1,2,0
1052,2,0
1,3,0
977,3,0
1,4,0
977,4,0
1,5,0
863,5,0
1,6,0
863,6,0
1,7,0
854,7,0
1,8,0
854,8,0
1,9,0
757,9,0
1,10,0
757,10,0
1,11,0
688,11,0
1,12,0
688,12,0
1,13,0
657,13,0
1,14,0
657,14,0
1,15,0
640,15,0
1,16,0
640,16,0
1,17,0
617,17,0
1,18,0
617,18,0
1,19,0
607,19,0
1,20,0
607,20,0
1,21,0
514,21,0
1,22,0
514,22,0
1,23,0
510,23,0
1,24,0
510,24,0
1,25,0
509,25,0
1,26,0
509,26,0
1,27,0
449,27,0
1,28,0
449,28,0
1,29,0
422,29,0
1,30,0
422,30,0
1,31,0
405,31,0
1,32,0
405,32,0
1,33,0
398,33,0
1,34,0
398,34,0
1,35,0
393,35,0
1,36,0
393,36,0
1,37,0
384,37,0
1,38,0
384,38,0
1,39,0
380,39,0
1,40,0
380,40,0
1,41,0
377,41,0
1,42,0
377,42,0
1,43,0
338,43,0
1,44,0
338,44,0
1,45,0
334,45,0
1,46,0
334,46,0
1,47,0
332,47,0
1,48,0
332,48,0
1,49,0
328,49,0
1,50,0
328,50,0
1,51,0
325,51,0
1,52,0
325,52,0
1,53,0
324,53,0
1,54,0
324,54,0
1,55,0
317,55,0
1,56,0
317,56,0
1,57,0
313,57,0
1,58,0
313,58,0
1,59,0
305,59,0
1,60,0
305,60,0
1,61,0
304,61,0
1,62,0
304,62,0
1,63,0
303,63,0
1,64,0
303,64,0
1,65,0
289,65,0
1,66,0
289,66,0
1,67,0
287,67,0
1,68,0
287,68,0
1,69,0
253,69,0
1,70,0
253,70,0
1,71,0
244,71,0
1,72,0
244,72,0
1,73,0
238,73,0
1,74,0
238,74,0
1,75,0
236,75,0
1,76,0
236,76,0
1,77,0
225,77,0
1,78,0
225,78,0
1,79,0
218,79,0
1,80,0
218,80,0
1,81,0
215,81,0
1,82,0
215,82,0
1,83,0
213,83,0
1,84,0
213,84,0
1,85,0
205,85,0
1,86,0
205,86,0
1,87,0
204,87,0
1,88,0
204,88,0
1,89,0
200,89,0
1,90,0
200,90,0
1,91,0
198,91,0
1,92,0
198,92,0
1,93,0
197,93,0
1,94,0
197,94,0
1,95,0
195,95,0
1,96,0
195,96,0
1,97,0
193,97,0
1,98,0
193,98,0
1,99,0
186,99,0
1,100,0
186,100,0
1,101,0
183,101,0
1,102,0
183,102,0
1,103,0
180,103,0
1,104,0
180,104,0
1,105,0
178,105,0
1,106,0
178,106,0
1,107,0
177,107,0
1,108,0
177,108,0
1,109,0
175,109,0
1,110,0
175,110,0
1,111,0
174,111,0
1,112,0
174,112,0
1,113,0
173,113,0
1,114,0
173,114,0
1,115,0
171,115,0
1,116,0
171,116,0
1,117,0
165,117,0
1,118,0
165,118,0
1,119,0
164,119,0
1,120,0
164,120,0
1,121,0
159,121,0
1,122,0
159,122,0
1,123,0
156,123,0
1,124,0
156,124,0
1,125,0
155,125,0
1,126,0
155,126,0
1,127,0
147,127,0
1,128,0
147,128,0
1,129,0
142,129,0
1,130,0
142,130,0
1,131,0
139,131,0
1,132,0
139,132,0
1,133,0
137,133,0
1,134,0
137,134,0
1,135,0
135,135,0
1,136,0
135,136,0
1,137,0
133,137,0
1,138,0
133,138,0
1,139,0
126,139,0
1,140,0
126,140,0
1,141,0
124,141,0
1,142,0
124,142,0
1,143,0
120,143,0
1,144,0
120,144,0
1,145,0
119,145,0
1,146,0
119,146,0
1,147,0
118,147,0
1,148,0
118,148,0
1,149,0
117,149,0
1,150,0
117,150,0
1,151,0
113,151,0
1,152,0
113,152,0
1,153,0
111,153,0
1,154,0
111,154,0
1,155,0
110,155,0
1,156,0
110,156,0
1,157,0
106,157,0
1,158,0
106,158,0
1,159,0
95,159,0
1,160,0
95,160,0
1,161,0
91,161,0
1,162,0
91,162,0
1,163,0
90,163,0
1,164,0
90,164,0
1,165,0
87,165,0
1,166,0
87,166,0
1,167,0
86,167,0
1,168,0
86,168,0
1,169,0
83,169,0
1,170,0
83,170,0
1,171,0
81,171,0
1,172,0
81,172,0
1,173,0
80,173,0
1,174,0
80,174,0
1,175,0
78,175,0
1,176,0
78,176,0
1,177,0
77,177,0
1,178,0
77,178,0
1,179,0
76,179,0
1,180,0
76,180,0
1,181,0
75,181,0
1,182,0
75,182,0
1,183,0
72,183,0
1,184,0
72,184,0
1,185,0
71,185,0
1,186,0
71,186,0
1,187,0
68,187,0
1,188,0
68,188,0
1,189,0
67,189,0
1,190,0
67,190,0
1,191,0
66,191,0
1,192,0
66,192,0
1,193,0
60,193,0
1,194,0
60,194,0
1,195,0
59,195,0
1,196,0
59,196,0
1,197,0
57,197,0
1,198,0
57,198,0
1,199,0
56,199,0
1,200,0
56,200,0
1,201,0
49,201,0
1,202,0
49,202,0
1,203,0
44,203,0
1,204,0
44,204,0
1,205,0
43,205,0
1,206,0
43,206,0
1,207,0
40,207,0
1,208,0
40,208,0
1,209,0
39,209,0
1,210,0
39,210,0
1,211,0
38,211,0
1,212,0
38,212,0
1,213,0
35,213,0
1,214,0
35,214,0
1,215,0
34,215,0
1,216,0
34,216,0
1,217,0
32,217,0
1,218,0
32,218,0
1,219,0
31,219,0
1,220,0
31,220,0
1,221,0
28,221,0
1,222,0
28,222,0
1,223,0
27,223,0
1,224,0
27,224,0
1,225,0
25,225,0
1,226,0
25,226,0
1,227,0
21,227,0
1,228,0
21,228,0
1,229,0
20,229,0
1,230,0
20,230,0
1,231,0
18,231,0
1,232,0
18,232,0
1,233,0
16,233,0
1,234,0
16,234,0
1,235,0
14,235,0
1,236,0
14,236,0
1,237,0
13,237,0
1,238,0
13,238,0
1,239,0
9,239,0
1,240,0
9,240,0
1,241,0
8,241,0
1,242,0
8,242,0
1,243,0
6,243,0
1,244,0
6,244,0
1,245,0
4,245,0
1,246,0
4,246,0
1,247,0
3,247,0
1,248,0
3,248,0
1,249,0
1,249,0
1,250,0
1,250,0
