1,1,0
2105,1,0
1,2,0
1957,2,0
1,3,0
1731,3,0
1,4,0
1715,4,0
1,5,0
1523,5,0
1,6,0
1387,6,0
1,7,0
1327,7,0
1,8,0
1295,8,0
1,9,0
1251,9,0
1,10,0
1233,10,0
1,11,0
1049,11,0
1,12,0
1043,12,0
1,13,0
1043,13,0
1,14,0
925,14,0
1,15,0
873,15,0
1,16,0
841,16,0
1,17,0
829,17,0
1,18,0
821,18,0
1,19,0
805,19,0
1,20,0
799,20,0
1,21,0
795,21,0
1,22,0
719,22,0
1,23,0
713,23,0
1,24,0
711,24,0
1,25,0
705,25,0
1,26,0
701,26,0
1,27,0
701,27,0
1,28,0
689,28,0
1,29,0
683,29,0
1,30,0
669,30,0
1,31,0
669,31,0
1,32,0
669,32,0
1,33,0
643,33,0
1,34,0
641,34,0
1,35,0
575,35,0
1,36,0
559,36,0
1,37,0
549,37,0
1,38,0
547,38,0
1,39,0
527,39,0
1,40,0
515,40,0
1,41,0
511,41,0
1,42,0
509,42,0
1,43,0
495,43,0
1,44,0
495,44,0
1,45,0
489,45,0
1,46,0
487,46,0
1,47,0
487,47,0
1,48,0
485,48,0
1,49,0
483,49,0
1,50,0
471,50,0
1,51,0
467,51,0
1,52,0
463,52,0
1,53,0
461,53,0
1,54,0
461,54,0
1,55,0
459,55,0
1,56,0
459,56,0
1,57,0
459,57,0
1,58,0
457,58,0
1,59,0
447,59,0
1,60,0
447,60,0
1,61,0
439,61,0
1,62,0
435,62,0
1,63,0
435,63,0
1,64,0
421,64,0
1,65,0
413,65,0
1,66,0
409,66,0
1,67,0
407,67,0
1,68,0
405,68,0
1,69,0
403,69,0
1,70,0
391,70,0
1,71,0
389,71,0
1,72,0
383,72,0
1,73,0
383,73,0
1,74,0
383,74,0
1,75,0
383,75,0
1,76,0
377,76,0
1,77,0
375,77,0
1,78,0
375,78,0
1,79,0
369,79,0
1,80,0
349,80,0
1,81,0
343,81,0
1,82,0
343,82,0
1,83,0
339,83,0
1,84,0
339,84,0
1,85,0
335,85,0
1,86,0
333,86,0
1,87,0
333,87,0
1,88,0
331,88,0
1,89,0
331,89,0
1,90,0
331,90,0
1,91,0
331,91,0
1,92,0
327,92,0
1,93,0
327,93,0
1,94,0
323,94,0
1,95,0
323,95,0
1,96,0
323,96,0
1,97,0
313,97,0
1,98,0
313,98,0
1,99,0
311,99,0
1,100,0
311,100,0
1,101,0
299,101,0
1,102,0
291,102,0
1,103,0
291,103,0
1,104,0
287,104,0
1,105,0
287,105,0
1,106,0
287,106,0
1,107,0
283,107,0
1,108,0
283,108,0
1,109,0
281,109,0
1,110,0
281,110,0
1,111,0
277,111,0
1,112,0
277,112,0
1,113,0
275,113,0
1,114,0
269,114,0
1,115,0
269,115,0
1,116,0
267,116,0
1,117,0
265,117,0
1,118,0
263,118,0
1,119,0
263,119,0
1,120,0
257,120,0
1,121,0
257,121,0
1,122,0
255,122,0
1,123,0
253,123,0
1,124,0
253,124,0
1,125,0
251,125,0
1,126,0
249,126,0
1,127,0
249,127,0
1,128,0
239,128,0
1,129,0
239,129,0
1,130,0
233,130,0
1,131,0
233,131,0
1,132,0
231,132,0
1,133,0
231,133,0
1,134,0
229,134,0
1,135,0
225,135,0
1,136,0
223,136,0
1,137,0
223,137,0
1,138,0
223,138,0
1,139,0
223,139,0
1,140,0
221,140,0
1,141,0
219,141,0
1,142,0
219,142,0
1,143,0
219,143,0
1,144,0
217,144,0
1,145,0
215,145,0
1,146,0
209,146,0
1,147,0
207,147,0
1,148,0
207,148,0
1,149,0
207,149,0
1,150,0
205,150,0
1,151,0
201,151,0
1,152,0
197,152,0
1,153,0
195,153,0
1,154,0
195,154,0
1,155,0
195,155,0
1,156,0
195,156,0
1,157,0
191,157,0
1,158,0
191,158,0
1,159,0
185,159,0
1,160,0
183,160,0
1,161,0
183,161,0
1,162,0
179,162,0
1,163,0
179,163,0
1,164,0
177,164,0
1,165,0
175,165,0
1,166,0
175,166,0
1,167,0
173,167,0
1,168,0
173,168,0
1,169,0
173,169,0
1,170,0
173,170,0
1,171,0
171,171,0
1,172,0
169,172,0
1,173,0
169,173,0
1,174,0
169,174,0
1,175,0
167,175,0
1,176,0
163,176,0
1,177,0
161,177,0
1,178,0
161,178,0
1,179,0
159,179,0
1,180,0
159,180,0
1,181,0
157,181,0
1,182,0
157,182,0
1,183,0
157,183,0
1,184,0
157,184,0
1,185,0
147,185,0
1,186,0
145,186,0
1,187,0
141,187,0
1,188,0
139,188,0
1,189,0
137,189,0
1,190,0
137,190,0
1,191,0
137,191,0
1,192,0
137,192,0
1,193,0
133,193,0
1,194,0
127,194,0
1,195,0
125,195,0
1,196,0
125,196,0
1,197,0
121,197,0
1,198,0
121,198,0
1,199,0
121,199,0
1,200,0
121,200,0
1,201,0
115,201,0
1,202,0
113,202,0
1,203,0
113,203,0
1,204,0
113,204,0
1,205,0
113,205,0
1,206,0
113,206,0
1,207,0
113,207,0
1,208,0
113,208,0
1,209,0
107,209,0
1,210,0
107,210,0
1,211,0
107,211,0
1,212,0
107,212,0
1,213,0
107,213,0
1,214,0
107,214,0
1,215,0
107,215,0
1,216,0
107,216,0
1,217,0
105,217,0
1,218,0
105,218,0
1,219,0
101,219,0
1,220,0
99,220,0
1,221,0
99,221,0
1,222,0
99,222,0
1,223,0
99,223,0
1,224,0
99,224,0
1,225,0
99,225,0
1,226,0
99,226,0
1,227,0
99,227,0
1,228,0
99,228,0
1,229,0
97,229,0
1,230,0
97,230,0
1,231,0
97,231,0
1,232,0
97,232,0
1,233,0
95,233,0
1,234,0
93,234,0
1,235,0
93,235,0
1,236,0
91,236,0
1,237,0
91,237,0
1,238,0
91,238,0
1,239,0
91,239,0
1,240,0
91,240,0
1,241,0
89,241,0
1,242,0
89,242,0
1,243,0
89,243,0
1,244,0
87,244,0
1,245,0
87,245,0
1,246,0
87,246,0
1,247,0
85,247,0
1,248,0
85,248,0
1,249,0
85,249,0
1,250,0
81,250,0
1,251,0
81,251,0
1,252,0
81,252,0
1,253,0
79,253,0
1,254,0
79,254,0
1,255,0
79,255,0
1,256,0
75,256,0
1,257,0
75,257,0
1,258,0
75,258,0
1,259,0
75,259,0
1,260,0
75,260,0
1,261,0
75,261,0
1,262,0
75,262,0
1,263,0
75,263,0
1,264,0
75,264,0
1,265,0
75,265,0
1,266,0
75,266,0
1,267,0
75,267,0
1,268,0
73,268,0
1,269,0
71,269,0
1,270,0
71,270,0
1,271,0
71,271,0
1,272,0
71,272,0
1,273,0
71,273,0
1,274,0
71,274,0
1,275,0
71,275,0
1,276,0
71,276,0
1,277,0
71,277,0
1,278,0
71,278,0
1,279,0
71,279,0
1,280,0
71,280,0
1,281,0
71,281,0
1,282,0
71,282,0
1,283,0
71,283,0
1,284,0
71,284,0
1,285,0
71,285,0
1,286,0
71,286,0
1,287,0
71,287,0
1,288,0
71,288,0
1,289,0
71,289,0
1,290,0
67,290,0
1,291,0
67,291,0
1,292,0
67,292,0
1,293,0
67,293,0
1,294,0
67,294,0
1,295,0
67,295,0
1,296,0
67,296,0
1,297,0
67,297,0
1,298,0
65,298,0
1,299,0
65,299,0
1,300,0
65,300,0
1,301,0
65,301,0
1,302,0
65,302,0
1,303,0
65,303,0
1,304,0
65,304,0
1,305,0
65,305,0
1,306,0
65,306,0
1,307,0
65,307,0
1,308,0
65,308,0
1,309,0
65,309,0
1,310,0
65,310,0
1,311,0
65,311,0
1,312,0
63,312,0
1,313,0
61,313,0
1,314,0
61,314,0
1,315,0
61,315,0
1,316,0
61,316,0
1,317,0
61,317,0
1,318,0
61,318,0
1,319,0
59,319,0
1,320,0
59,320,0
1,321,0
59,321,0
1,322,0
57,322,0
1,323,0
55,323,0
1,324,0
55,324,0
1,325,0
55,325,0
1,326,0
55,326,0
1,327,0
55,327,0
1,328,0
55,328,0
1,329,0
55,329,0
1,330,0
55,330,0
1,331,0
55,331,0
1,332,0
53,332,0
1,333,0
53,333,0
1,334,0
53,334,0
1,335,0
53,335,0
1,336,0
53,336,0
1,337,0
53,337,0
1,338,0
53,338,0
1,339,0
47,339,0
1,340,0
47,340,0
1,341,0
47,341,0
1,342,0
47,342,0
1,343,0
45,343,0
1,344,0
45,344,0
1,345,0
45,345,0
1,346,0
45,346,0
1,347,0
45,347,0
1,348,0
45,348,0
1,349,0
43,349,0
1,350,0
43,350,0
1,351,0
43,351,0
1,352,0
43,352,0
1,353,0
43,353,0
1,354,0
43,354,0
1,355,0
41,355,0
1,356,0
41,356,0
1,357,0
41,357,0
1,358,0
41,358,0
1,359,0
41,359,0
1,360,0
41,360,0
1,361,0
41,361,0
1,362,0
41,362,0
1,363,0
41,363,0
1,364,0
41,364,0
1,365,0
41,365,0
1,366,0
41,366,0
1,367,0
41,367,0
1,368,0
41,368,0
1,369,0
41,369,0
1,370,0
39,370,0
1,371,0
39,371,0
1,372,0
39,372,0
1,373,0
39,373,0
1,374,0
39,374,0
1,375,0
39,375,0
1,376,0
39,376,0
1,377,0
39,377,0
1,378,0
39,378,0
1,379,0
37,379,0
1,380,0
35,380,0
1,381,0
35,381,0
1,382,0
35,382,0
1,383,0
35,383,0
1,384,0
35,384,0
1,385,0
35,385,0
1,386,0
35,386,0
1,387,0
35,387,0
1,388,0
35,388,0
1,389,0
35,389,0
1,390,0
35,390,0
1,391,0
35,391,0
1,392,0
35,392,0
1,393,0
35,393,0
1,394,0
35,394,0
1,395,0
35,395,0
1,396,0
35,396,0
1,397,0
35,397,0
1,398,0
35,398,0
1,399,0
35,399,0
1,400,0
35,400,0
1,401,0
33,401,0
1,402,0
33,402,0
1,403,0
33,403,0
1,404,0
33,404,0
1,405,0
33,405,0
1,406,0
33,406,0
1,407,0
33,407,0
1,408,0
33,408,0
1,409,0
33,409,0
1,410,0
33,410,0
1,411,0
33,411,0
1,412,0
33,412,0
1,413,0
33,413,0
1,414,0
33,414,0
1,415,0
33,415,0
1,416,0
33,416,0
1,417,0
33,417,0
1,418,0
33,418,0
1,419,0
31,419,0
1,420,0
31,420,0
1,421,0
31,421,0
1,422,0
31,422,0
1,423,0
31,423,0
1,424,0
31,424,0
1,425,0
31,425,0
1,426,0
31,426,0
1,427,0
31,427,0
1,428,0
31,428,0
1,429,0
31,429,0
1,430,0
31,430,0
1,431,0
31,431,0
1,432,0
31,432,0
1,433,0
25,433,0
1,434,0
25,434,0
1,435,0
25,435,0
1,436,0
23,436,0
1,437,0
23,437,0
1,438,0
23,438,0
1,439,0
23,439,0
1,440,0
23,440,0
1,441,0
21,441,0
1,442,0
21,442,0
1,443,0
21,443,0
1,444,0
21,444,0
1,445,0
19,445,0
1,446,0
19,446,0
1,447,0
19,447,0
1,448,0
19,448,0
1,449,0
19,449,0
1,450,0
19,450,0
1,451,0
19,451,0
1,452,0
19,452,0
1,453,0
19,453,0
1,454,0
19,454,0
1,455,0
19,455,0
1,456,0
19,456,0
1,457,0
19,457,0
1,458,0
19,458,0
1,459,0
19,459,0
1,460,0
19,460,0
1,461,0
19,461,0
1,462,0
17,462,0
1,463,0
17,463,0
1,464,0
17,464,0
1,465,0
17,465,0
1,466,0
17,466,0
1,467,0
17,467,0
1,468,0
17,468,0
1,469,0
17,469,0
1,470,0
17,470,0
1,471,0
17,471,0
1,472,0
17,472,0
1,473,0
17,473,0
1,474,0
17,474,0
1,475,0
17,475,0
1,476,0
17,476,0
1,477,0
17,477,0
1,478,0
17,478,0
1,479,0
17,479,0
1,480,0
17,480,0
1,481,0
17,481,0
1,482,0
17,482,0
1,483,0
17,483,0
1,484,0
17,484,0
1,485,0
17,485,0
1,486,0
17,486,0
1,487,0
17,487,0
1,488,0
17,488,0
1,489,0
17,489,0
1,490,0
17,490,0
1,491,0
17,491,0
1,492,0
17,492,0
1,493,0
17,493,0
1,494,0
17,494,0
1,495,0
17,495,0
1,496,0
17,496,0
1,497,0
17,497,0
1,498,0
15,498,0
1,499,0
15,499,0
1,500,0
15,500,0
1,501,0
15,501,0
1,502,0
15,502,0
1,503,0
15,503,0
1,504,0
15,504,0
1,505,0
15,505,0
1,506,0
15,506,0
1,507,0
15,507,0
1,508,0
15,508,0
1,509,0
15,509,0
1,510,0
15,510,0
1,511,0
15,511,0
1,512,0
15,512,0
1,513,0
15,513,0
1,514,0
15,514,0
1,515,0
15,515,0
1,516,0
15,516,0
1,517,0
15,517,0
1,518,0
15,518,0
1,519,0
15,519,0
1,520,0
15,520,0
1,521,0
15,521,0
1,522,0
15,522,0
1,523,0
15,523,0
1,524,0
15,524,0
1,525,0
15,525,0
1,526,0
15,526,0
1,527,0
15,527,0
1,528,0
13,528,0
1,529,0
13,529,0
1,530,0
13,530,0
1,531,0
13,531,0
1,532,0
13,532,0
1,533,0
13,533,0
1,534,0
13,534,0
1,535,0
13,535,0
1,536,0
13,536,0
1,537,0
13,537,0
1,538,0
13,538,0
1,539,0
13,539,0
1,540,0
13,540,0
1,541,0
13,541,0
1,542,0
13,542,0
1,543,0
13,543,0
1,544,0
13,544,0
1,545,0
13,545,0
1,546,0
13,546,0
1,547,0
13,547,0
1,548,0
13,548,0
1,549,0
13,549,0
1,550,0
13,550,0
1,551,0
13,551,0
1,552,0
13,552,0
1,553,0
13,553,0
1,554,0
13,554,0
1,555,0
13,555,0
1,556,0
13,556,0
1,557,0
13,557,0
1,558,0
13,558,0
1,559,0
13,559,0
1,560,0
13,560,0
1,561,0
13,561,0
1,562,0
13,562,0
1,563,0
13,563,0
1,564,0
13,564,0
1,565,0
13,565,0
1,566,0
13,566,0
1,567,0
13,567,0
1,568,0
13,568,0
1,569,0
13,569,0
1,570,0
13,570,0
1,571,0
13,571,0
1,572,0
13,572,0
1,573,0
13,573,0
1,574,0
13,574,0
1,575,0
13,575,0
1,576,0
11,576,0
1,577,0
11,577,0
1,578,0
11,578,0
1,579,0
11,579,0
1,580,0
11,580,0
1,581,0
11,581,0
1,582,0
9,582,0
1,583,0
9,583,0
1,584,0
9,584,0
1,585,0
9,585,0
1,586,0
9,586,0
1,587,0
9,587,0
1,588,0
9,588,0
1,589,0
9,589,0
1,590,0
9,590,0
1,591,0
9,591,0
1,592,0
9,592,0
1,593,0
9,593,0
1,594,0
9,594,0
1,595,0
9,595,0
1,596,0
9,596,0
1,597,0
9,597,0
1,598,0
9,598,0
1,599,0
9,599,0
1,600,0
9,600,0
1,601,0
9,601,0
1,602,0
9,602,0
1,603,0
9,603,0
1,604,0
9,604,0
1,605,0
9,605,0
1,606,0
9,606,0
1,607,0
9,607,0
1,608,0
9,608,0
1,609,0
9,609,0
1,610,0
9,610,0
1,611,0
9,611,0
1,612,0
9,612,0
1,613,0
9,613,0
1,614,0
9,614,0
1,615,0
9,615,0
1,616,0
7,616,0
1,617,0
7,617,0
1,618,0
7,618,0
1,619,0
7,619,0
1,620,0
7,620,0
1,621,0
7,621,0
1,622,0
7,622,0
1,623,0
7,623,0
1,624,0
7,624,0
1,625,0
7,625,0
1,626,0
7,626,0
1,627,0
7,627,0
1,628,0
7,628,0
1,629,0
7,629,0
1,630,0
7,630,0
1,631,0
7,631,0
1,632,0
7,632,0
1,633,0
7,633,0
1,634,0
7,634,0
1,635,0
7,635,0
1,636,0
7,636,0
1,637,0
7,637,0
1,638,0
7,638,0
1,639,0
7,639,0
1,640,0
7,640,0
1,641,0
7,641,0
1,642,0
5,642,0
1,643,0
5,643,0
1,644,0
5,644,0
1,645,0
5,645,0
1,646,0
5,646,0
1,647,0
5,647,0
1,648,0
5,648,0
1,649,0
5,649,0
1,650,0
5,650,0
1,651,0
5,651,0
1,652,0
5,652,0
1,653,0
5,653,0
1,654,0
5,654,0
1,655,0
5,655,0
1,656,0
5,656,0
1,657,0
5,657,0
1,658,0
5,658,0
1,659,0
5,659,0
1,660,0
5,660,0
1,661,0
5,661,0
1,662,0
5,662,0
1,663,0
5,663,0
1,664,0
5,664,0
1,665,0
5,665,0
1,666,0
5,666,0
1,667,0
5,667,0
1,668,0
5,668,0
1,669,0
5,669,0
1,670,0
5,670,0
1,671,0
5,671,0
1,672,0
5,672,0
1,673,0
5,673,0
1,674,0
5,674,0
1,675,0
5,675,0
1,676,0
5,676,0
1,677,0
5,677,0
1,678,0
5,678,0
1,679,0
5,679,0
1,680,0
5,680,0
1,681,0
5,681,0
1,682,0
5,682,0
1,683,0
5,683,0
1,684,0
5,684,0
1,685,0
5,685,0
1,686,0
5,686,0
1,687,0
5,687,0
1,688,0
5,688,0
1,689,0
5,689,0
1,690,0
5,690,0
1,691,0
5,691,0
1,692,0
5,692,0
1,693,0
5,693,0
1,694,0
5,694,0
1,695,0
5,695,0
1,696,0
5,696,0
1,697,0
5,697,0
1,698,0
5,698,0
1,699,0
5,699,0
1,700,0
5,700,0
1,701,0
5,701,0
1,702,0
5,702,0
1,703,0
5,703,0
1,704,0
5,704,0
1,705,0
5,705,0
1,706,0
5,706,0
1,707,0
5,707,0
1,708,0
5,708,0
1,709,0
5,709,0
1,710,0
5,710,0
1,711,0
5,711,0
1,712,0
5,712,0
1,713,0
5,713,0
1,714,0
5,714,0
1,715,0
5,715,0
1,716,0
5,716,0
1,717,0
5,717,0
1,718,0
5,718,0
1,719,0
5,719,0
1,720,0
5,720,0
1,721,0
5,721,0
1,722,0
5,722,0
1,723,0
5,723,0
1,724,0
5,724,0
1,725,0
5,725,0
1,726,0
5,726,0
1,727,0
5,727,0
1,728,0
5,728,0
1,729,0
5,729,0
1,730,0
5,730,0
1,731,0
5,731,0
1,732,0
5,732,0
1,733,0
5,733,0
1,734,0
5,734,0
1,735,0
5,735,0
1,736,0
5,736,0
1,737,0
5,737,0
1,738,0
5,738,0
1,739,0
5,739,0
1,740,0
5,740,0
1,741,0
5,741,0
1,742,0
5,742,0
1,743,0
5,743,0
1,744,0
5,744,0
1,745,0
5,745,0
1,746,0
5,746,0
1,747,0
5,747,0
1,748,0
5,748,0
1,749,0
5,749,0
1,750,0
5,750,0
1,751,0
5,751,0
1,752,0
5,752,0
1,753,0
5,753,0
1,754,0
5,754,0
1,755,0
5,755,0
1,756,0
5,756,0
1,757,0
5,757,0
1,758,0
5,758,0
1,759,0
5,759,0
1,760,0
5,760,0
1,761,0
5,761,0
1,762,0
5,762,0
1,763,0
5,763,0
1,764,0
5,764,0
1,765,0
5,765,0
1,766,0
5,766,0
1,767,0
5,767,0
1,768,0
5,768,0
1,769,0
5,769,0
1,770,0
5,770,0
1,771,0
5,771,0
1,772,0
5,772,0
1,773,0
5,773,0
1,774,0
5,774,0
1,775,0
5,775,0
1,776,0
5,776,0
1,777,0
3,777,0
1,778,0
3,778,0
1,779,0
3,779,0
1,780,0
3,780,0
1,781,0
3,781,0
1,782,0
3,782,0
1,783,0
3,783,0
1,784,0
3,784,0
1,785,0
3,785,0
1,786,0
3,786,0
1,787,0
3,787,0
1,788,0
3,788,0
1,789,0
3,789,0
1,790,0
3,790,0
1,791,0
3,791,0
1,792,0
3,792,0
1,793,0
3,793,0
1,794,0
3,794,0
1,795,0
3,795,0
1,796,0
3,796,0
1,797,0
3,797,0
1,798,0
3,798,0
1,799,0
3,799,0
1,800,0
3,800,0
1,801,0
3,801,0
1,802,0
3,802,0
1,803,0
3,803,0
1,804,0
3,804,0
1,805,0
3,805,0
1,806,0
3,806,0
1,807,0
3,807,0
1,808,0
3,808,0
1,809,0
3,809,0
1,810,0
3,810,0
1,811,0
3,811,0
1,812,0
3,812,0
1,813,0
3,813,0
1,814,0
3,814,0
1,815,0
3,815,0
1,816,0
3,816,0
1,817,0
3,817,0
1,818,0
3,818,0
1,819,0
3,819,0
1,820,0
3,820,0
1,821,0
3,821,0
1,822,0
3,822,0
1,823,0
3,823,0
1,824,0
3,824,0
1,825,0
3,825,0
1,826,0
3,826,0
1,827,0
3,827,0
1,828,0
3,828,0
1,829,0
3,829,0
1,830,0
3,830,0
1,831,0
3,831,0
1,832,0
3,832,0
1,833,0
3,833,0
1,834,0
3,834,0
1,835,0
3,835,0
1,836,0
3,836,0
1,837,0
3,837,0
1,838,0
3,838,0
1,839,0
3,839,0
1,840,0
3,840,0
1,841,0
3,841,0
1,842,0
3,842,0
1,843,0
3,843,0
1,844,0
3,844,0
1,845,0
3,845,0
1,846,0
3,846,0
1,847,0
3,847,0
1,848,0
1,848,0
