2,2,0
2,2,0
2,3,0
4,3,0
2,4,0
6,4,0
2,5,0
8,5,0
2,6,0
10,6,0
2,7,0
12,7,0
2,8,0
14,8,0
2,9,0
16,9,0
2,10,0
18,10,0
2,11,0
20,11,0
2,12,0
22,12,0
2,13,0
24,13,0
2,14,0
26,14,0
2,15,0
28,15,0
2,16,0
30,16,0
2,17,0
32,17,0
2,18,0
34,18,0
2,19,0
36,19,0
2,20,0
38,20,0
2,21,0
40,21,0
2,22,0
42,22,0
2,23,0
44,23,0
2,24,0
46,24,0
2,25,0
48,25,0
2,26,0
50,26,0
2,27,0
52,27,0
2,28,0
54,28,0
2,29,0
56,29,0
2,30,0
58,30,0
2,31,0
60,31,0
2,32,0
62,32,0
2,33,0
64,33,0
2,34,0
66,34,0
2,35,0
68,35,0
2,36,0
70,36,0
2,37,0
72,37,0
2,38,0
74,38,0
2,39,0
76,39,0
2,40,0
78,40,0
2,41,0
80,41,0
2,42,0
82,42,0
2,43,0
84,43,0
2,44,0
86,44,0
2,45,0
88,45,0
2,46,0
90,46,0
2,47,0
92,47,0
2,48,0
94,48,0
2,49,0
96,49,0
2,50,0
98,50,0
2,51,0
100,51,0
2,52,0
102,52,0
2,53,0
104,53,0
2,54,0
106,54,0
2,55,0
108,55,0
2,56,0
110,56,0
2,57,0
112,57,0
2,58,0
114,58,0
2,59,0
116,59,0
2,60,0
118,60,0
2,61,0
120,61,0
2,62,0
122,62,0
2,63,0
124,63,0
2,64,0
126,64,0
2,65,0
128,65,0
2,66,0
130,66,0
2,67,0
132,67,0
2,68,0
134,68,0
2,69,0
136,69,0
2,70,0
138,70,0
2,71,0
140,71,0
2,72,0
142,72,0
2,73,0
144,73,0
2,74,0
146,74,0
2,75,0
148,75,0
2,76,0
150,76,0
2,77,0
152,77,0
2,78,0
154,78,0
2,79,0
156,79,0
2,80,0
158,80,0
2,81,0
160,81,0
2,82,0
162,82,0
2,83,0
164,83,0
2,84,0
166,84,0
2,85,0
168,85,0
2,86,0
170,86,0
2,87,0
172,87,0
2,88,0
174,88,0
2,89,0
176,89,0
2,90,0
178,90,0
2,91,0
180,91,0
2,92,0
182,92,0
2,93,0
184,93,0
2,94,0
186,94,0
2,95,0
188,95,0
2,96,0
190,96,0
2,97,0
192,97,0
2,98,0
194,98,0
2,99,0
196,99,0
2,100,0
198,100,0
2,101,0
200,101,0
2,102,0
202,102,0
2,103,0
204,103,0
2,104,0
206,104,0
2,105,0
208,105,0
2,106,0
210,106,0
2,107,0
212,107,0
2,108,0
214,108,0
2,109,0
216,109,0
2,110,0
218,110,0
2,111,0
220,111,0
2,112,0
222,112,0
2,113,0
224,113,0
2,114,0
226,114,0
2,115,0
228,115,0
2,116,0
230,116,0
2,117,0
232,117,0
2,118,0
234,118,0
2,119,0
236,119,0
2,120,0
232,120,0
2,121,0
232,121,0
2,122,0
230,122,0
2,123,0
230,123,0
2,124,0
230,124,0
2,125,0
230,125,0
2,126,0
230,126,0
2,127,0
230,127,0
2,128,0
230,128,0
2,129,0
230,129,0
2,130,0
230,130,0
2,131,0
228,131,0
2,132,0
228,132,0
2,133,0
222,133,0
2,134,0
220,134,0
2,135,0
220,135,0
2,136,0
218,136,0
2,137,0
214,137,0
2,138,0
214,138,0
2,139,0
210,139,0
2,140,0
210,140,0
2,141,0
210,141,0
2,142,0
210,142,0
2,143,0
202,143,0
2,144,0
202,144,0
2,145,0
192,145,0
2,146,0
190,146,0
2,147,0
190,147,0
2,148,0
186,148,0
2,149,0
184,149,0
2,150,0
180,150,0
2,151,0
178,151,0
2,152,0
176,152,0
2,153,0
170,153,0
2,154,0
170,154,0
2,155,0
170,155,0
2,156,0
170,156,0
2,157,0
170,157,0
2,158,0
168,158,0
2,159,0
168,159,0
2,160,0
166,160,0
2,161,0
166,161,0
2,162,0
164,162,0
2,163,0
164,163,0
2,164,0
162,164,0
2,165,0
160,165,0
2,166,0
160,166,0
2,167,0
158,167,0
2,168,0
156,168,0
2,169,0
152,169,0
2,170,0
150,170,0
2,171,0
150,171,0
2,172,0
150,172,0
2,173,0
150,173,0
2,174,0
150,174,0
2,175,0
150,175,0
2,176,0
150,176,0
2,177,0
140,177,0
2,178,0
138,178,0
2,179,0
136,179,0
2,180,0
130,180,0
2,181,0
128,181,0
2,182,0
128,182,0
2,183,0
126,183,0
2,184,0
118,184,0
2,185,0
118,185,0
2,186,0
118,186,0
2,187,0
118,187,0
2,188,0
118,188,0
2,189,0
118,189,0
2,190,0
118,190,0
2,191,0
118,191,0
2,192,0
118,192,0
2,193,0
118,193,0
2,194,0
118,194,0
2,195,0
118,195,0
2,196,0
118,196,0
2,197,0
116,197,0
2,198,0
116,198,0
2,199,0
116,199,0
2,200,0
114,200,0
2,201,0
114,201,0
2,202,0
110,202,0
2,203,0
110,203,0
2,204,0
110,204,0
2,205,0
108,205,0
2,206,0
108,206,0
2,207,0
106,207,0
2,208,0
104,208,0
2,209,0
102,209,0
2,210,0
102,210,0
2,211,0
102,211,0
2,212,0
102,212,0
2,213,0
102,213,0
2,214,0
102,214,0
2,215,0
102,215,0
2,216,0
102,216,0
2,217,0
102,217,0
2,218,0
100,218,0
2,219,0
98,219,0
2,220,0
98,220,0
2,221,0
98,221,0
2,222,0
98,222,0
2,223,0
98,223,0
2,224,0
96,224,0
2,225,0
96,225,0
2,226,0
94,226,0
2,227,0
94,227,0
2,228,0
92,228,0
2,229,0
92,229,0
2,230,0
92,230,0
2,231,0
92,231,0
2,232,0
92,232,0
2,233,0
92,233,0
2,234,0
92,234,0
2,235,0
92,235,0
2,236,0
88,236,0
2,237,0
88,237,0
2,238,0
88,238,0
2,239,0
86,239,0
2,240,0
86,240,0
2,241,0
86,241,0
2,242,0
86,242,0
2,243,0
86,243,0
2,244,0
84,244,0
2,245,0
84,245,0
2,246,0
82,246,0
2,247,0
82,247,0
2,248,0
82,248,0
2,249,0
82,249,0
2,250,0
82,250,0
2,251,0
80,251,0
2,252,0
80,252,0
2,253,0
78,253,0
2,254,0
78,254,0
2,255,0
78,255,0
2,256,0
78,256,0
2,257,0
78,257,0
2,258,0
78,258,0
2,259,0
76,259,0
2,260,0
76,260,0
2,261,0
76,261,0
2,262,0
76,262,0
2,263,0
76,263,0
2,264,0
76,264,0
2,265,0
76,265,0
2,266,0
76,266,0
2,267,0
76,267,0
2,268,0
76,268,0
2,269,0
76,269,0
2,270,0
74,270,0
2,271,0
74,271,0
2,272,0
74,272,0
2,273,0
72,273,0
2,274,0
72,274,0
2,275,0
72,275,0
2,276,0
70,276,0
2,277,0
70,277,0
2,278,0
68,278,0
2,279,0
68,279,0
2,280,0
68,280,0
2,281,0
68,281,0
2,282,0
68,282,0
2,283,0
68,283,0
2,284,0
68,284,0
2,285,0
68,285,0
2,286,0
68,286,0
2,287,0
68,287,0
2,288,0
68,288,0
2,289,0
68,289,0
2,290,0
68,290,0
2,291,0
66,291,0
2,292,0
66,292,0
2,293,0
66,293,0
2,294,0
64,294,0
2,295,0
64,295,0
2,296,0
64,296,0
2,297,0
64,297,0
2,298,0
64,298,0
2,299,0
64,299,0
2,300,0
64,300,0
2,301,0
64,301,0
2,302,0
64,302,0
2,303,0
64,303,0
2,304,0
64,304,0
2,305,0
64,305,0
2,306,0
64,306,0
2,307,0
64,307,0
2,308,0
64,308,0
2,309,0
62,309,0
2,310,0
62,310,0
2,311,0
62,311,0
2,312,0
62,312,0
2,313,0
62,313,0
2,314,0
62,314,0
2,315,0
62,315,0
2,316,0
62,316,0
2,317,0
62,317,0
2,318,0
62,318,0
2,319,0
62,319,0
2,320,0
62,320,0
2,321,0
60,321,0
2,322,0
60,322,0
2,323,0
60,323,0
2,324,0
60,324,0
2,325,0
60,325,0
2,326,0
60,326,0
2,327,0
60,327,0
2,328,0
60,328,0
2,329,0
60,329,0
2,330,0
60,330,0
2,331,0
60,331,0
2,332,0
60,332,0
2,333,0
60,333,0
2,334,0
60,334,0
2,335,0
60,335,0
2,336,0
60,336,0
2,337,0
60,337,0
2,338,0
60,338,0
2,339,0
60,339,0
2,340,0
60,340,0
2,341,0
60,341,0
2,342,0
58,342,0
2,343,0
58,343,0
2,344,0
56,344,0
2,345,0
56,345,0
2,346,0
56,346,0
2,347,0
56,347,0
2,348,0
56,348,0
2,349,0
56,349,0
2,350,0
56,350,0
2,351,0
56,351,0
2,352,0
56,352,0
2,353,0
56,353,0
2,354,0
56,354,0
2,355,0
56,355,0
2,356,0
54,356,0
2,357,0
52,357,0
2,358,0
52,358,0
2,359,0
52,359,0
2,360,0
52,360,0
2,361,0
52,361,0
2,362,0
52,362,0
2,363,0
50,363,0
2,364,0
50,364,0
2,365,0
50,365,0
2,366,0
50,366,0
2,367,0
50,367,0
2,368,0
50,368,0
2,369,0
50,369,0
2,370,0
50,370,0
2,371,0
50,371,0
2,372,0
50,372,0
2,373,0
50,373,0
2,374,0
50,374,0
2,375,0
50,375,0
2,376,0
50,376,0
2,377,0
50,377,0
2,378,0
46,378,0
2,379,0
46,379,0
2,380,0
46,380,0
2,381,0
46,381,0
2,382,0
46,382,0
2,383,0
46,383,0
2,384,0
46,384,0
2,385,0
46,385,0
2,386,0
46,386,0
2,387,0
46,387,0
2,388,0
46,388,0
2,389,0
46,389,0
2,390,0
46,390,0
2,391,0
46,391,0
2,392,0
46,392,0
2,393,0
46,393,0
2,394,0
46,394,0
2,395,0
46,395,0
2,396,0
46,396,0
2,397,0
46,397,0
2,398,0
46,398,0
2,399,0
46,399,0
2,400,0
44,400,0
2,401,0
44,401,0
2,402,0
44,402,0
2,403,0
44,403,0
2,404,0
44,404,0
2,405,0
44,405,0
2,406,0
44,406,0
2,407,0
44,407,0
2,408,0
44,408,0
2,409,0
44,409,0
2,410,0
44,410,0
2,411,0
44,411,0
2,412,0
44,412,0
2,413,0
44,413,0
2,414,0
44,414,0
2,415,0
44,415,0
2,416,0
44,416,0
2,417,0
44,417,0
2,418,0
44,418,0
2,419,0
44,419,0
2,420,0
42,420,0
2,421,0
42,421,0
2,422,0
42,422,0
2,423,0
42,423,0
2,424,0
42,424,0
2,425,0
42,425,0
2,426,0
42,426,0
2,427,0
42,427,0
2,428,0
42,428,0
2,429,0
42,429,0
2,430,0
42,430,0
2,431,0
42,431,0
2,432,0
42,432,0
2,433,0
42,433,0
2,434,0
42,434,0
2,435,0
42,435,0
2,436,0
42,436,0
2,437,0
42,437,0
2,438,0
38,438,0
2,439,0
38,439,0
2,440,0
36,440,0
2,441,0
36,441,0
2,442,0
36,442,0
2,443,0
36,443,0
2,444,0
36,444,0
2,445,0
36,445,0
2,446,0
36,446,0
2,447,0
36,447,0
2,448,0
36,448,0
2,449,0
36,449,0
2,450,0
36,450,0
2,451,0
34,451,0
2,452,0
34,452,0
2,453,0
34,453,0
2,454,0
34,454,0
2,455,0
34,455,0
2,456,0
32,456,0
2,457,0
32,457,0
2,458,0
32,458,0
2,459,0
30,459,0
2,460,0
30,460,0
2,461,0
30,461,0
2,462,0
30,462,0
2,463,0
30,463,0
2,464,0
30,464,0
2,465,0
30,465,0
2,466,0
30,466,0
2,467,0
30,467,0
2,468,0
30,468,0
2,469,0
30,469,0
2,470,0
30,470,0
2,471,0
28,471,0
2,472,0
28,472,0
2,473,0
26,473,0
2,474,0
26,474,0
2,475,0
26,475,0
2,476,0
26,476,0
2,477,0
26,477,0
2,478,0
26,478,0
2,479,0
26,479,0
2,480,0
26,480,0
2,481,0
26,481,0
2,482,0
26,482,0
2,483,0
26,483,0
2,484,0
26,484,0
2,485,0
26,485,0
2,486,0
26,486,0
2,487,0
26,487,0
2,488,0
26,488,0
2,489,0
26,489,0
2,490,0
26,490,0
2,491,0
26,491,0
2,492,0
26,492,0
2,493,0
26,493,0
2,494,0
26,494,0
2,495,0
26,495,0
2,496,0
26,496,0
2,497,0
26,497,0
2,498,0
26,498,0
2,499,0
26,499,0
2,500,0
26,500,0
2,501,0
26,501,0
2,502,0
26,502,0
2,503,0
26,503,0
2,504,0
26,504,0
2,505,0
26,505,0
2,506,0
26,506,0
2,507,0
26,507,0
2,508,0
26,508,0
2,509,0
26,509,0
2,510,0
26,510,0
2,511,0
26,511,0
2,512,0
26,512,0
2,513,0
26,513,0
2,514,0
24,514,0
2,515,0
24,515,0
2,516,0
24,516,0
2,517,0
24,517,0
2,518,0
22,518,0
2,519,0
22,519,0
2,520,0
22,520,0
2,521,0
22,521,0
2,522,0
22,522,0
2,523,0
22,523,0
2,524,0
22,524,0
2,525,0
22,525,0
2,526,0
22,526,0
2,527,0
22,527,0
2,528,0
22,528,0
2,529,0
22,529,0
2,530,0
22,530,0
2,531,0
22,531,0
2,532,0
22,532,0
2,533,0
22,533,0
2,534,0
22,534,0
2,535,0
22,535,0
2,536,0
22,536,0
2,537,0
22,537,0
2,538,0
22,538,0
2,539,0
22,539,0
2,540,0
22,540,0
2,541,0
22,541,0
2,542,0
22,542,0
2,543,0
22,543,0
2,544,0
22,544,0
2,545,0
22,545,0
2,546,0
22,546,0
2,547,0
22,547,0
2,548,0
22,548,0
2,549,0
22,549,0
2,550,0
22,550,0
2,551,0
22,551,0
2,552,0
22,552,0
2,553,0
22,553,0
2,554,0
22,554,0
2,555,0
22,555,0
2,556,0
22,556,0
2,557,0
22,557,0
2,558,0
22,558,0
2,559,0
22,559,0
2,560,0
22,560,0
2,561,0
22,561,0
2,562,0
22,562,0
2,563,0
22,563,0
2,564,0
22,564,0
2,565,0
22,565,0
2,566,0
22,566,0
2,567,0
20,567,0
2,568,0
20,568,0
2,569,0
20,569,0
2,570,0
20,570,0
2,571,0
20,571,0
2,572,0
20,572,0
2,573,0
20,573,0
2,574,0
20,574,0
2,575,0
20,575,0
2,576,0
20,576,0
2,577,0
20,577,0
2,578,0
20,578,0
2,579,0
20,579,0
2,580,0
20,580,0
2,581,0
20,581,0
2,582,0
20,582,0
2,583,0
20,583,0
2,584,0
20,584,0
2,585,0
20,585,0
2,586,0
20,586,0
2,587,0
20,587,0
2,588,0
20,588,0
2,589,0
20,589,0
2,590,0
20,590,0
2,591,0
20,591,0
2,592,0
20,592,0
2,593,0
20,593,0
2,594,0
18,594,0
2,595,0
18,595,0
2,596,0
18,596,0
2,597,0
18,597,0
2,598,0
18,598,0
2,599,0
18,599,0
2,600,0
18,600,0
2,601,0
18,601,0
2,602,0
18,602,0
2,603,0
18,603,0
2,604,0
18,604,0
2,605,0
18,605,0
2,606,0
18,606,0
2,607,0
18,607,0
2,608,0
18,608,0
2,609,0
18,609,0
2,610,0
18,610,0
2,611,0
18,611,0
2,612,0
18,612,0
2,613,0
18,613,0
2,614,0
18,614,0
2,615,0
18,615,0
2,616,0
18,616,0
2,617,0
18,617,0
2,618,0
18,618,0
2,619,0
18,619,0
2,620,0
18,620,0
2,621,0
18,621,0
2,622,0
18,622,0
2,623,0
18,623,0
2,624,0
18,624,0
2,625,0
18,625,0
2,626,0
18,626,0
2,627,0
18,627,0
2,628,0
18,628,0
2,629,0
18,629,0
2,630,0
18,630,0
2,631,0
18,631,0
2,632,0
18,632,0
2,633,0
18,633,0
2,634,0
18,634,0
2,635,0
18,635,0
2,636,0
18,636,0
2,637,0
18,637,0
2,638,0
18,638,0
2,639,0
18,639,0
2,640,0
18,640,0
2,641,0
18,641,0
2,642,0
18,642,0
2,643,0
18,643,0
2,644,0
18,644,0
2,645,0
18,645,0
2,646,0
18,646,0
2,647,0
18,647,0
2,648,0
16,648,0
2,649,0
16,649,0
2,650,0
16,650,0
2,651,0
16,651,0
2,652,0
16,652,0
2,653,0
16,653,0
2,654,0
16,654,0
2,655,0
14,655,0
2,656,0
14,656,0
2,657,0
14,657,0
2,658,0
14,658,0
2,659,0
14,659,0
2,660,0
14,660,0
2,661,0
14,661,0
2,662,0
14,662,0
2,663,0
14,663,0
2,664,0
14,664,0
2,665,0
14,665,0
2,666,0
14,666,0
2,667,0
14,667,0
2,668,0
14,668,0
2,669,0
14,669,0
2,670,0
14,670,0
2,671,0
14,671,0
2,672,0
14,672,0
2,673,0
14,673,0
2,674,0
14,674,0
2,675,0
12,675,0
2,676,0
12,676,0
2,677,0
12,677,0
2,678,0
12,678,0
2,679,0
12,679,0
2,680,0
12,680,0
2,681,0
12,681,0
2,682,0
12,682,0
2,683,0
12,683,0
2,684,0
12,684,0
2,685,0
12,685,0
2,686,0
12,686,0
2,687,0
12,687,0
2,688,0
12,688,0
2,689,0
12,689,0
2,690,0
12,690,0
2,691,0
12,691,0
2,692,0
12,692,0
2,693,0
12,693,0
2,694,0
12,694,0
2,695,0
12,695,0
2,696,0
12,696,0
2,697,0
12,697,0
2,698,0
12,698,0
2,699,0
12,699,0
2,700,0
12,700,0
2,701,0
12,701,0
2,702,0
12,702,0
2,703,0
12,703,0
2,704,0
12,704,0
2,705,0
12,705,0
2,706,0
12,706,0
2,707,0
12,707,0
2,708,0
12,708,0
2,709,0
12,709,0
2,710,0
12,710,0
2,711,0
12,711,0
2,712,0
12,712,0
2,713,0
12,713,0
2,714,0
12,714,0
2,715,0
12,715,0
2,716,0
12,716,0
2,717,0
12,717,0
2,718,0
12,718,0
2,719,0
12,719,0
2,720,0
12,720,0
2,721,0
12,721,0
2,722,0
12,722,0
2,723,0
12,723,0
2,724,0
12,724,0
2,725,0
12,725,0
2,726,0
12,726,0
2,727,0
12,727,0
2,728,0
12,728,0
2,729,0
12,729,0
2,730,0
12,730,0
2,731,0
12,731,0
2,732,0
12,732,0
2,733,0
12,733,0
2,734,0
12,734,0
2,735,0
12,735,0
2,736,0
12,736,0
2,737,0
12,737,0
2,738,0
12,738,0
2,739,0
12,739,0
2,740,0
12,740,0
2,741,0
12,741,0
2,742,0
12,742,0
2,743,0
12,743,0
2,744,0
12,744,0
2,745,0
12,745,0
2,746,0
12,746,0
2,747,0
12,747,0
2,748,0
12,748,0
2,749,0
12,749,0
2,750,0
12,750,0
2,751,0
12,751,0
2,752,0
12,752,0
2,753,0
12,753,0
2,754,0
12,754,0
2,755,0
12,755,0
2,756,0
12,756,0
2,757,0
12,757,0
2,758,0
12,758,0
2,759,0
12,759,0
2,760,0
12,760,0
2,761,0
12,761,0
2,762,0
12,762,0
2,763,0
12,763,0
2,764,0
12,764,0
2,765,0
12,765,0
2,766,0
12,766,0
2,767,0
12,767,0
2,768,0
12,768,0
2,769,0
12,769,0
2,770,0
12,770,0
2,771,0
12,771,0
2,772,0
12,772,0
2,773,0
12,773,0
2,774,0
12,774,0
2,775,0
12,775,0
2,776,0
12,776,0
2,777,0
12,777,0
2,778,0
12,778,0
2,779,0
12,779,0
2,780,0
12,780,0
2,781,0
12,781,0
2,782,0
12,782,0
2,783,0
12,783,0
2,784,0
12,784,0
2,785,0
12,785,0
2,786,0
12,786,0
2,787,0
12,787,0
2,788,0
12,788,0
2,789,0
12,789,0
2,790,0
12,790,0
2,791,0
12,791,0
2,792,0
12,792,0
2,793,0
12,793,0
2,794,0
12,794,0
2,795,0
12,795,0
2,796,0
12,796,0
2,797,0
12,797,0
2,798,0
10,798,0
2,799,0
10,799,0
2,800,0
10,800,0
2,801,0
10,801,0
2,802,0
10,802,0
2,803,0
10,803,0
2,804,0
10,804,0
2,805,0
10,805,0
2,806,0
10,806,0
2,807,0
10,807,0
2,808,0
10,808,0
2,809,0
10,809,0
2,810,0
10,810,0
2,811,0
10,811,0
2,812,0
10,812,0
2,813,0
10,813,0
2,814,0
10,814,0
2,815,0
10,815,0
2,816,0
10,816,0
2,817,0
10,817,0
2,818,0
10,818,0
2,819,0
10,819,0
2,820,0
10,820,0
2,821,0
10,821,0
2,822,0
10,822,0
2,823,0
10,823,0
2,824,0
10,824,0
2,825,0
10,825,0
2,826,0
10,826,0
2,827,0
10,827,0
2,828,0
10,828,0
2,829,0
10,829,0
2,830,0
10,830,0
2,831,0
10,831,0
2,832,0
10,832,0
2,833,0
10,833,0
2,834,0
10,834,0
2,835,0
10,835,0
2,836,0
10,836,0
2,837,0
10,837,0
2,838,0
10,838,0
2,839,0
10,839,0
2,840,0
10,840,0
2,841,0
10,841,0
2,842,0
10,842,0
2,843,0
10,843,0
2,844,0
10,844,0
2,845,0
10,845,0
2,846,0
10,846,0
2,847,0
8,847,0
2,848,0
8,848,0
2,849,0
8,849,0
2,850,0
8,850,0
2,851,0
8,851,0
2,852,0
8,852,0
2,853,0
8,853,0
2,854,0
8,854,0
2,855,0
8,855,0
2,856,0
8,856,0
2,857,0
8,857,0
2,858,0
8,858,0
2,859,0
8,859,0
2,860,0
8,860,0
2,861,0
8,861,0
2,862,0
8,862,0
2,863,0
8,863,0
2,864,0
8,864,0
2,865,0
6,865,0
2,866,0
6,866,0
2,867,0
6,867,0
2,868,0
6,868,0
2,869,0
6,869,0
2,870,0
6,870,0
2,871,0
6,871,0
2,872,0
6,872,0
2,873,0
6,873,0
2,874,0
6,874,0
2,875,0
4,875,0
2,876,0
4,876,0
2,877,0
4,877,0
2,878,0
4,878,0
2,879,0
4,879,0
2,880,0
4,880,0
2,881,0
4,881,0
2,882,0
4,882,0
2,883,0
4,883,0
2,884,0
4,884,0
2,885,0
4,885,0
2,886,0
4,886,0
2,887,0
4,887,0
2,888,0
4,888,0
2,889,0
4,889,0
2,890,0
4,890,0
2,891,0
4,891,0
2,892,0
4,892,0
2,893,0
4,893,0
2,894,0
4,894,0
2,895,0
4,895,0
2,896,0
4,896,0
2,897,0
4,897,0
2,898,0
4,898,0
2,899,0
4,899,0
2,900,0
4,900,0
2,901,0
4,901,0
2,902,0
4,902,0
2,903,0
4,903,0
2,904,0
4,904,0
2,905,0
4,905,0
2,906,0
4,906,0
2,907,0
4,907,0
2,908,0
4,908,0
2,909,0
4,909,0
2,910,0
4,910,0
2,911,0
4,911,0
2,912,0
4,912,0
2,913,0
4,913,0
2,914,0
4,914,0
2,915,0
4,915,0
2,916,0
4,916,0
2,917,0
4,917,0
2,918,0
4,918,0
2,919,0
4,919,0
2,920,0
4,920,0
2,921,0
4,921,0
2,922,0
4,922,0
2,923,0
4,923,0
2,924,0
4,924,0
2,925,0
4,925,0
2,926,0
4,926,0
2,927,0
4,927,0
2,928,0
4,928,0
2,929,0
4,929,0
2,930,0
4,930,0
2,931,0
4,931,0
2,932,0
4,932,0
2,933,0
4,933,0
2,934,0
4,934,0
2,935,0
4,935,0
2,936,0
4,936,0
2,937,0
4,937,0
2,938,0
4,938,0
2,939,0
4,939,0
2,940,0
4,940,0
2,941,0
4,941,0
2,942,0
4,942,0
2,943,0
4,943,0
2,944,0
4,944,0
2,945,0
4,945,0
2,946,0
4,946,0
2,947,0
4,947,0
2,948,0
4,948,0
2,949,0
4,949,0
2,950,0
4,950,0
2,951,0
4,951,0
2,952,0
4,952,0
2,953,0
4,953,0
2,954,0
4,954,0
2,955,0
4,955,0
2,956,0
4,956,0
2,957,0
4,957,0
2,958,0
4,958,0
2,959,0
4,959,0
2,960,0
4,960,0
2,961,0
4,961,0
2,962,0
4,962,0
2,963,0
4,963,0
2,964,0
4,964,0
2,965,0
4,965,0
2,966,0
2,966,0
2,967,0
2,967,0
2,968,0
2,968,0
2,969,0
2,969,0
2,970,0
2,970,0
2,971,0
2,971,0
2,972,0
2,972,0
2,973,0
2,973,0
2,974,0
2,974,0
2,975,0
2,975,0
2,976,0
2,976,0
2,977,0
2,977,0
2,978,0
2,978,0
2,979,0
2,979,0
2,980,0
2,980,0
2,981,0
2,981,0
2,982,0
2,982,0
2,983,0
2,983,0
2,984,0
2,984,0
2,985,0
2,985,0
2,986,0
2,986,0
2,987,0
2,987,0
2,988,0
2,988,0
2,989,0
2,989,0
2,990,0
2,990,0
2,991,0
2,991,0
2,992,0
2,992,0
2,993,0
2,993,0
2,994,0
2,994,0
2,995,0
2,995,0
2,996,0
2,996,0
2,997,0
2,997,0
2,998,0
2,998,0
2,999,0
2,999,0
2,1000,0
2,1000,0
2,1001,0
2,1001,0
2,1002,0
2,1002,0
2,1003,0
2,1003,0
2,1004,0
2,1004,0
2,1005,0
2,1005,0
2,1006,0
2,1006,0
2,1007,0
2,1007,0
2,1008,0
2,1008,0
2,1009,0
2,1009,0
2,1010,0
2,1010,0
2,1011,0
2,1011,0
2,1012,0
2,1012,0
2,1013,0
2,1013,0
2,1014,0
2,1014,0
2,1015,0
2,1015,0
2,1016,0
2,1016,0
2,1017,0
2,1017,0
2,1018,0
2,1018,0
2,1019,0
2,1019,0
2,1020,0
2,1020,0
2,1021,0
2,1021,0
2,1022,0
2,1022,0
2,1023,0
2,1023,0
2,1024,0
2,1024,0
2,1025,0
2,1025,0
2,1026,0
2,1026,0
2,1027,0
2,1027,0
2,1028,0
2,1028,0
2,1029,0
2,1029,0
2,1030,0
2,1030,0
2,1031,0
2,1031,0
2,1032,0
2,1032,0
2,1033,0
2,1033,0
2,1034,0
2,1034,0
2,1035,0
2,1035,0
2,1036,0
2,1036,0
2,1037,0
2,1037,0
2,1038,0
2,1038,0
2,1039,0
2,1039,0
2,1040,0
2,1040,0
2,1041,0
2,1041,0
2,1042,0
2,1042,0
2,1043,0
2,1043,0
2,1044,0
2,1044,0
2,1045,0
2,1045,0
2,1046,0
2,1046,0
2,1047,0
2,1047,0
2,1048,0
2,1048,0
2,1049,0
2,1049,0
2,1050,0
2,1050,0
2,1051,0
2,1051,0
2,1052,0
2,1052,0
2,1053,0
2,1053,0
2,1054,0
2,1054,0
2,1055,0
2,1055,0
2,1056,0
2,1056,0
2,1057,0
2,1057,0
2,1058,0
2,1058,0
2,1059,0
2,1059,0
2,1060,0
2,1060,0
2,1061,0
2,1061,0
2,1062,0
2,1062,0
2,1063,0
2,1063,0
2,1064,0
2,1064,0
2,1065,0
2,1065,0
2,1066,0
2,1066,0
2,1067,0
2,1067,0
2,1068,0
2,1068,0
2,1069,0
2,1069,0
2,1070,0
2,1070,0
2,1071,0
2,1071,0
2,1072,0
2,1072,0
2,1073,0
2,1073,0
2,1074,0
2,1074,0
2,1075,0
2,1075,0
2,1076,0
2,1076,0
2,1077,0
2,1077,0
2,1078,0
2,1078,0
2,1079,0
2,1079,0
2,1080,0
2,1080,0
2,1081,0
2,1081,0
2,1082,0
2,1082,0
2,1083,0
2,1083,0
2,1084,0
2,1084,0
2,1085,0
2,1085,0
2,1086,0
2,1086,0
2,1087,0
2,1087,0
2,1088,0
2,1088,0
2,1089,0
2,1089,0
2,1090,0
2,1090,0
2,1091,0
2,1091,0
2,1092,0
2,1092,0
2,1093,0
2,1093,0
2,1094,0
2,1094,0
2,1095,0
2,1095,0
2,1096,0
2,1096,0
2,1097,0
2,1097,0
2,1098,0
2,1098,0
2,1099,0
2,1099,0
2,1100,0
2,1100,0
2,1101,0
2,1101,0
2,1102,0
2,1102,0
2,1103,0
2,1103,0
2,1104,0
2,1104,0
2,1105,0
2,1105,0
2,1106,0
2,1106,0
2,1107,0
2,1107,0
2,1108,0
2,1108,0
2,1109,0
2,1109,0
2,1110,0
2,1110,0
2,1111,0
2,1111,0
2,1112,0
2,1112,0
2,1113,0
2,1113,0
2,1114,0
2,1114,0
2,1115,0
2,1115,0
2,1116,0
2,1116,0
2,1117,0
2,1117,0
2,1118,0
2,1118,0
2,1119,0
2,1119,0
2,1120,0
2,1120,0
2,1121,0
2,1121,0
2,1122,0
2,1122,0
2,1123,0
2,1123,0
2,1124,0
2,1124,0
2,1125,0
2,1125,0
2,1126,0
2,1126,0
