1,1,0
1,1,0
1,2,0
2,2,0
1,3,0
3,3,0
1,4,0
4,4,0
1,5,0
5,5,0
1,6,0
6,6,0
1,7,0
7,7,0
1,8,0
8,8,0
1,9,0
9,9,0
1,10,0
10,10,0
1,11,0
11,11,0
1,12,0
12,12,0
1,13,0
13,13,0
1,14,0
14,14,0
1,15,0
15,15,0
1,16,0
16,16,0
1,17,0
17,17,0
1,18,0
18,18,0
1,19,0
19,19,0
1,20,0
20,20,0
1,21,0
21,21,0
1,22,0
22,22,0
1,23,0
23,23,0
1,24,0
24,24,0
1,25,0
25,25,0
1,26,0
26,26,0
1,27,0
27,27,0
1,28,0
28,28,0
1,29,0
29,29,0
1,30,0
30,30,0
1,31,0
31,31,0
1,32,0
32,32,0
1,33,0
33,33,0
1,34,0
34,34,0
1,35,0
35,35,0
1,36,0
36,36,0
1,37,0
37,37,0
1,38,0
38,38,0
1,39,0
39,39,0
1,40,0
40,40,0
1,41,0
41,41,0
1,42,0
42,42,0
1,43,0
43,43,0
1,44,0
44,44,0
1,45,0
45,45,0
1,46,0
46,46,0
1,47,0
47,47,0
1,48,0
48,48,0
1,49,0
49,49,0
1,50,0
50,50,0
1,51,0
51,51,0
1,52,0
52,52,0
1,53,0
53,53,0
1,54,0
54,54,0
1,55,0
55,55,0
1,56,0
56,56,0
1,57,0
57,57,0
1,58,0
58,58,0
1,59,0
59,59,0
1,60,0
60,60,0
1,61,0
61,61,0
1,62,0
62,62,0
1,63,0
63,63,0
1,64,0
64,64,0
1,65,0
65,65,0
1,66,0
66,66,0
1,67,0
67,67,0
1,68,0
68,68,0
1,69,0
69,69,0
1,70,0
70,70,0
1,71,0
71,71,0
1,72,0
72,72,0
1,73,0
73,73,0
1,74,0
74,74,0
1,75,0
75,75,0
1,76,0
76,76,0
1,77,0
77,77,0
1,78,0
78,78,0
1,79,0
79,79,0
1,80,0
80,80,0
1,81,0
81,81,0
1,82,0
82,82,0
1,83,0
83,83,0
1,84,0
84,84,0
1,85,0
85,85,0
1,86,0
86,86,0
1,87,0
87,87,0
1,88,0
88,88,0
1,89,0
89,89,0
1,90,0
90,90,0
1,91,0
91,91,0
1,92,0
92,92,0
1,93,0
93,93,0
1,94,0
94,94,0
1,95,0
95,95,0
1,96,0
96,96,0
1,97,0
97,97,0
1,98,0
98,98,0
1,99,0
99,99,0
1,100,0
100,100,0
1,101,0
101,101,0
1,102,0
102,102,0
1,103,0
103,103,0
1,104,0
104,104,0
1,105,0
105,105,0
1,106,0
106,106,0
1,107,0
107,107,0
1,108,0
108,108,0
1,109,0
109,109,0
1,110,0
110,110,0
1,111,0
111,111,0
1,112,0
112,112,0
1,113,0
113,113,0
1,114,0
114,114,0
1,115,0
115,115,0
1,116,0
116,116,0
1,117,0
117,117,0
1,118,0
118,118,0
1,119,0
119,119,0
1,120,0
117,120,0
1,121,0
117,121,0
1,122,0
116,122,0
1,123,0
116,123,0
1,124,0
116,124,0
1,125,0
116,125,0
1,126,0
116,126,0
1,127,0
116,127,0
1,128,0
116,128,0
1,129,0
116,129,0
1,130,0
116,130,0
1,131,0
115,131,0
1,132,0
115,132,0
1,133,0
112,133,0
1,134,0
111,134,0
1,135,0
111,135,0
1,136,0
110,136,0
1,137,0
108,137,0
1,138,0
108,138,0
1,139,0
106,139,0
1,140,0
106,140,0
1,141,0
106,141,0
1,142,0
106,142,0
1,143,0
102,143,0
1,144,0
102,144,0
1,145,0
97,145,0
1,146,0
96,146,0
1,147,0
96,147,0
1,148,0
94,148,0
1,149,0
93,149,0
1,150,0
91,150,0
1,151,0
90,151,0
1,152,0
89,152,0
1,153,0
86,153,0
1,154,0
86,154,0
1,155,0
86,155,0
1,156,0
86,156,0
1,157,0
86,157,0
1,158,0
85,158,0
1,159,0
85,159,0
1,160,0
84,160,0
1,161,0
84,161,0
1,162,0
83,162,0
1,163,0
83,163,0
1,164,0
82,164,0
1,165,0
81,165,0
1,166,0
81,166,0
1,167,0
80,167,0
1,168,0
79,168,0
1,169,0
77,169,0
1,170,0
76,170,0
1,171,0
76,171,0
1,172,0
76,172,0
1,173,0
76,173,0
1,174,0
76,174,0
1,175,0
76,175,0
1,176,0
76,176,0
1,177,0
71,177,0
1,178,0
70,178,0
1,179,0
69,179,0
1,180,0
66,180,0
1,181,0
65,181,0
1,182,0
65,182,0
1,183,0
64,183,0
1,184,0
60,184,0
1,185,0
60,185,0
1,186,0
60,186,0
1,187,0
60,187,0
1,188,0
60,188,0
1,189,0
60,189,0
1,190,0
60,190,0
1,191,0
60,191,0
1,192,0
60,192,0
1,193,0
60,193,0
1,194,0
60,194,0
1,195,0
60,195,0
1,196,0
60,196,0
1,197,0
59,197,0
1,198,0
59,198,0
1,199,0
59,199,0
1,200,0
58,200,0
1,201,0
58,201,0
1,202,0
56,202,0
1,203,0
56,203,0
1,204,0
56,204,0
1,205,0
55,205,0
1,206,0
55,206,0
1,207,0
54,207,0
1,208,0
53,208,0
1,209,0
52,209,0
1,210,0
52,210,0
1,211,0
52,211,0
1,212,0
52,212,0
1,213,0
52,213,0
1,214,0
52,214,0
1,215,0
52,215,0
1,216,0
52,216,0
1,217,0
52,217,0
1,218,0
51,218,0
1,219,0
50,219,0
1,220,0
50,220,0
1,221,0
50,221,0
1,222,0
50,222,0
1,223,0
50,223,0
1,224,0
49,224,0
1,225,0
49,225,0
1,226,0
48,226,0
1,227,0
48,227,0
1,228,0
47,228,0
1,229,0
47,229,0
1,230,0
47,230,0
1,231,0
47,231,0
1,232,0
47,232,0
1,233,0
47,233,0
1,234,0
47,234,0
1,235,0
47,235,0
1,236,0
45,236,0
1,237,0
45,237,0
1,238,0
45,238,0
1,239,0
44,239,0
1,240,0
44,240,0
1,241,0
44,241,0
1,242,0
44,242,0
1,243,0
44,243,0
1,244,0
43,244,0
1,245,0
43,245,0
1,246,0
42,246,0
1,247,0
42,247,0
1,248,0
42,248,0
1,249,0
42,249,0
1,250,0
42,250,0
1,251,0
41,251,0
1,252,0
41,252,0
1,253,0
40,253,0
1,254,0
40,254,0
1,255,0
40,255,0
1,256,0
40,256,0
1,257,0
40,257,0
1,258,0
40,258,0
1,259,0
39,259,0
1,260,0
39,260,0
1,261,0
39,261,0
1,262,0
39,262,0
1,263,0
39,263,0
1,264,0
39,264,0
1,265,0
39,265,0
1,266,0
39,266,0
1,267,0
39,267,0
1,268,0
39,268,0
1,269,0
39,269,0
1,270,0
38,270,0
1,271,0
38,271,0
1,272,0
38,272,0
1,273,0
37,273,0
1,274,0
37,274,0
1,275,0
37,275,0
1,276,0
36,276,0
1,277,0
36,277,0
1,278,0
35,278,0
1,279,0
35,279,0
1,280,0
35,280,0
1,281,0
35,281,0
1,282,0
35,282,0
1,283,0
35,283,0
1,284,0
35,284,0
1,285,0
35,285,0
1,286,0
35,286,0
1,287,0
35,287,0
1,288,0
35,288,0
1,289,0
35,289,0
1,290,0
35,290,0
1,291,0
34,291,0
1,292,0
34,292,0
1,293,0
34,293,0
1,294,0
33,294,0
1,295,0
33,295,0
1,296,0
33,296,0
1,297,0
33,297,0
1,298,0
33,298,0
1,299,0
33,299,0
1,300,0
33,300,0
1,301,0
33,301,0
1,302,0
33,302,0
1,303,0
33,303,0
1,304,0
33,304,0
1,305,0
33,305,0
1,306,0
33,306,0
1,307,0
33,307,0
1,308,0
33,308,0
1,309,0
32,309,0
1,310,0
32,310,0
1,311,0
32,311,0
1,312,0
32,312,0
1,313,0
32,313,0
1,314,0
32,314,0
1,315,0
32,315,0
1,316,0
32,316,0
1,317,0
32,317,0
1,318,0
32,318,0
1,319,0
32,319,0
1,320,0
32,320,0
1,321,0
31,321,0
1,322,0
31,322,0
1,323,0
31,323,0
1,324,0
31,324,0
1,325,0
31,325,0
1,326,0
31,326,0
1,327,0
31,327,0
1,328,0
31,328,0
1,329,0
31,329,0
1,330,0
31,330,0
1,331,0
31,331,0
1,332,0
31,332,0
1,333,0
31,333,0
1,334,0
31,334,0
1,335,0
31,335,0
1,336,0
31,336,0
1,337,0
31,337,0
1,338,0
31,338,0
1,339,0
31,339,0
1,340,0
31,340,0
1,341,0
31,341,0
1,342,0
30,342,0
1,343,0
30,343,0
1,344,0
29,344,0
1,345,0
29,345,0
1,346,0
29,346,0
1,347,0
29,347,0
1,348,0
29,348,0
1,349,0
29,349,0
1,350,0
29,350,0
1,351,0
29,351,0
1,352,0
29,352,0
1,353,0
29,353,0
1,354,0
29,354,0
1,355,0
29,355,0
1,356,0
28,356,0
1,357,0
27,357,0
1,358,0
27,358,0
1,359,0
27,359,0
1,360,0
27,360,0
1,361,0
27,361,0
1,362,0
27,362,0
1,363,0
26,363,0
1,364,0
26,364,0
1,365,0
26,365,0
1,366,0
26,366,0
1,367,0
26,367,0
1,368,0
26,368,0
1,369,0
26,369,0
1,370,0
26,370,0
1,371,0
26,371,0
1,372,0
26,372,0
1,373,0
26,373,0
1,374,0
26,374,0
1,375,0
26,375,0
1,376,0
26,376,0
1,377,0
26,377,0
1,378,0
24,378,0
1,379,0
24,379,0
1,380,0
24,380,0
1,381,0
24,381,0
1,382,0
24,382,0
1,383,0
24,383,0
1,384,0
24,384,0
1,385,0
24,385,0
1,386,0
24,386,0
1,387,0
24,387,0
1,388,0
24,388,0
1,389,0
24,389,0
1,390,0
24,390,0
1,391,0
24,391,0
1,392,0
24,392,0
1,393,0
24,393,0
1,394,0
24,394,0
1,395,0
24,395,0
1,396,0
24,396,0
1,397,0
24,397,0
1,398,0
24,398,0
1,399,0
24,399,0
1,400,0
23,400,0
1,401,0
23,401,0
1,402,0
23,402,0
1,403,0
23,403,0
1,404,0
23,404,0
1,405,0
23,405,0
1,406,0
23,406,0
1,407,0
23,407,0
1,408,0
23,408,0
1,409,0
23,409,0
1,410,0
23,410,0
1,411,0
23,411,0
1,412,0
23,412,0
1,413,0
23,413,0
1,414,0
23,414,0
1,415,0
23,415,0
1,416,0
23,416,0
1,417,0
23,417,0
1,418,0
23,418,0
1,419,0
23,419,0
1,420,0
22,420,0
1,421,0
22,421,0
1,422,0
22,422,0
1,423,0
22,423,0
1,424,0
22,424,0
1,425,0
22,425,0
1,426,0
22,426,0
1,427,0
22,427,0
1,428,0
22,428,0
1,429,0
22,429,0
1,430,0
22,430,0
1,431,0
22,431,0
1,432,0
22,432,0
1,433,0
22,433,0
1,434,0
22,434,0
1,435,0
22,435,0
1,436,0
22,436,0
1,437,0
22,437,0
1,438,0
20,438,0
1,439,0
20,439,0
1,440,0
19,440,0
1,441,0
19,441,0
1,442,0
19,442,0
1,443,0
19,443,0
1,444,0
19,444,0
1,445,0
19,445,0
1,446,0
19,446,0
1,447,0
19,447,0
1,448,0
19,448,0
1,449,0
19,449,0
1,450,0
19,450,0
1,451,0
18,451,0
1,452,0
18,452,0
1,453,0
18,453,0
1,454,0
18,454,0
1,455,0
18,455,0
1,456,0
17,456,0
1,457,0
17,457,0
1,458,0
17,458,0
1,459,0
16,459,0
1,460,0
16,460,0
1,461,0
16,461,0
1,462,0
16,462,0
1,463,0
16,463,0
1,464,0
16,464,0
1,465,0
16,465,0
1,466,0
16,466,0
1,467,0
16,467,0
1,468,0
16,468,0
1,469,0
16,469,0
1,470,0
16,470,0
1,471,0
15,471,0
1,472,0
15,472,0
1,473,0
14,473,0
1,474,0
14,474,0
1,475,0
14,475,0
1,476,0
14,476,0
1,477,0
14,477,0
1,478,0
14,478,0
1,479,0
14,479,0
1,480,0
14,480,0
1,481,0
14,481,0
1,482,0
14,482,0
1,483,0
14,483,0
1,484,0
14,484,0
1,485,0
14,485,0
1,486,0
14,486,0
1,487,0
14,487,0
1,488,0
14,488,0
1,489,0
14,489,0
1,490,0
14,490,0
1,491,0
14,491,0
1,492,0
14,492,0
1,493,0
14,493,0
1,494,0
14,494,0
1,495,0
14,495,0
1,496,0
14,496,0
1,497,0
14,497,0
1,498,0
14,498,0
1,499,0
14,499,0
1,500,0
14,500,0
1,501,0
14,501,0
1,502,0
14,502,0
1,503,0
14,503,0
1,504,0
14,504,0
1,505,0
14,505,0
1,506,0
14,506,0
1,507,0
14,507,0
1,508,0
14,508,0
1,509,0
14,509,0
1,510,0
14,510,0
1,511,0
14,511,0
1,512,0
14,512,0
1,513,0
14,513,0
1,514,0
13,514,0
1,515,0
13,515,0
1,516,0
13,516,0
1,517,0
13,517,0
1,518,0
12,518,0
1,519,0
12,519,0
1,520,0
12,520,0
1,521,0
12,521,0
1,522,0
12,522,0
1,523,0
12,523,0
1,524,0
12,524,0
1,525,0
12,525,0
1,526,0
12,526,0
1,527,0
12,527,0
1,528,0
12,528,0
1,529,0
12,529,0
1,530,0
12,530,0
1,531,0
12,531,0
1,532,0
12,532,0
1,533,0
12,533,0
1,534,0
12,534,0
1,535,0
12,535,0
1,536,0
12,536,0
1,537,0
12,537,0
1,538,0
12,538,0
1,539,0
12,539,0
1,540,0
12,540,0
1,541,0
12,541,0
1,542,0
12,542,0
1,543,0
12,543,0
1,544,0
12,544,0
1,545,0
12,545,0
1,546,0
12,546,0
1,547,0
12,547,0
1,548,0
12,548,0
1,549,0
12,549,0
1,550,0
12,550,0
1,551,0
12,551,0
1,552,0
12,552,0
1,553,0
12,553,0
1,554,0
12,554,0
1,555,0
12,555,0
1,556,0
12,556,0
1,557,0
12,557,0
1,558,0
12,558,0
1,559,0
12,559,0
1,560,0
12,560,0
1,561,0
12,561,0
1,562,0
12,562,0
1,563,0
12,563,0
1,564,0
12,564,0
1,565,0
12,565,0
1,566,0
12,566,0
1,567,0
11,567,0
1,568,0
11,568,0
1,569,0
11,569,0
1,570,0
11,570,0
1,571,0
11,571,0
1,572,0
11,572,0
1,573,0
11,573,0
1,574,0
11,574,0
1,575,0
11,575,0
1,576,0
11,576,0
1,577,0
11,577,0
1,578,0
11,578,0
1,579,0
11,579,0
1,580,0
11,580,0
1,581,0
11,581,0
1,582,0
11,582,0
1,583,0
11,583,0
1,584,0
11,584,0
1,585,0
11,585,0
1,586,0
11,586,0
1,587,0
11,587,0
1,588,0
11,588,0
1,589,0
11,589,0
1,590,0
11,590,0
1,591,0
11,591,0
1,592,0
11,592,0
1,593,0
11,593,0
1,594,0
10,594,0
1,595,0
10,595,0
1,596,0
10,596,0
1,597,0
10,597,0
1,598,0
10,598,0
1,599,0
10,599,0
1,600,0
10,600,0
1,601,0
10,601,0
1,602,0
10,602,0
1,603,0
10,603,0
1,604,0
10,604,0
1,605,0
10,605,0
1,606,0
10,606,0
1,607,0
10,607,0
1,608,0
10,608,0
1,609,0
10,609,0
1,610,0
10,610,0
1,611,0
10,611,0
1,612,0
10,612,0
1,613,0
10,613,0
1,614,0
10,614,0
1,615,0
10,615,0
1,616,0
10,616,0
1,617,0
10,617,0
1,618,0
10,618,0
1,619,0
10,619,0
1,620,0
10,620,0
1,621,0
10,621,0
1,622,0
10,622,0
1,623,0
10,623,0
1,624,0
10,624,0
1,625,0
10,625,0
1,626,0
10,626,0
1,627,0
10,627,0
1,628,0
10,628,0
1,629,0
10,629,0
1,630,0
10,630,0
1,631,0
10,631,0
1,632,0
10,632,0
1,633,0
10,633,0
1,634,0
10,634,0
1,635,0
10,635,0
1,636,0
10,636,0
1,637,0
10,637,0
1,638,0
10,638,0
1,639,0
10,639,0
1,640,0
10,640,0
1,641,0
10,641,0
1,642,0
10,642,0
1,643,0
10,643,0
1,644,0
10,644,0
1,645,0
10,645,0
1,646,0
10,646,0
1,647,0
10,647,0
1,648,0
9,648,0
1,649,0
9,649,0
1,650,0
9,650,0
1,651,0
9,651,0
1,652,0
9,652,0
1,653,0
9,653,0
1,654,0
9,654,0
1,655,0
8,655,0
1,656,0
8,656,0
1,657,0
8,657,0
1,658,0
8,658,0
1,659,0
8,659,0
1,660,0
8,660,0
1,661,0
8,661,0
1,662,0
8,662,0
1,663,0
8,663,0
1,664,0
8,664,0
1,665,0
8,665,0
1,666,0
8,666,0
1,667,0
8,667,0
1,668,0
8,668,0
1,669,0
8,669,0
1,670,0
8,670,0
1,671,0
8,671,0
1,672,0
8,672,0
1,673,0
8,673,0
1,674,0
8,674,0
1,675,0
7,675,0
1,676,0
7,676,0
1,677,0
7,677,0
1,678,0
7,678,0
1,679,0
7,679,0
1,680,0
7,680,0
1,681,0
7,681,0
1,682,0
7,682,0
1,683,0
7,683,0
1,684,0
7,684,0
1,685,0
7,685,0
1,686,0
7,686,0
1,687,0
7,687,0
1,688,0
7,688,0
1,689,0
7,689,0
1,690,0
7,690,0
1,691,0
7,691,0
1,692,0
7,692,0
1,693,0
7,693,0
1,694,0
7,694,0
1,695,0
7,695,0
1,696,0
7,696,0
1,697,0
7,697,0
1,698,0
7,698,0
1,699,0
7,699,0
1,700,0
7,700,0
1,701,0
7,701,0
1,702,0
7,702,0
1,703,0
7,703,0
1,704,0
7,704,0
1,705,0
7,705,0
1,706,0
7,706,0
1,707,0
7,707,0
1,708,0
7,708,0
1,709,0
7,709,0
1,710,0
7,710,0
1,711,0
7,711,0
1,712,0
7,712,0
1,713,0
7,713,0
1,714,0
7,714,0
1,715,0
7,715,0
1,716,0
7,716,0
1,717,0
7,717,0
1,718,0
7,718,0
1,719,0
7,719,0
1,720,0
7,720,0
1,721,0
7,721,0
1,722,0
7,722,0
1,723,0
7,723,0
1,724,0
7,724,0
1,725,0
7,725,0
1,726,0
7,726,0
1,727,0
7,727,0
1,728,0
7,728,0
1,729,0
7,729,0
1,730,0
7,730,0
1,731,0
7,731,0
1,732,0
7,732,0
1,733,0
7,733,0
1,734,0
7,734,0
1,735,0
7,735,0
1,736,0
7,736,0
1,737,0
7,737,0
1,738,0
7,738,0
1,739,0
7,739,0
1,740,0
7,740,0
1,741,0
7,741,0
1,742,0
7,742,0
1,743,0
7,743,0
1,744,0
7,744,0
1,745,0
7,745,0
1,746,0
7,746,0
1,747,0
7,747,0
1,748,0
7,748,0
1,749,0
7,749,0
1,750,0
7,750,0
1,751,0
7,751,0
1,752,0
7,752,0
1,753,0
7,753,0
1,754,0
7,754,0
1,755,0
7,755,0
1,756,0
7,756,0
1,757,0
7,757,0
1,758,0
7,758,0
1,759,0
7,759,0
1,760,0
7,760,0
1,761,0
7,761,0
1,762,0
7,762,0
1,763,0
7,763,0
1,764,0
7,764,0
1,765,0
7,765,0
1,766,0
7,766,0
1,767,0
7,767,0
1,768,0
7,768,0
1,769,0
7,769,0
1,770,0
7,770,0
1,771,0
7,771,0
1,772,0
7,772,0
1,773,0
7,773,0
1,774,0
7,774,0
1,775,0
7,775,0
1,776,0
7,776,0
1,777,0
7,777,0
1,778,0
7,778,0
1,779,0
7,779,0
1,780,0
7,780,0
1,781,0
7,781,0
1,782,0
7,782,0
1,783,0
7,783,0
1,784,0
7,784,0
1,785,0
7,785,0
1,786,0
7,786,0
1,787,0
7,787,0
1,788,0
7,788,0
1,789,0
7,789,0
1,790,0
7,790,0
1,791,0
7,791,0
1,792,0
7,792,0
1,793,0
7,793,0
1,794,0
7,794,0
1,795,0
7,795,0
1,796,0
7,796,0
1,797,0
7,797,0
1,798,0
6,798,0
1,799,0
6,799,0
1,800,0
6,800,0
1,801,0
6,801,0
1,802,0
6,802,0
1,803,0
6,803,0
1,804,0
6,804,0
1,805,0
6,805,0
1,806,0
6,806,0
1,807,0
6,807,0
1,808,0
6,808,0
1,809,0
6,809,0
1,810,0
6,810,0
1,811,0
6,811,0
1,812,0
6,812,0
1,813,0
6,813,0
1,814,0
6,814,0
1,815,0
6,815,0
1,816,0
6,816,0
1,817,0
6,817,0
1,818,0
6,818,0
1,819,0
6,819,0
1,820,0
6,820,0
1,821,0
6,821,0
1,822,0
6,822,0
1,823,0
6,823,0
1,824,0
6,824,0
1,825,0
6,825,0
1,826,0
6,826,0
1,827,0
6,827,0
1,828,0
6,828,0
1,829,0
6,829,0
1,830,0
6,830,0
1,831,0
6,831,0
1,832,0
6,832,0
1,833,0
6,833,0
1,834,0
6,834,0
1,835,0
6,835,0
1,836,0
6,836,0
1,837,0
6,837,0
1,838,0
6,838,0
1,839,0
6,839,0
1,840,0
6,840,0
1,841,0
6,841,0
1,842,0
6,842,0
1,843,0
6,843,0
1,844,0
6,844,0
1,845,0
6,845,0
1,846,0
6,846,0
1,847,0
5,847,0
1,848,0
5,848,0
1,849,0
5,849,0
1,850,0
5,850,0
1,851,0
5,851,0
1,852,0
5,852,0
1,853,0
5,853,0
1,854,0
5,854,0
1,855,0
5,855,0
1,856,0
5,856,0
1,857,0
5,857,0
1,858,0
5,858,0
1,859,0
5,859,0
1,860,0
5,860,0
1,861,0
5,861,0
1,862,0
5,862,0
1,863,0
5,863,0
1,864,0
5,864,0
1,865,0
4,865,0
1,866,0
4,866,0
1,867,0
4,867,0
1,868,0
4,868,0
1,869,0
4,869,0
1,870,0
4,870,0
1,871,0
4,871,0
1,872,0
4,872,0
1,873,0
4,873,0
1,874,0
4,874,0
1,875,0
3,875,0
1,876,0
3,876,0
1,877,0
3,877,0
1,878,0
3,878,0
1,879,0
3,879,0
1,880,0
3,880,0
1,881,0
3,881,0
1,882,0
3,882,0
1,883,0
3,883,0
1,884,0
3,884,0
1,885,0
3,885,0
1,886,0
3,886,0
1,887,0
3,887,0
1,888,0
3,888,0
1,889,0
3,889,0
1,890,0
3,890,0
1,891,0
3,891,0
1,892,0
3,892,0
1,893,0
3,893,0
1,894,0
3,894,0
1,895,0
3,895,0
1,896,0
3,896,0
1,897,0
3,897,0
1,898,0
3,898,0
1,899,0
3,899,0
1,900,0
3,900,0
1,901,0
3,901,0
1,902,0
3,902,0
1,903,0
3,903,0
1,904,0
3,904,0
1,905,0
3,905,0
1,906,0
3,906,0
1,907,0
3,907,0
1,908,0
3,908,0
1,909,0
3,909,0
1,910,0
3,910,0
1,911,0
3,911,0
1,912,0
3,912,0
1,913,0
3,913,0
1,914,0
3,914,0
1,915,0
3,915,0
1,916,0
3,916,0
1,917,0
3,917,0
1,918,0
3,918,0
1,919,0
3,919,0
1,920,0
3,920,0
1,921,0
3,921,0
1,922,0
3,922,0
1,923,0
3,923,0
1,924,0
3,924,0
1,925,0
3,925,0
1,926,0
3,926,0
1,927,0
3,927,0
1,928,0
3,928,0
1,929,0
3,929,0
1,930,0
3,930,0
1,931,0
3,931,0
1,932,0
3,932,0
1,933,0
3,933,0
1,934,0
3,934,0
1,935,0
3,935,0
1,936,0
3,936,0
1,937,0
3,937,0
1,938,0
3,938,0
1,939,0
3,939,0
1,940,0
3,940,0
1,941,0
3,941,0
1,942,0
3,942,0
1,943,0
3,943,0
1,944,0
3,944,0
1,945,0
3,945,0
1,946,0
3,946,0
1,947,0
3,947,0
1,948,0
3,948,0
1,949,0
3,949,0
1,950,0
3,950,0
1,951,0
3,951,0
1,952,0
3,952,0
1,953,0
3,953,0
1,954,0
3,954,0
1,955,0
3,955,0
1,956,0
3,956,0
1,957,0
3,957,0
1,958,0
3,958,0
1,959,0
3,959,0
1,960,0
3,960,0
1,961,0
3,961,0
1,962,0
3,962,0
1,963,0
3,963,0
1,964,0
3,964,0
1,965,0
3,965,0
1,966,0
2,966,0
1,967,0
2,967,0
1,968,0
2,968,0
1,969,0
2,969,0
1,970,0
2,970,0
1,971,0
2,971,0
1,972,0
2,972,0
1,973,0
2,973,0
1,974,0
2,974,0
1,975,0
2,975,0
1,976,0
2,976,0
1,977,0
2,977,0
1,978,0
2,978,0
1,979,0
2,979,0
1,980,0
2,980,0
1,981,0
2,981,0
1,982,0
2,982,0
1,983,0
2,983,0
1,984,0
2,984,0
1,985,0
2,985,0
1,986,0
2,986,0
1,987,0
2,987,0
1,988,0
2,988,0
1,989,0
2,989,0
1,990,0
2,990,0
1,991,0
2,991,0
1,992,0
2,992,0
1,993,0
2,993,0
1,994,0
2,994,0
1,995,0
2,995,0
1,996,0
2,996,0
1,997,0
2,997,0
1,998,0
2,998,0
1,999,0
2,999,0
1,1000,0
2,1000,0
1,1001,0
2,1001,0
1,1002,0
2,1002,0
1,1003,0
2,1003,0
1,1004,0
2,1004,0
1,1005,0
2,1005,0
1,1006,0
2,1006,0
1,1007,0
2,1007,0
1,1008,0
2,1008,0
1,1009,0
2,1009,0
1,1010,0
2,1010,0
1,1011,0
2,1011,0
1,1012,0
2,1012,0
1,1013,0
2,1013,0
1,1014,0
2,1014,0
1,1015,0
2,1015,0
1,1016,0
2,1016,0
1,1017,0
2,1017,0
1,1018,0
2,1018,0
1,1019,0
2,1019,0
1,1020,0
2,1020,0
1,1021,0
2,1021,0
1,1022,0
2,1022,0
1,1023,0
2,1023,0
1,1024,0
2,1024,0
1,1025,0
2,1025,0
1,1026,0
2,1026,0
1,1027,0
2,1027,0
1,1028,0
2,1028,0
1,1029,0
2,1029,0
1,1030,0
2,1030,0
1,1031,0
2,1031,0
1,1032,0
2,1032,0
1,1033,0
2,1033,0
1,1034,0
2,1034,0
1,1035,0
2,1035,0
1,1036,0
2,1036,0
1,1037,0
2,1037,0
1,1038,0
2,1038,0
1,1039,0
2,1039,0
1,1040,0
2,1040,0
1,1041,0
2,1041,0
1,1042,0
2,1042,0
1,1043,0
2,1043,0
1,1044,0
2,1044,0
1,1045,0
2,1045,0
1,1046,0
2,1046,0
1,1047,0
2,1047,0
1,1048,0
2,1048,0
1,1049,0
2,1049,0
1,1050,0
2,1050,0
1,1051,0
2,1051,0
1,1052,0
2,1052,0
1,1053,0
2,1053,0
1,1054,0
2,1054,0
1,1055,0
2,1055,0
1,1056,0
2,1056,0
1,1057,0
2,1057,0
1,1058,0
2,1058,0
1,1059,0
2,1059,0
1,1060,0
2,1060,0
1,1061,0
2,1061,0
1,1062,0
2,1062,0
1,1063,0
2,1063,0
1,1064,0
2,1064,0
1,1065,0
2,1065,0
1,1066,0
2,1066,0
1,1067,0
2,1067,0
1,1068,0
2,1068,0
1,1069,0
2,1069,0
1,1070,0
2,1070,0
1,1071,0
2,1071,0
1,1072,0
2,1072,0
1,1073,0
2,1073,0
1,1074,0
2,1074,0
1,1075,0
2,1075,0
1,1076,0
2,1076,0
1,1077,0
2,1077,0
1,1078,0
2,1078,0
1,1079,0
2,1079,0
1,1080,0
2,1080,0
1,1081,0
2,1081,0
1,1082,0
2,1082,0
1,1083,0
2,1083,0
1,1084,0
2,1084,0
1,1085,0
2,1085,0
1,1086,0
2,1086,0
1,1087,0
2,1087,0
1,1088,0
2,1088,0
1,1089,0
2,1089,0
1,1090,0
2,1090,0
1,1091,0
2,1091,0
1,1092,0
2,1092,0
1,1093,0
2,1093,0
1,1094,0
2,1094,0
1,1095,0
2,1095,0
1,1096,0
2,1096,0
1,1097,0
2,1097,0
1,1098,0
2,1098,0
1,1099,0
2,1099,0
1,1100,0
2,1100,0
1,1101,0
2,1101,0
1,1102,0
2,1102,0
1,1103,0
2,1103,0
1,1104,0
2,1104,0
1,1105,0
2,1105,0
1,1106,0
2,1106,0
1,1107,0
2,1107,0
1,1108,0
2,1108,0
1,1109,0
2,1109,0
1,1110,0
2,1110,0
1,1111,0
2,1111,0
1,1112,0
2,1112,0
1,1113,0
2,1113,0
1,1114,0
2,1114,0
1,1115,0
2,1115,0
1,1116,0
2,1116,0
1,1117,0
2,1117,0
1,1118,0
2,1118,0
1,1119,0
2,1119,0
1,1120,0
2,1120,0
1,1121,0
2,1121,0
1,1122,0
2,1122,0
1,1123,0
2,1123,0
1,1124,0
2,1124,0
1,1125,0
2,1125,0
1,1126,0
2,1126,0
1,1127,0
1,1127,0
1,1128,0
1,1128,0
1,1129,0
1,1129,0
1,1130,0
1,1130,0
1,1131,0
1,1131,0
1,1132,0
1,1132,0
1,1133,0
1,1133,0
1,1134,0
1,1134,0
1,1135,0
1,1135,0
1,1136,0
1,1136,0
1,1137,0
1,1137,0
1,1138,0
1,1138,0
1,1139,0
1,1139,0
1,1140,0
1,1140,0
1,1141,0
1,1141,0
1,1142,0
1,1142,0
1,1143,0
1,1143,0
1,1144,0
1,1144,0
1,1145,0
1,1145,0
1,1146,0
1,1146,0
1,1147,0
1,1147,0
1,1148,0
1,1148,0
1,1149,0
1,1149,0
1,1150,0
1,1150,0
1,1151,0
1,1151,0
1,1152,0
1,1152,0
1,1153,0
1,1153,0
1,1154,0
1,1154,0
1,1155,0
1,1155,0
1,1156,0
1,1156,0
1,1157,0
1,1157,0
1,1158,0
1,1158,0
1,1159,0
1,1159,0
1,1160,0
1,1160,0
1,1161,0
1,1161,0
1,1162,0
1,1162,0
1,1163,0
1,1163,0
1,1164,0
1,1164,0
1,1165,0
1,1165,0
1,1166,0
1,1166,0
1,1167,0
1,1167,0
1,1168,0
1,1168,0
1,1169,0
1,1169,0
1,1170,0
1,1170,0
1,1171,0
1,1171,0
1,1172,0
1,1172,0
1,1173,0
1,1173,0
1,1174,0
1,1174,0
1,1175,0
1,1175,0
1,1176,0
1,1176,0
1,1177,0
1,1177,0
1,1178,0
1,1178,0
1,1179,0
1,1179,0
1,1180,0
1,1180,0
1,1181,0
1,1181,0
1,1182,0
1,1182,0
1,1183,0
1,1183,0
1,1184,0
1,1184,0
1,1185,0
1,1185,0
1,1186,0
1,1186,0
1,1187,0
1,1187,0
1,1188,0
1,1188,0
1,1189,0
1,1189,0
1,1190,0
1,1190,0
1,1191,0
1,1191,0
1,1192,0
1,1192,0
1,1193,0
1,1193,0
1,1194,0
1,1194,0
1,1195,0
1,1195,0
1,1196,0
1,1196,0
1,1197,0
1,1197,0
1,1198,0
1,1198,0
1,1199,0
1,1199,0
1,1200,0
1,1200,0
1,1201,0
1,1201,0
1,1202,0
1,1202,0
1,1203,0
1,1203,0
1,1204,0
1,1204,0
1,1205,0
1,1205,0
1,1206,0
1,1206,0
1,1207,0
1,1207,0
1,1208,0
1,1208,0
1,1209,0
1,1209,0
1,1210,0
1,1210,0
1,1211,0
1,1211,0
1,1212,0
1,1212,0
1,1213,0
1,1213,0
1,1214,0
1,1214,0
1,1215,0
1,1215,0
1,1216,0
1,1216,0
1,1217,0
1,1217,0
1,1218,0
1,1218,0
1,1219,0
1,1219,0
1,1220,0
1,1220,0
1,1221,0
1,1221,0
1,1222,0
1,1222,0
1,1223,0
1,1223,0
1,1224,0
1,1224,0
1,1225,0
1,1225,0
1,1226,0
1,1226,0
1,1227,0
1,1227,0
1,1228,0
1,1228,0
1,1229,0
1,1229,0
1,1230,0
1,1230,0
1,1231,0
1,1231,0
1,1232,0
1,1232,0
1,1233,0
1,1233,0
1,1234,0
1,1234,0
1,1235,0
1,1235,0
1,1236,0
1,1236,0
1,1237,0
1,1237,0
1,1238,0
1,1238,0
1,1239,0
1,1239,0
1,1240,0
1,1240,0
1,1241,0
1,1241,0
1,1242,0
1,1242,0
1,1243,0
1,1243,0
1,1244,0
1,1244,0
1,1245,0
1,1245,0
1,1246,0
1,1246,0
1,1247,0
1,1247,0
1,1248,0
1,1248,0
1,1249,0
1,1249,0
1,1250,0
1,1250,0
1,1251,0
1,1251,0
1,1252,0
1,1252,0
1,1253,0
1,1253,0
1,1254,0
1,1254,0
1,1255,0
1,1255,0
1,1256,0
1,1256,0
1,1257,0
1,1257,0
1,1258,0
1,1258,0
1,1259,0
1,1259,0
1,1260,0
1,1260,0
1,1261,0
1,1261,0
1,1262,0
1,1262,0
1,1263,0
1,1263,0
1,1264,0
1,1264,0
1,1265,0
1,1265,0
1,1266,0
1,1266,0
1,1267,0
1,1267,0
1,1268,0
1,1268,0
1,1269,0
1,1269,0
1,1270,0
1,1270,0
1,1271,0
1,1271,0
1,1272,0
1,1272,0
1,1273,0
1,1273,0
1,1274,0
1,1274,0
1,1275,0
1,1275,0
1,1276,0
1,1276,0
1,1277,0
1,1277,0
1,1278,0
1,1278,0
1,1279,0
1,1279,0
1,1280,0
1,1280,0
1,1281,0
1,1281,0
1,1282,0
1,1282,0
1,1283,0
1,1283,0
1,1284,0
1,1284,0
1,1285,0
1,1285,0
1,1286,0
1,1286,0
1,1287,0
1,1287,0
1,1288,0
1,1288,0
1,1289,0
1,1289,0
1,1290,0
1,1290,0
1,1291,0
1,1291,0
1,1292,0
1,1292,0
1,1293,0
1,1293,0
1,1294,0
1,1294,0
1,1295,0
1,1295,0
1,1296,0
1,1296,0
1,1297,0
1,1297,0
1,1298,0
1,1298,0
1,1299,0
1,1299,0
1,1300,0
1,1300,0
1,1301,0
1,1301,0
1,1302,0
1,1302,0
1,1303,0
1,1303,0
1,1304,0
1,1304,0
1,1305,0
1,1305,0
1,1306,0
1,1306,0
1,1307,0
1,1307,0
1,1308,0
1,1308,0
1,1309,0
1,1309,0
1,1310,0
1,1310,0
1,1311,0
1,1311,0
1,1312,0
1,1312,0
1,1313,0
1,1313,0
1,1314,0
1,1314,0
1,1315,0
1,1315,0
1,1316,0
1,1316,0
1,1317,0
1,1317,0
1,1318,0
1,1318,0
1,1319,0
1,1319,0
1,1320,0
1,1320,0
1,1321,0
1,1321,0
1,1322,0
1,1322,0
1,1323,0
1,1323,0
1,1324,0
1,1324,0
1,1325,0
1,1325,0
1,1326,0
1,1326,0
1,1327,0
1,1327,0
1,1328,0
1,1328,0
1,1329,0
1,1329,0
1,1330,0
1,1330,0
1,1331,0
1,1331,0
1,1332,0
1,1332,0
1,1333,0
1,1333,0
1,1334,0
1,1334,0
1,1335,0
1,1335,0
1,1336,0
1,1336,0
1,1337,0
1,1337,0
1,1338,0
1,1338,0
1,1339,0
1,1339,0
1,1340,0
1,1340,0
1,1341,0
1,1341,0
1,1342,0
1,1342,0
1,1343,0
1,1343,0
1,1344,0
1,1344,0
1,1345,0
1,1345,0
1,1346,0
1,1346,0
1,1347,0
1,1347,0
1,1348,0
1,1348,0
1,1349,0
1,1349,0
1,1350,0
1,1350,0
1,1351,0
1,1351,0
1,1352,0
1,1352,0
1,1353,0
1,1353,0
1,1354,0
1,1354,0
1,1355,0
1,1355,0
1,1356,0
1,1356,0
1,1357,0
1,1357,0
1,1358,0
1,1358,0
1,1359,0
1,1359,0
1,1360,0
1,1360,0
1,1361,0
1,1361,0
1,1362,0
1,1362,0
1,1363,0
1,1363,0
1,1364,0
1,1364,0
1,1365,0
1,1365,0
1,1366,0
1,1366,0
1,1367,0
1,1367,0
1,1368,0
1,1368,0
1,1369,0
1,1369,0
1,1370,0
1,1370,0
