1,2,0
1,2,0
1,3,0
2,3,0
1,4,0
3,4,0
1,5,0
4,5,0
1,6,0
5,6,0
1,7,0
6,7,0
1,8,0
7,8,0
1,9,0
8,9,0
1,10,0
9,10,0
1,11,0
10,11,0
1,12,0
11,12,0
1,13,0
12,13,0
1,14,0
13,14,0
1,15,0
14,15,0
1,16,0
15,16,0
1,17,0
16,17,0
1,18,0
17,18,0
1,19,0
18,19,0
1,20,0
19,20,0
1,21,0
20,21,0
1,22,0
21,22,0
1,23,0
22,23,0
1,24,0
23,24,0
1,25,0
24,25,0
1,26,0
25,26,0
1,27,0
26,27,0
1,28,0
27,28,0
1,29,0
28,29,0
1,30,0
29,30,0
1,31,0
30,31,0
1,32,0
31,32,0
1,33,0
32,33,0
1,34,0
33,34,0
1,35,0
34,35,0
1,36,0
35,36,0
1,37,0
36,37,0
1,38,0
37,38,0
1,39,0
38,39,0
1,40,0
39,40,0
1,41,0
40,41,0
1,42,0
39,42,0
1,43,0
39,43,0
1,44,0
38,44,0
1,45,0
35,45,0
1,46,0
34,46,0
1,47,0
32,47,0
1,48,0
29,48,0
1,49,0
28,49,0
1,50,0
27,50,0
1,51,0
27,51,0
1,52,0
27,52,0
1,53,0
27,53,0
1,54,0
27,54,0
1,55,0
25,55,0
1,56,0
25,56,0
1,57,0
25,57,0
1,58,0
25,58,0
1,59,0
22,59,0
1,60,0
22,60,0
1,61,0
21,61,0
1,62,0
21,62,0
1,63,0
21,63,0
1,64,0
21,64,0
1,65,0
20,65,0
1,66,0
20,66,0
1,67,0
20,67,0
1,68,0
20,68,0
1,69,0
20,69,0
1,70,0
19,70,0
1,71,0
19,71,0
1,72,0
19,72,0
1,73,0
18,73,0
1,74,0
18,74,0
1,75,0
18,75,0
1,76,0
18,76,0
1,77,0
18,77,0
1,78,0
18,78,0
1,79,0
18,79,0
1,80,0
18,80,0
1,81,0
18,81,0
1,82,0
17,82,0
1,83,0
17,83,0
1,84,0
16,84,0
1,85,0
16,85,0
1,86,0
16,86,0
1,87,0
16,87,0
1,88,0
16,88,0
1,89,0
15,89,0
1,90,0
15,90,0
1,91,0
15,91,0
1,92,0
15,92,0
1,93,0
15,93,0
1,94,0
15,94,0
1,95,0
15,95,0
1,96,0
15,96,0
1,97,0
15,97,0
1,98,0
15,98,0
1,99,0
14,99,0
1,100,0
14,100,0
1,101,0
14,101,0
1,102,0
13,102,0
1,103,0
13,103,0
1,104,0
12,104,0
1,105,0
11,105,0
1,106,0
10,106,0
1,107,0
10,107,0
1,108,0
9,108,0
1,109,0
9,109,0
1,110,0
9,110,0
1,111,0
9,111,0
1,112,0
9,112,0
1,113,0
9,113,0
1,114,0
9,114,0
1,115,0
9,115,0
1,116,0
9,116,0
1,117,0
8,117,0
1,118,0
8,118,0
1,119,0
8,119,0
1,120,0
8,120,0
1,121,0
8,121,0
1,122,0
6,122,0
1,123,0
6,123,0
1,124,0
5,124,0
1,125,0
5,125,0
1,126,0
5,126,0
1,127,0
5,127,0
1,128,0
5,128,0
1,129,0
3,129,0
1,130,0
3,130,0
1,131,0
3,131,0
1,132,0
3,132,0
1,133,0
3,133,0
1,134,0
3,134,0
1,135,0
3,135,0
1,136,0
3,136,0
1,137,0
3,137,0
1,138,0
3,138,0
1,139,0
3,139,0
1,140,0
3,140,0
1,141,0
3,141,0
1,142,0
2,142,0
1,143,0
2,143,0
1,144,0
2,144,0
1,145,0
2,145,0
1,146,0
2,146,0
1,147,0
2,147,0
1,148,0
2,148,0
1,149,0
2,149,0
1,150,0
2,150,0
1,151,0
2,151,0
1,152,0
2,152,0
1,153,0
2,153,0
1,154,0
2,154,0
1,155,0
2,155,0
1,156,0
2,156,0
1,157,0
2,157,0
1,158,0
2,158,0
1,159,0
2,159,0
1,160,0
2,160,0
1,161,0
2,161,0
1,162,0
2,162,0
1,163,0
2,163,0
1,164,0
2,164,0
1,165,0
2,165,0
1,166,0
2,166,0
1,167,0
2,167,0
1,168,0
2,168,0
1,169,0
2,169,0
1,170,0
2,170,0
1,171,0
2,171,0
1,172,0
2,172,0
1,173,0
2,173,0
1,174,0
2,174,0
1,175,0
2,175,0
1,176,0
2,176,0
1,177,0
2,177,0
1,178,0
2,178,0
1,179,0
2,179,0
1,180,0
2,180,0
1,181,0
2,181,0
1,182,0
2,182,0
1,183,0
2,183,0
1,184,0
2,184,0
1,185,0
2,185,0
1,186,0
2,186,0
1,187,0
2,187,0
1,188,0
2,188,0
1,189,0
2,189,0
1,190,0
2,190,0
1,191,0
2,191,0
1,192,0
2,192,0
1,193,0
2,193,0
1,194,0
2,194,0
1,195,0
2,195,0
1,196,0
2,196,0
1,197,0
2,197,0
1,198,0
2,198,0
1,199,0
2,199,0
1,200,0
2,200,0
1,201,0
2,201,0
1,202,0
2,202,0
1,203,0
2,203,0
1,204,0
2,204,0
1,205,0
2,205,0
1,206,0
2,206,0
1,207,0
2,207,0
1,208,0
2,208,0
1,209,0
2,209,0
1,210,0
2,210,0
1,211,0
2,211,0
1,212,0
2,212,0
1,213,0
2,213,0
1,214,0
2,214,0
1,215,0
2,215,0
1,216,0
2,216,0
1,217,0
2,217,0
1,218,0
2,218,0
1,219,0
2,219,0
1,220,0
2,220,0
1,221,0
2,221,0
1,222,0
2,222,0
1,223,0
2,223,0
1,224,0
2,224,0
1,225,0
2,225,0
1,226,0
2,226,0
1,227,0
2,227,0
1,228,0
2,228,0
1,229,0
2,229,0
1,230,0
2,230,0
1,231,0
2,231,0
1,232,0
2,232,0
1,233,0
2,233,0
1,234,0
2,234,0
1,235,0
2,235,0
1,236,0
2,236,0
1,237,0
2,237,0
1,238,0
2,238,0
1,239,0
2,239,0
1,240,0
2,240,0
1,241,0
2,241,0
1,242,0
2,242,0
1,243,0
2,243,0
1,244,0
2,244,0
1,245,0
2,245,0
1,246,0
1,246,0
1,247,0
1,247,0
