1,1,0
274,1,0
1,2,0
260,2,0
1,3,0
260,3,0
1,4,0
229,4,0
1,5,0
226,5,0
1,6,0
216,6,0
1,7,0
213,7,0
1,8,0
194,8,0
1,9,0
192,9,0
1,10,0
184,10,0
1,11,0
182,11,0
1,12,0
167,12,0
1,13,0
167,13,0
1,14,0
151,14,0
1,15,0
150,15,0
1,16,0
148,16,0
1,17,0
142,17,0
1,18,0
128,18,0
1,19,0
122,19,0
1,20,0
118,20,0
1,21,0
115,21,0
1,22,0
114,22,0
1,23,0
114,23,0
1,24,0
105,24,0
1,25,0
105,25,0
1,26,0
105,26,0
1,27,0
98,27,0
1,28,0
96,28,0
1,29,0
94,29,0
1,30,0
92,30,0
1,31,0
92,31,0
1,32,0
86,32,0
1,33,0
83,33,0
1,34,0
83,34,0
1,35,0
82,35,0
1,36,0
82,36,0
1,37,0
82,37,0
1,38,0
82,38,0
1,39,0
82,39,0
1,40,0
78,40,0
1,41,0
78,41,0
1,42,0
76,42,0
1,43,0
72,43,0
1,44,0
68,44,0
1,45,0
60,45,0
1,46,0
59,46,0
1,47,0
57,47,0
1,48,0
57,48,0
1,49,0
56,49,0
1,50,0
56,50,0
1,51,0
56,51,0
1,52,0
56,52,0
1,53,0
56,53,0
1,54,0
56,54,0
1,55,0
56,55,0
1,56,0
56,56,0
1,57,0
48,57,0
1,58,0
46,58,0
1,59,0
46,59,0
1,60,0
45,60,0
1,61,0
44,61,0
1,62,0
44,62,0
1,63,0
44,63,0
1,64,0
44,64,0
1,65,0
44,65,0
1,66,0
44,66,0
1,67,0
44,67,0
1,68,0
44,68,0
1,69,0
43,69,0
1,70,0
43,70,0
1,71,0
43,71,0
1,72,0
43,72,0
1,73,0
42,73,0
1,74,0
42,74,0
1,75,0
42,75,0
1,76,0
42,76,0
1,77,0
41,77,0
1,78,0
41,78,0
1,79,0
39,79,0
1,80,0
39,80,0
1,81,0
39,81,0
1,82,0
39,82,0
1,83,0
34,83,0
1,84,0
32,84,0
1,85,0
32,85,0
1,86,0
32,86,0
1,87,0
31,87,0
1,88,0
31,88,0
1,89,0
31,89,0
1,90,0
31,90,0
1,91,0
31,91,0
1,92,0
31,92,0
1,93,0
29,93,0
1,94,0
29,94,0
1,95,0
28,95,0
1,96,0
28,96,0
1,97,0
27,97,0
1,98,0
27,98,0
1,99,0
26,99,0
1,100,0
26,100,0
1,101,0
26,101,0
1,102,0
26,102,0
1,103,0
26,103,0
1,104,0
26,104,0
1,105,0
26,105,0
1,106,0
23,106,0
1,107,0
23,107,0
1,108,0
23,108,0
1,109,0
23,109,0
1,110,0
23,110,0
1,111,0
23,111,0
1,112,0
23,112,0
1,113,0
23,113,0
1,114,0
23,114,0
1,115,0
21,115,0
1,116,0
20,116,0
1,117,0
20,117,0
1,118,0
20,118,0
1,119,0
19,119,0
1,120,0
19,120,0
1,121,0
19,121,0
1,122,0
19,122,0
1,123,0
18,123,0
1,124,0
18,124,0
1,125,0
18,125,0
1,126,0
18,126,0
1,127,0
18,127,0
1,128,0
18,128,0
1,129,0
17,129,0
1,130,0
17,130,0
1,131,0
17,131,0
1,132,0
17,132,0
1,133,0
17,133,0
1,134,0
17,134,0
1,135,0
17,135,0
1,136,0
17,136,0
1,137,0
17,137,0
1,138,0
17,138,0
1,139,0
17,139,0
1,140,0
17,140,0
1,141,0
17,141,0
1,142,0
17,142,0
1,143,0
16,143,0
1,144,0
16,144,0
1,145,0
16,145,0
1,146,0
16,146,0
1,147,0
16,147,0
1,148,0
16,148,0
1,149,0
15,149,0
1,150,0
15,150,0
1,151,0
14,151,0
1,152,0
13,152,0
1,153,0
13,153,0
1,154,0
13,154,0
1,155,0
13,155,0
1,156,0
13,156,0
1,157,0
13,157,0
1,158,0
13,158,0
1,159,0
13,159,0
1,160,0
13,160,0
1,161,0
13,161,0
1,162,0
13,162,0
1,163,0
13,163,0
1,164,0
13,164,0
1,165,0
13,165,0
1,166,0
13,166,0
1,167,0
13,167,0
1,168,0
11,168,0
1,169,0
11,169,0
1,170,0
11,170,0
1,171,0
11,171,0
1,172,0
11,172,0
1,173,0
11,173,0
1,174,0
11,174,0
1,175,0
11,175,0
1,176,0
11,176,0
1,177,0
11,177,0
1,178,0
11,178,0
1,179,0
11,179,0
1,180,0
11,180,0
1,181,0
11,181,0
1,182,0
11,182,0
1,183,0
10,183,0
1,184,0
10,184,0
1,185,0
9,185,0
1,186,0
9,186,0
1,187,0
9,187,0
1,188,0
9,188,0
1,189,0
9,189,0
1,190,0
9,190,0
1,191,0
9,191,0
1,192,0
9,192,0
1,193,0
8,193,0
1,194,0
8,194,0
1,195,0
7,195,0
1,196,0
7,196,0
1,197,0
7,197,0
1,198,0
7,198,0
1,199,0
7,199,0
1,200,0
7,200,0
1,201,0
7,201,0
1,202,0
7,202,0
1,203,0
7,203,0
1,204,0
7,204,0
1,205,0
7,205,0
1,206,0
7,206,0
1,207,0
7,207,0
1,208,0
7,208,0
1,209,0
7,209,0
1,210,0
7,210,0
1,211,0
7,211,0
1,212,0
7,212,0
1,213,0
7,213,0
1,214,0
6,214,0
1,215,0
6,215,0
1,216,0
6,216,0
1,217,0
5,217,0
1,218,0
5,218,0
1,219,0
5,219,0
1,220,0
5,220,0
1,221,0
5,221,0
1,222,0
5,222,0
1,223,0
5,223,0
1,224,0
5,224,0
1,225,0
5,225,0
1,226,0
5,226,0
1,227,0
4,227,0
1,228,0
4,228,0
1,229,0
4,229,0
1,230,0
3,230,0
1,231,0
3,231,0
1,232,0
3,232,0
1,233,0
3,233,0
1,234,0
3,234,0
1,235,0
3,235,0
1,236,0
3,236,0
1,237,0
3,237,0
1,238,0
3,238,0
1,239,0
3,239,0
1,240,0
3,240,0
1,241,0
3,241,0
1,242,0
3,242,0
1,243,0
3,243,0
1,244,0
3,244,0
1,245,0
3,245,0
1,246,0
3,246,0
1,247,0
3,247,0
1,248,0
3,248,0
1,249,0
3,249,0
1,250,0
3,250,0
1,251,0
3,251,0
1,252,0
3,252,0
1,253,0
3,253,0
1,254,0
3,254,0
1,255,0
3,255,0
1,256,0
3,256,0
1,257,0
3,257,0
1,258,0
3,258,0
1,259,0
3,259,0
1,260,0
3,260,0
1,261,0
1,261,0
1,262,0
1,262,0
1,263,0
1,263,0
1,264,0
1,264,0
1,265,0
1,265,0
1,266,0
1,266,0
1,267,0
1,267,0
1,268,0
1,268,0
1,269,0
1,269,0
1,270,0
1,270,0
1,271,0
1,271,0
1,272,0
1,272,0
1,273,0
1,273,0
1,274,0
1,274,0
