1,1,0
117,1,0
1,2,0
116,2,0
1,3,0
116,3,0
1,4,0
116,4,0
1,5,0
115,5,0
1,6,0
114,6,0
1,7,0
114,7,0
1,8,0
114,8,0
1,9,0
114,9,0
1,10,0
113,10,0
1,11,0
112,11,0
1,12,0
112,12,0
1,13,0
112,13,0
1,14,0
111,14,0
1,15,0
111,15,0
1,16,0
110,16,0
1,17,0
109,17,0
1,18,0
109,18,0
1,19,0
109,19,0
1,20,0
108,20,0
1,21,0
107,21,0
1,22,0
107,22,0
1,23,0
107,23,0
1,24,0
107,24,0
1,25,0
106,25,0
1,26,0
105,26,0
1,27,0
104,27,0
1,28,0
104,28,0
1,29,0
103,29,0
1,30,0
103,30,0
1,31,0
102,31,0
1,32,0
101,32,0
1,33,0
101,33,0
1,34,0
100,34,0
1,35,0
100,35,0
1,36,0
100,36,0
1,37,0
100,37,0
1,38,0
99,38,0
1,39,0
99,39,0
1,40,0
98,40,0
1,41,0
98,41,0
1,42,0
97,42,0
1,43,0
97,43,0
1,44,0
96,44,0
1,45,0
96,45,0
1,46,0
95,46,0
1,47,0
95,47,0
1,48,0
95,48,0
1,49,0
94,49,0
1,50,0
93,50,0
1,51,0
92,51,0
1,52,0
92,52,0
1,53,0
92,53,0
1,54,0
91,54,0
1,55,0
91,55,0
1,56,0
91,56,0
1,57,0
91,57,0
1,58,0
91,58,0
1,59,0
91,59,0
1,60,0
90,60,0
1,61,0
90,61,0
1,62,0
89,62,0
1,63,0
89,63,0
1,64,0
88,64,0
1,65,0
87,65,0
1,66,0
87,66,0
1,67,0
86,67,0
1,68,0
86,68,0
1,69,0
86,69,0
1,70,0
86,70,0
1,71,0
85,71,0
1,72,0
85,72,0
1,73,0
84,73,0
1,74,0
84,74,0
1,75,0
83,75,0
1,76,0
82,76,0
1,77,0
81,77,0
1,78,0
80,78,0
1,79,0
80,79,0
1,80,0
80,80,0
1,81,0
80,81,0
1,82,0
80,82,0
1,83,0
79,83,0
1,84,0
78,84,0
1,85,0
77,85,0
1,86,0
76,86,0
1,87,0
75,87,0
1,88,0
75,88,0
1,89,0
75,89,0
1,90,0
75,90,0
1,91,0
74,91,0
1,92,0
73,92,0
1,93,0
72,93,0
1,94,0
72,94,0
1,95,0
72,95,0
1,96,0
72,96,0
1,97,0
71,97,0
1,98,0
71,98,0
1,99,0
71,99,0
1,100,0
71,100,0
1,101,0
71,101,0
1,102,0
70,102,0
1,103,0
69,103,0
1,104,0
68,104,0
1,105,0
68,105,0
1,106,0
68,106,0
1,107,0
68,107,0
1,108,0
67,108,0
1,109,0
66,109,0
1,110,0
66,110,0
1,111,0
65,111,0
1,112,0
65,112,0
1,113,0
65,113,0
1,114,0
64,114,0
1,115,0
63,115,0
1,116,0
62,116,0
1,117,0
62,117,0
1,118,0
61,118,0
1,119,0
61,119,0
1,120,0
61,120,0
1,121,0
61,121,0
1,122,0
60,122,0
1,123,0
60,123,0
1,124,0
60,124,0
1,125,0
60,125,0
1,126,0
60,126,0
1,127,0
59,127,0
1,128,0
59,128,0
1,129,0
59,129,0
1,130,0
59,130,0
1,131,0
59,131,0
1,132,0
59,132,0
1,133,0
59,133,0
1,134,0
59,134,0
1,135,0
58,135,0
1,136,0
58,136,0
1,137,0
58,137,0
1,138,0
58,138,0
1,139,0
58,139,0
1,140,0
58,140,0
1,141,0
57,141,0
1,142,0
57,142,0
1,143,0
57,143,0
1,144,0
57,144,0
1,145,0
57,145,0
1,146,0
57,146,0
1,147,0
57,147,0
1,148,0
56,148,0
1,149,0
56,149,0
1,150,0
56,150,0
1,151,0
55,151,0
1,152,0
55,152,0
1,153,0
55,153,0
1,154,0
54,154,0
1,155,0
53,155,0
1,156,0
53,156,0
1,157,0
53,157,0
1,158,0
53,158,0
1,159,0
52,159,0
1,160,0
52,160,0
1,161,0
51,161,0
1,162,0
51,162,0
1,163,0
51,163,0
1,164,0
50,164,0
1,165,0
50,165,0
1,166,0
50,166,0
1,167,0
49,167,0
1,168,0
48,168,0
1,169,0
48,169,0
1,170,0
48,170,0
1,171,0
48,171,0
1,172,0
47,172,0
1,173,0
47,173,0
1,174,0
47,174,0
1,175,0
46,175,0
1,176,0
46,176,0
1,177,0
46,177,0
1,178,0
45,178,0
1,179,0
44,179,0
1,180,0
44,180,0
1,181,0
44,181,0
1,182,0
44,182,0
1,183,0
44,183,0
1,184,0
43,184,0
1,185,0
43,185,0
1,186,0
43,186,0
1,187,0
43,187,0
1,188,0
43,188,0
1,189,0
43,189,0
1,190,0
42,190,0
1,191,0
42,191,0
1,192,0
42,192,0
1,193,0
42,193,0
1,194,0
42,194,0
1,195,0
42,195,0
1,196,0
42,196,0
1,197,0
42,197,0
1,198,0
42,198,0
1,199,0
42,199,0
1,200,0
42,200,0
1,201,0
42,201,0
1,202,0
42,202,0
1,203,0
42,203,0
1,204,0
42,204,0
1,205,0
42,205,0
1,206,0
42,206,0
1,207,0
42,207,0
1,208,0
42,208,0
1,209,0
42,209,0
1,210,0
42,210,0
1,211,0
41,211,0
1,212,0
41,212,0
1,213,0
41,213,0
1,214,0
41,214,0
1,215,0
41,215,0
1,216,0
41,216,0
1,217,0
40,217,0
1,218,0
40,218,0
1,219,0
40,219,0
1,220,0
40,220,0
1,221,0
40,221,0
1,222,0
39,222,0
1,223,0
38,223,0
1,224,0
38,224,0
1,225,0
37,225,0
1,226,0
36,226,0
1,227,0
36,227,0
1,228,0
36,228,0
1,229,0
36,229,0
1,230,0
36,230,0
1,231,0
35,231,0
1,232,0
35,232,0
1,233,0
35,233,0
1,234,0
35,234,0
1,235,0
35,235,0
1,236,0
35,236,0
1,237,0
35,237,0
1,238,0
35,238,0
1,239,0
35,239,0
1,240,0
35,240,0
1,241,0
35,241,0
1,242,0
35,242,0
1,243,0
35,243,0
1,244,0
35,244,0
1,245,0
34,245,0
1,246,0
34,246,0
1,247,0
34,247,0
1,248,0
34,248,0
1,249,0
34,249,0
1,250,0
34,250,0
1,251,0
34,251,0
1,252,0
34,252,0
1,253,0
33,253,0
1,254,0
33,254,0
1,255,0
33,255,0
1,256,0
33,256,0
1,257,0
33,257,0
1,258,0
33,258,0
1,259,0
33,259,0
1,260,0
33,260,0
1,261,0
33,261,0
1,262,0
33,262,0
1,263,0
32,263,0
1,264,0
32,264,0
1,265,0
31,265,0
1,266,0
31,266,0
1,267,0
30,267,0
1,268,0
30,268,0
1,269,0
30,269,0
1,270,0
30,270,0
1,271,0
30,271,0
1,272,0
30,272,0
1,273,0
30,273,0
1,274,0
30,274,0
1,275,0
30,275,0
1,276,0
30,276,0
1,277,0
29,277,0
1,278,0
29,278,0
1,279,0
29,279,0
1,280,0
29,280,0
1,281,0
29,281,0
1,282,0
29,282,0
1,283,0
29,283,0
1,284,0
29,284,0
1,285,0
29,285,0
1,286,0
29,286,0
1,287,0
29,287,0
1,288,0
29,288,0
1,289,0
29,289,0
1,290,0
29,290,0
1,291,0
29,291,0
1,292,0
29,292,0
1,293,0
29,293,0
1,294,0
29,294,0
1,295,0
29,295,0
1,296,0
29,296,0
1,297,0
29,297,0
1,298,0
29,298,0
1,299,0
29,299,0
1,300,0
29,300,0
1,301,0
29,301,0
1,302,0
29,302,0
1,303,0
29,303,0
1,304,0
29,304,0
1,305,0
29,305,0
1,306,0
29,306,0
1,307,0
29,307,0
1,308,0
29,308,0
1,309,0
29,309,0
1,310,0
29,310,0
1,311,0
29,311,0
1,312,0
29,312,0
1,313,0
29,313,0
1,314,0
29,314,0
1,315,0
29,315,0
1,316,0
29,316,0
1,317,0
29,317,0
1,318,0
28,318,0
1,319,0
28,319,0
1,320,0
28,320,0
1,321,0
28,321,0
1,322,0
27,322,0
1,323,0
27,323,0
1,324,0
27,324,0
1,325,0
27,325,0
1,326,0
27,326,0
1,327,0
27,327,0
1,328,0
27,328,0
1,329,0
27,329,0
1,330,0
26,330,0
1,331,0
26,331,0
1,332,0
26,332,0
1,333,0
26,333,0
1,334,0
26,334,0
1,335,0
26,335,0
1,336,0
26,336,0
1,337,0
26,337,0
1,338,0
26,338,0
1,339,0
26,339,0
1,340,0
25,340,0
1,341,0
25,341,0
1,342,0
25,342,0
1,343,0
25,343,0
1,344,0
25,344,0
1,345,0
25,345,0
1,346,0
25,346,0
1,347,0
25,347,0
1,348,0
24,348,0
1,349,0
24,349,0
1,350,0
24,350,0
1,351,0
24,351,0
1,352,0
24,352,0
1,353,0
24,353,0
1,354,0
24,354,0
1,355,0
24,355,0
1,356,0
24,356,0
1,357,0
24,357,0
1,358,0
24,358,0
1,359,0
24,359,0
1,360,0
24,360,0
1,361,0
24,361,0
1,362,0
23,362,0
1,363,0
22,363,0
1,364,0
22,364,0
1,365,0
22,365,0
1,366,0
22,366,0
1,367,0
22,367,0
1,368,0
22,368,0
1,369,0
22,369,0
1,370,0
22,370,0
1,371,0
22,371,0
1,372,0
22,372,0
1,373,0
21,373,0
1,374,0
21,374,0
1,375,0
21,375,0
1,376,0
21,376,0
1,377,0
21,377,0
1,378,0
20,378,0
1,379,0
20,379,0
1,380,0
20,380,0
1,381,0
20,381,0
1,382,0
20,382,0
1,383,0
20,383,0
1,384,0
20,384,0
1,385,0
20,385,0
1,386,0
19,386,0
1,387,0
19,387,0
1,388,0
19,388,0
1,389,0
19,389,0
1,390,0
19,390,0
1,391,0
19,391,0
1,392,0
19,392,0
1,393,0
19,393,0
1,394,0
19,394,0
1,395,0
19,395,0
1,396,0
19,396,0
1,397,0
19,397,0
1,398,0
19,398,0
1,399,0
18,399,0
1,400,0
18,400,0
1,401,0
17,401,0
1,402,0
17,402,0
1,403,0
17,403,0
1,404,0
17,404,0
1,405,0
16,405,0
1,406,0
16,406,0
1,407,0
16,407,0
1,408,0
16,408,0
1,409,0
16,409,0
1,410,0
16,410,0
1,411,0
16,411,0
1,412,0
16,412,0
1,413,0
16,413,0
1,414,0
16,414,0
1,415,0
16,415,0
1,416,0
16,416,0
1,417,0
16,417,0
1,418,0
16,418,0
1,419,0
15,419,0
1,420,0
15,420,0
1,421,0
15,421,0
1,422,0
14,422,0
1,423,0
14,423,0
1,424,0
14,424,0
1,425,0
14,425,0
1,426,0
14,426,0
1,427,0
14,427,0
1,428,0
14,428,0
1,429,0
14,429,0
1,430,0
14,430,0
1,431,0
14,431,0
1,432,0
14,432,0
1,433,0
14,433,0
1,434,0
14,434,0
1,435,0
14,435,0
1,436,0
14,436,0
1,437,0
14,437,0
1,438,0
14,438,0
1,439,0
13,439,0
1,440,0
13,440,0
1,441,0
13,441,0
1,442,0
13,442,0
1,443,0
13,443,0
1,444,0
13,444,0
1,445,0
13,445,0
1,446,0
13,446,0
1,447,0
13,447,0
1,448,0
13,448,0
1,449,0
12,449,0
1,450,0
12,450,0
1,451,0
12,451,0
1,452,0
12,452,0
1,453,0
12,453,0
1,454,0
12,454,0
1,455,0
12,455,0
1,456,0
12,456,0
1,457,0
12,457,0
1,458,0
12,458,0
1,459,0
12,459,0
1,460,0
12,460,0
1,461,0
12,461,0
1,462,0
12,462,0
1,463,0
12,463,0
1,464,0
12,464,0
1,465,0
12,465,0
1,466,0
12,466,0
1,467,0
12,467,0
1,468,0
12,468,0
1,469,0
12,469,0
1,470,0
12,470,0
1,471,0
12,471,0
1,472,0
12,472,0
1,473,0
12,473,0
1,474,0
12,474,0
1,475,0
12,475,0
1,476,0
12,476,0
1,477,0
12,477,0
1,478,0
12,478,0
1,479,0
12,479,0
1,480,0
12,480,0
1,481,0
12,481,0
1,482,0
12,482,0
1,483,0
12,483,0
1,484,0
12,484,0
1,485,0
12,485,0
1,486,0
12,486,0
1,487,0
12,487,0
1,488,0
12,488,0
1,489,0
12,489,0
1,490,0
12,490,0
1,491,0
12,491,0
1,492,0
12,492,0
1,493,0
12,493,0
1,494,0
12,494,0
1,495,0
12,495,0
1,496,0
12,496,0
1,497,0
12,497,0
1,498,0
12,498,0
1,499,0
12,499,0
1,500,0
12,500,0
1,501,0
12,501,0
1,502,0
12,502,0
1,503,0
12,503,0
1,504,0
12,504,0
1,505,0
12,505,0
1,506,0
12,506,0
1,507,0
12,507,0
1,508,0
12,508,0
1,509,0
12,509,0
1,510,0
12,510,0
1,511,0
12,511,0
1,512,0
12,512,0
1,513,0
12,513,0
1,514,0
12,514,0
1,515,0
12,515,0
1,516,0
12,516,0
1,517,0
12,517,0
1,518,0
12,518,0
1,519,0
12,519,0
1,520,0
12,520,0
1,521,0
12,521,0
1,522,0
12,522,0
1,523,0
12,523,0
1,524,0
12,524,0
1,525,0
12,525,0
1,526,0
12,526,0
1,527,0
12,527,0
1,528,0
12,528,0
1,529,0
12,529,0
1,530,0
12,530,0
1,531,0
12,531,0
1,532,0
12,532,0
1,533,0
12,533,0
1,534,0
12,534,0
1,535,0
12,535,0
1,536,0
12,536,0
1,537,0
12,537,0
1,538,0
12,538,0
1,539,0
12,539,0
1,540,0
12,540,0
1,541,0
12,541,0
1,542,0
12,542,0
1,543,0
12,543,0
1,544,0
12,544,0
1,545,0
12,545,0
1,546,0
12,546,0
1,547,0
12,547,0
1,548,0
12,548,0
1,549,0
12,549,0
1,550,0
12,550,0
1,551,0
12,551,0
1,552,0
12,552,0
1,553,0
12,553,0
1,554,0
12,554,0
1,555,0
12,555,0
1,556,0
12,556,0
1,557,0
12,557,0
1,558,0
12,558,0
1,559,0
12,559,0
1,560,0
12,560,0
1,561,0
12,561,0
1,562,0
12,562,0
1,563,0
12,563,0
1,564,0
12,564,0
1,565,0
12,565,0
1,566,0
12,566,0
1,567,0
12,567,0
1,568,0
12,568,0
1,569,0
12,569,0
1,570,0
12,570,0
1,571,0
12,571,0
1,572,0
12,572,0
1,573,0
12,573,0
1,574,0
12,574,0
1,575,0
12,575,0
1,576,0
12,576,0
1,577,0
12,577,0
1,578,0
12,578,0
1,579,0
12,579,0
1,580,0
12,580,0
1,581,0
12,581,0
1,582,0
12,582,0
1,583,0
12,583,0
1,584,0
12,584,0
1,585,0
12,585,0
1,586,0
12,586,0
1,587,0
12,587,0
1,588,0
12,588,0
1,589,0
12,589,0
1,590,0
12,590,0
1,591,0
12,591,0
1,592,0
12,592,0
1,593,0
12,593,0
1,594,0
12,594,0
1,595,0
12,595,0
1,596,0
12,596,0
1,597,0
11,597,0
1,598,0
11,598,0
1,599,0
11,599,0
1,600,0
11,600,0
1,601,0
11,601,0
1,602,0
11,602,0
1,603,0
11,603,0
1,604,0
11,604,0
1,605,0
11,605,0
1,606,0
11,606,0
1,607,0
11,607,0
1,608,0
11,608,0
1,609,0
10,609,0
1,610,0
10,610,0
1,611,0
10,611,0
1,612,0
10,612,0
1,613,0
10,613,0
1,614,0
10,614,0
1,615,0
10,615,0
1,616,0
10,616,0
1,617,0
10,617,0
1,618,0
10,618,0
1,619,0
10,619,0
1,620,0
10,620,0
1,621,0
10,621,0
1,622,0
10,622,0
1,623,0
10,623,0
1,624,0
10,624,0
1,625,0
10,625,0
1,626,0
10,626,0
1,627,0
10,627,0
1,628,0
10,628,0
1,629,0
10,629,0
1,630,0
10,630,0
1,631,0
10,631,0
1,632,0
10,632,0
1,633,0
10,633,0
1,634,0
10,634,0
1,635,0
10,635,0
1,636,0
10,636,0
1,637,0
10,637,0
1,638,0
9,638,0
1,639,0
9,639,0
1,640,0
9,640,0
1,641,0
9,641,0
1,642,0
9,642,0
1,643,0
9,643,0
1,644,0
9,644,0
1,645,0
9,645,0
1,646,0
9,646,0
1,647,0
9,647,0
1,648,0
9,648,0
1,649,0
9,649,0
1,650,0
9,650,0
1,651,0
9,651,0
1,652,0
9,652,0
1,653,0
9,653,0
1,654,0
9,654,0
1,655,0
9,655,0
1,656,0
8,656,0
1,657,0
8,657,0
1,658,0
8,658,0
1,659,0
8,659,0
1,660,0
7,660,0
1,661,0
7,661,0
1,662,0
7,662,0
1,663,0
7,663,0
1,664,0
7,664,0
1,665,0
6,665,0
1,666,0
6,666,0
1,667,0
6,667,0
1,668,0
6,668,0
1,669,0
6,669,0
1,670,0
6,670,0
1,671,0
6,671,0
1,672,0
6,672,0
1,673,0
6,673,0
1,674,0
6,674,0
1,675,0
6,675,0
1,676,0
6,676,0
1,677,0
6,677,0
1,678,0
6,678,0
1,679,0
5,679,0
1,680,0
5,680,0
1,681,0
5,681,0
1,682,0
5,682,0
1,683,0
5,683,0
1,684,0
5,684,0
1,685,0
5,685,0
1,686,0
5,686,0
1,687,0
5,687,0
1,688,0
5,688,0
1,689,0
5,689,0
1,690,0
5,690,0
1,691,0
5,691,0
1,692,0
5,692,0
1,693,0
5,693,0
1,694,0
5,694,0
1,695,0
5,695,0
1,696,0
5,696,0
1,697,0
5,697,0
1,698,0
5,698,0
1,699,0
4,699,0
1,700,0
4,700,0
1,701,0
4,701,0
1,702,0
4,702,0
1,703,0
4,703,0
1,704,0
4,704,0
1,705,0
4,705,0
1,706,0
4,706,0
1,707,0
4,707,0
1,708,0
4,708,0
1,709,0
4,709,0
1,710,0
4,710,0
1,711,0
4,711,0
1,712,0
4,712,0
1,713,0
4,713,0
1,714,0
4,714,0
1,715,0
4,715,0
1,716,0
4,716,0
1,717,0
4,717,0
1,718,0
4,718,0
1,719,0
4,719,0
1,720,0
4,720,0
1,721,0
4,721,0
1,722,0
4,722,0
1,723,0
4,723,0
1,724,0
4,724,0
1,725,0
4,725,0
1,726,0
4,726,0
1,727,0
4,727,0
1,728,0
4,728,0
1,729,0
3,729,0
1,730,0
3,730,0
1,731,0
3,731,0
1,732,0
3,732,0
1,733,0
3,733,0
1,734,0
3,734,0
1,735,0
3,735,0
1,736,0
3,736,0
1,737,0
3,737,0
1,738,0
3,738,0
1,739,0
3,739,0
1,740,0
3,740,0
1,741,0
3,741,0
1,742,0
3,742,0
1,743,0
3,743,0
1,744,0
3,744,0
1,745,0
3,745,0
1,746,0
3,746,0
1,747,0
3,747,0
1,748,0
3,748,0
1,749,0
3,749,0
1,750,0
3,750,0
1,751,0
3,751,0
1,752,0
3,752,0
1,753,0
3,753,0
1,754,0
3,754,0
1,755,0
3,755,0
1,756,0
3,756,0
1,757,0
2,757,0
1,758,0
2,758,0
1,759,0
2,759,0
1,760,0
2,760,0
1,761,0
2,761,0
1,762,0
2,762,0
1,763,0
2,763,0
1,764,0
2,764,0
1,765,0
2,765,0
1,766,0
2,766,0
1,767,0
2,767,0
1,768,0
2,768,0
1,769,0
2,769,0
1,770,0
2,770,0
1,771,0
2,771,0
1,772,0
2,772,0
1,773,0
2,773,0
1,774,0
2,774,0
1,775,0
2,775,0
1,776,0
2,776,0
1,777,0
2,777,0
1,778,0
2,778,0
1,779,0
2,779,0
1,780,0
2,780,0
1,781,0
2,781,0
1,782,0
2,782,0
1,783,0
1,783,0
1,784,0
1,784,0
1,785,0
1,785,0
1,786,0
1,786,0
1,787,0
1,787,0
1,788,0
1,788,0
1,789,0
1,789,0
1,790,0
1,790,0
1,791,0
1,791,0
1,792,0
1,792,0
1,793,0
1,793,0
1,794,0
1,794,0
1,795,0
1,795,0
1,796,0
1,796,0
1,797,0
1,797,0
1,798,0
1,798,0
1,799,0
1,799,0
1,800,0
1,800,0
1,801,0
1,801,0
1,802,0
1,802,0
