2,2,0
2,2,0
2,3,0
4,3,0
2,4,0
6,4,0
2,5,0
8,5,0
2,6,0
10,6,0
2,7,0
12,7,0
2,8,0
14,8,0
2,9,0
16,9,0
2,10,0
18,10,0
2,11,0
20,11,0
2,12,0
22,12,0
2,13,0
24,13,0
2,14,0
26,14,0
2,15,0
28,15,0
2,16,0
30,16,0
2,17,0
32,17,0
2,18,0
34,18,0
2,19,0
36,19,0
2,20,0
38,20,0
2,21,0
40,21,0
2,22,0
42,22,0
2,23,0
44,23,0
2,24,0
46,24,0
2,25,0
48,25,0
2,26,0
50,26,0
2,27,0
52,27,0
2,28,0
54,28,0
2,29,0
56,29,0
2,30,0
58,30,0
2,31,0
60,31,0
2,32,0
62,32,0
2,33,0
64,33,0
2,34,0
66,34,0
2,35,0
68,35,0
2,36,0
70,36,0
2,37,0
72,37,0
2,38,0
74,38,0
2,39,0
76,39,0
2,40,0
78,40,0
2,41,0
80,41,0
2,42,0
82,42,0
2,43,0
84,43,0
2,44,0
86,44,0
2,45,0
88,45,0
2,46,0
90,46,0
2,47,0
92,47,0
2,48,0
94,48,0
2,49,0
96,49,0
2,50,0
98,50,0
2,51,0
100,51,0
2,52,0
102,52,0
2,53,0
104,53,0
2,54,0
106,54,0
2,55,0
108,55,0
2,56,0
110,56,0
2,57,0
112,57,0
2,58,0
114,58,0
2,59,0
116,59,0
2,60,0
118,60,0
2,61,0
120,61,0
2,62,0
122,62,0
2,63,0
124,63,0
2,64,0
126,64,0
2,65,0
128,65,0
2,66,0
130,66,0
2,67,0
132,67,0
2,68,0
134,68,0
2,69,0
136,69,0
2,70,0
138,70,0
2,71,0
140,71,0
2,72,0
142,72,0
2,73,0
144,73,0
2,74,0
146,74,0
2,75,0
148,75,0
2,76,0
150,76,0
2,77,0
152,77,0
2,78,0
154,78,0
2,79,0
156,79,0
2,80,0
158,80,0
2,81,0
160,81,0
2,82,0
162,82,0
2,83,0
164,83,0
2,84,0
166,84,0
2,85,0
168,85,0
2,86,0
170,86,0
2,87,0
172,87,0
2,88,0
174,88,0
2,89,0
176,89,0
2,90,0
178,90,0
2,91,0
180,91,0
2,92,0
182,92,0
2,93,0
184,93,0
2,94,0
186,94,0
2,95,0
188,95,0
2,96,0
190,96,0
2,97,0
192,97,0
2,98,0
194,98,0
2,99,0
196,99,0
2,100,0
198,100,0
2,101,0
200,101,0
2,102,0
202,102,0
2,103,0
204,103,0
2,104,0
206,104,0
2,105,0
208,105,0
2,106,0
210,106,0
2,107,0
212,107,0
2,108,0
214,108,0
2,109,0
216,109,0
2,110,0
218,110,0
2,111,0
216,111,0
2,112,0
214,112,0
2,113,0
214,113,0
2,114,0
212,114,0
2,115,0
212,115,0
2,116,0
210,116,0
2,117,0
210,117,0
2,118,0
210,118,0
2,119,0
208,119,0
2,120,0
208,120,0
2,121,0
206,121,0
2,122,0
206,122,0
2,123,0
206,123,0
2,124,0
206,124,0
2,125,0
206,125,0
2,126,0
206,126,0
2,127,0
204,127,0
2,128,0
200,128,0
2,129,0
196,129,0
2,130,0
196,130,0
2,131,0
196,131,0
2,132,0
194,132,0
2,133,0
194,133,0
2,134,0
194,134,0
2,135,0
194,135,0
2,136,0
192,136,0
2,137,0
190,137,0
2,138,0
190,138,0
2,139,0
188,139,0
2,140,0
186,140,0
2,141,0
186,141,0
2,142,0
186,142,0
2,143,0
178,143,0
2,144,0
178,144,0
2,145,0
178,145,0
2,146,0
170,146,0
2,147,0
170,147,0
2,148,0
166,148,0
2,149,0
166,149,0
2,150,0
166,150,0
2,151,0
166,151,0
2,152,0
166,152,0
2,153,0
164,153,0
2,154,0
164,154,0
2,155,0
164,155,0
2,156,0
154,156,0
2,157,0
154,157,0
2,158,0
154,158,0
2,159,0
152,159,0
2,160,0
150,160,0
2,161,0
150,161,0
2,162,0
150,162,0
2,163,0
148,163,0
2,164,0
148,164,0
2,165,0
148,165,0
2,166,0
148,166,0
2,167,0
146,167,0
2,168,0
146,168,0
2,169,0
146,169,0
2,170,0
142,170,0
2,171,0
140,171,0
2,172,0
140,172,0
2,173,0
138,173,0
2,174,0
138,174,0
2,175,0
138,175,0
2,176,0
136,176,0
2,177,0
136,177,0
2,178,0
136,178,0
2,179,0
134,179,0
2,180,0
130,180,0
2,181,0
130,181,0
2,182,0
130,182,0
2,183,0
130,183,0
2,184,0
126,184,0
2,185,0
126,185,0
2,186,0
124,186,0
2,187,0
124,187,0
2,188,0
120,188,0
2,189,0
120,189,0
2,190,0
120,190,0
2,191,0
120,191,0
2,192,0
120,192,0
2,193,0
116,193,0
2,194,0
116,194,0
2,195,0
116,195,0
2,196,0
116,196,0
2,197,0
116,197,0
2,198,0
114,198,0
2,199,0
110,199,0
2,200,0
110,200,0
2,201,0
106,201,0
2,202,0
104,202,0
2,203,0
104,203,0
2,204,0
102,204,0
2,205,0
102,205,0
2,206,0
102,206,0
2,207,0
102,207,0
2,208,0
102,208,0
2,209,0
102,209,0
2,210,0
102,210,0
2,211,0
102,211,0
2,212,0
102,212,0
2,213,0
100,213,0
2,214,0
100,214,0
2,215,0
100,215,0
2,216,0
100,216,0
2,217,0
100,217,0
2,218,0
100,218,0
2,219,0
100,219,0
2,220,0
98,220,0
2,221,0
98,221,0
2,222,0
96,222,0
2,223,0
96,223,0
2,224,0
96,224,0
2,225,0
94,225,0
2,226,0
94,226,0
2,227,0
94,227,0
2,228,0
94,228,0
2,229,0
94,229,0
2,230,0
94,230,0
2,231,0
94,231,0
2,232,0
92,232,0
2,233,0
92,233,0
2,234,0
92,234,0
2,235,0
92,235,0
2,236,0
90,236,0
2,237,0
90,237,0
2,238,0
90,238,0
2,239,0
90,239,0
2,240,0
90,240,0
2,241,0
90,241,0
2,242,0
86,242,0
2,243,0
84,243,0
2,244,0
82,244,0
2,245,0
82,245,0
2,246,0
82,246,0
2,247,0
78,247,0
2,248,0
78,248,0
2,249,0
78,249,0
2,250,0
78,250,0
2,251,0
78,251,0
2,252,0
78,252,0
2,253,0
78,253,0
2,254,0
76,254,0
2,255,0
76,255,0
2,256,0
76,256,0
2,257,0
76,257,0
2,258,0
76,258,0
2,259,0
76,259,0
2,260,0
76,260,0
2,261,0
76,261,0
2,262,0
76,262,0
2,263,0
76,263,0
2,264,0
76,264,0
2,265,0
76,265,0
2,266,0
76,266,0
2,267,0
76,267,0
2,268,0
76,268,0
2,269,0
76,269,0
2,270,0
76,270,0
2,271,0
76,271,0
2,272,0
76,272,0
2,273,0
76,273,0
2,274,0
76,274,0
2,275,0
74,275,0
2,276,0
74,276,0
2,277,0
74,277,0
2,278,0
74,278,0
2,279,0
74,279,0
2,280,0
74,280,0
2,281,0
72,281,0
2,282,0
72,282,0
2,283,0
72,283,0
2,284,0
72,284,0
2,285,0
68,285,0
2,286,0
64,286,0
2,287,0
64,287,0
2,288,0
64,288,0
2,289,0
64,289,0
2,290,0
60,290,0
2,291,0
60,291,0
2,292,0
60,292,0
2,293,0
60,293,0
2,294,0
60,294,0
2,295,0
60,295,0
2,296,0
60,296,0
2,297,0
60,297,0
2,298,0
60,298,0
2,299,0
60,299,0
2,300,0
58,300,0
2,301,0
58,301,0
2,302,0
58,302,0
2,303,0
58,303,0
2,304,0
58,304,0
2,305,0
58,305,0
2,306,0
54,306,0
2,307,0
54,307,0
2,308,0
54,308,0
2,309,0
54,309,0
2,310,0
54,310,0
2,311,0
54,311,0
2,312,0
54,312,0
2,313,0
54,313,0
2,314,0
54,314,0
2,315,0
54,315,0
2,316,0
54,316,0
2,317,0
54,317,0
2,318,0
54,318,0
2,319,0
52,319,0
2,320,0
52,320,0
2,321,0
52,321,0
2,322,0
52,322,0
2,323,0
50,323,0
2,324,0
50,324,0
2,325,0
50,325,0
2,326,0
50,326,0
2,327,0
50,327,0
2,328,0
50,328,0
2,329,0
50,329,0
2,330,0
50,330,0
2,331,0
50,331,0
2,332,0
50,332,0
2,333,0
50,333,0
2,334,0
50,334,0
2,335,0
50,335,0
2,336,0
50,336,0
2,337,0
50,337,0
2,338,0
50,338,0
2,339,0
50,339,0
2,340,0
50,340,0
2,341,0
50,341,0
2,342,0
50,342,0
2,343,0
48,343,0
2,344,0
48,344,0
2,345,0
48,345,0
2,346,0
48,346,0
2,347,0
48,347,0
2,348,0
46,348,0
2,349,0
46,349,0
2,350,0
46,350,0
2,351,0
46,351,0
2,352,0
46,352,0
2,353,0
46,353,0
2,354,0
44,354,0
2,355,0
44,355,0
2,356,0
44,356,0
2,357,0
44,357,0
2,358,0
44,358,0
2,359,0
44,359,0
2,360,0
42,360,0
2,361,0
42,361,0
2,362,0
42,362,0
2,363,0
40,363,0
2,364,0
40,364,0
2,365,0
40,365,0
2,366,0
40,366,0
2,367,0
40,367,0
2,368,0
40,368,0
2,369,0
40,369,0
2,370,0
40,370,0
2,371,0
40,371,0
2,372,0
40,372,0
2,373,0
40,373,0
2,374,0
40,374,0
2,375,0
40,375,0
2,376,0
40,376,0
2,377,0
40,377,0
2,378,0
38,378,0
2,379,0
36,379,0
2,380,0
36,380,0
2,381,0
36,381,0
2,382,0
36,382,0
2,383,0
34,383,0
2,384,0
34,384,0
2,385,0
34,385,0
2,386,0
34,386,0
2,387,0
34,387,0
2,388,0
34,388,0
2,389,0
32,389,0
2,390,0
32,390,0
2,391,0
32,391,0
2,392,0
32,392,0
2,393,0
32,393,0
2,394,0
32,394,0
2,395,0
32,395,0
2,396,0
32,396,0
2,397,0
32,397,0
2,398,0
32,398,0
2,399,0
32,399,0
2,400,0
32,400,0
2,401,0
32,401,0
2,402,0
32,402,0
2,403,0
32,403,0
2,404,0
32,404,0
2,405,0
32,405,0
2,406,0
32,406,0
2,407,0
32,407,0
2,408,0
32,408,0
2,409,0
32,409,0
2,410,0
32,410,0
2,411,0
32,411,0
2,412,0
32,412,0
2,413,0
32,413,0
2,414,0
32,414,0
2,415,0
32,415,0
2,416,0
30,416,0
2,417,0
30,417,0
2,418,0
30,418,0
2,419,0
30,419,0
2,420,0
30,420,0
2,421,0
30,421,0
2,422,0
30,422,0
2,423,0
28,423,0
2,424,0
28,424,0
2,425,0
28,425,0
2,426,0
28,426,0
2,427,0
28,427,0
2,428,0
28,428,0
2,429,0
28,429,0
2,430,0
28,430,0
2,431,0
28,431,0
2,432,0
28,432,0
2,433,0
28,433,0
2,434,0
28,434,0
2,435,0
28,435,0
2,436,0
28,436,0
2,437,0
28,437,0
2,438,0
28,438,0
2,439,0
28,439,0
2,440,0
28,440,0
2,441,0
28,441,0
2,442,0
28,442,0
2,443,0
28,443,0
2,444,0
26,444,0
2,445,0
26,445,0
2,446,0
26,446,0
2,447,0
26,447,0
2,448,0
26,448,0
2,449,0
26,449,0
2,450,0
24,450,0
2,451,0
24,451,0
2,452,0
24,452,0
2,453,0
24,453,0
2,454,0
24,454,0
2,455,0
24,455,0
2,456,0
24,456,0
2,457,0
24,457,0
2,458,0
24,458,0
2,459,0
24,459,0
2,460,0
24,460,0
2,461,0
24,461,0
2,462,0
24,462,0
2,463,0
24,463,0
2,464,0
24,464,0
2,465,0
24,465,0
2,466,0
24,466,0
2,467,0
24,467,0
2,468,0
24,468,0
2,469,0
24,469,0
2,470,0
24,470,0
2,471,0
24,471,0
2,472,0
24,472,0
2,473,0
24,473,0
2,474,0
24,474,0
2,475,0
24,475,0
2,476,0
24,476,0
2,477,0
22,477,0
2,478,0
22,478,0
2,479,0
22,479,0
2,480,0
22,480,0
2,481,0
22,481,0
2,482,0
22,482,0
2,483,0
22,483,0
2,484,0
22,484,0
2,485,0
22,485,0
2,486,0
22,486,0
2,487,0
22,487,0
2,488,0
22,488,0
2,489,0
22,489,0
2,490,0
22,490,0
2,491,0
22,491,0
2,492,0
22,492,0
2,493,0
22,493,0
2,494,0
22,494,0
2,495,0
22,495,0
2,496,0
22,496,0
2,497,0
22,497,0
2,498,0
22,498,0
2,499,0
22,499,0
2,500,0
22,500,0
2,501,0
22,501,0
2,502,0
22,502,0
2,503,0
22,503,0
2,504,0
22,504,0
2,505,0
22,505,0
2,506,0
22,506,0
2,507,0
22,507,0
2,508,0
22,508,0
2,509,0
22,509,0
2,510,0
22,510,0
2,511,0
22,511,0
2,512,0
20,512,0
2,513,0
20,513,0
2,514,0
20,514,0
2,515,0
20,515,0
2,516,0
20,516,0
2,517,0
20,517,0
2,518,0
20,518,0
2,519,0
20,519,0
2,520,0
20,520,0
2,521,0
20,521,0
2,522,0
20,522,0
2,523,0
20,523,0
2,524,0
20,524,0
2,525,0
20,525,0
2,526,0
20,526,0
2,527,0
20,527,0
2,528,0
20,528,0
2,529,0
20,529,0
2,530,0
18,530,0
2,531,0
18,531,0
2,532,0
18,532,0
2,533,0
18,533,0
2,534,0
18,534,0
2,535,0
18,535,0
2,536,0
18,536,0
2,537,0
18,537,0
2,538,0
18,538,0
2,539,0
18,539,0
2,540,0
18,540,0
2,541,0
16,541,0
2,542,0
16,542,0
2,543,0
16,543,0
2,544,0
16,544,0
2,545,0
16,545,0
2,546,0
16,546,0
2,547,0
16,547,0
2,548,0
16,548,0
2,549,0
16,549,0
2,550,0
16,550,0
2,551,0
16,551,0
2,552,0
16,552,0
2,553,0
16,553,0
2,554,0
16,554,0
2,555,0
16,555,0
2,556,0
16,556,0
2,557,0
16,557,0
2,558,0
16,558,0
2,559,0
16,559,0
2,560,0
16,560,0
2,561,0
16,561,0
2,562,0
16,562,0
2,563,0
16,563,0
2,564,0
16,564,0
2,565,0
16,565,0
2,566,0
16,566,0
2,567,0
16,567,0
2,568,0
14,568,0
2,569,0
14,569,0
2,570,0
14,570,0
2,571,0
14,571,0
2,572,0
14,572,0
2,573,0
14,573,0
2,574,0
14,574,0
2,575,0
14,575,0
2,576,0
14,576,0
2,577,0
14,577,0
2,578,0
14,578,0
2,579,0
14,579,0
2,580,0
14,580,0
2,581,0
14,581,0
2,582,0
14,582,0
2,583,0
14,583,0
2,584,0
14,584,0
2,585,0
14,585,0
2,586,0
14,586,0
2,587,0
14,587,0
2,588,0
14,588,0
2,589,0
14,589,0
2,590,0
14,590,0
2,591,0
14,591,0
2,592,0
14,592,0
2,593,0
14,593,0
2,594,0
14,594,0
2,595,0
14,595,0
2,596,0
14,596,0
2,597,0
14,597,0
2,598,0
12,598,0
2,599,0
12,599,0
2,600,0
12,600,0
2,601,0
12,601,0
2,602,0
12,602,0
2,603,0
12,603,0
2,604,0
12,604,0
2,605,0
10,605,0
2,606,0
10,606,0
2,607,0
10,607,0
2,608,0
10,608,0
2,609,0
10,609,0
2,610,0
10,610,0
2,611,0
10,611,0
2,612,0
10,612,0
2,613,0
10,613,0
2,614,0
10,614,0
2,615,0
10,615,0
2,616,0
10,616,0
2,617,0
10,617,0
2,618,0
10,618,0
2,619,0
10,619,0
2,620,0
10,620,0
2,621,0
10,621,0
2,622,0
10,622,0
2,623,0
10,623,0
2,624,0
10,624,0
2,625,0
10,625,0
2,626,0
10,626,0
2,627,0
10,627,0
2,628,0
10,628,0
2,629,0
10,629,0
2,630,0
10,630,0
2,631,0
10,631,0
2,632,0
10,632,0
2,633,0
10,633,0
2,634,0
10,634,0
2,635,0
10,635,0
2,636,0
10,636,0
2,637,0
10,637,0
2,638,0
10,638,0
2,639,0
10,639,0
2,640,0
10,640,0
2,641,0
10,641,0
2,642,0
10,642,0
2,643,0
10,643,0
2,644,0
10,644,0
2,645,0
10,645,0
2,646,0
10,646,0
2,647,0
10,647,0
2,648,0
10,648,0
2,649,0
10,649,0
2,650,0
10,650,0
2,651,0
10,651,0
2,652,0
10,652,0
2,653,0
10,653,0
2,654,0
10,654,0
2,655,0
10,655,0
2,656,0
10,656,0
2,657,0
10,657,0
2,658,0
10,658,0
2,659,0
10,659,0
2,660,0
10,660,0
2,661,0
10,661,0
2,662,0
10,662,0
2,663,0
10,663,0
2,664,0
10,664,0
2,665,0
10,665,0
2,666,0
10,666,0
2,667,0
10,667,0
2,668,0
10,668,0
2,669,0
10,669,0
2,670,0
10,670,0
2,671,0
10,671,0
2,672,0
10,672,0
2,673,0
10,673,0
2,674,0
10,674,0
2,675,0
10,675,0
2,676,0
10,676,0
2,677,0
10,677,0
2,678,0
10,678,0
2,679,0
10,679,0
2,680,0
10,680,0
2,681,0
10,681,0
2,682,0
10,682,0
2,683,0
10,683,0
2,684,0
10,684,0
2,685,0
10,685,0
2,686,0
10,686,0
2,687,0
10,687,0
2,688,0
10,688,0
2,689,0
10,689,0
2,690,0
10,690,0
2,691,0
10,691,0
2,692,0
10,692,0
2,693,0
10,693,0
2,694,0
10,694,0
2,695,0
10,695,0
2,696,0
10,696,0
2,697,0
10,697,0
2,698,0
10,698,0
2,699,0
10,699,0
2,700,0
10,700,0
2,701,0
10,701,0
2,702,0
10,702,0
2,703,0
10,703,0
2,704,0
10,704,0
2,705,0
10,705,0
2,706,0
10,706,0
2,707,0
10,707,0
2,708,0
10,708,0
2,709,0
10,709,0
2,710,0
10,710,0
2,711,0
10,711,0
2,712,0
10,712,0
2,713,0
10,713,0
2,714,0
10,714,0
2,715,0
10,715,0
2,716,0
10,716,0
2,717,0
10,717,0
2,718,0
10,718,0
2,719,0
10,719,0
2,720,0
10,720,0
2,721,0
10,721,0
2,722,0
10,722,0
2,723,0
10,723,0
2,724,0
10,724,0
2,725,0
10,725,0
2,726,0
10,726,0
2,727,0
10,727,0
2,728,0
10,728,0
2,729,0
10,729,0
2,730,0
10,730,0
2,731,0
10,731,0
2,732,0
10,732,0
2,733,0
10,733,0
2,734,0
10,734,0
2,735,0
10,735,0
2,736,0
10,736,0
2,737,0
10,737,0
2,738,0
10,738,0
2,739,0
10,739,0
2,740,0
10,740,0
2,741,0
10,741,0
2,742,0
10,742,0
2,743,0
10,743,0
2,744,0
10,744,0
2,745,0
10,745,0
2,746,0
10,746,0
2,747,0
10,747,0
2,748,0
10,748,0
2,749,0
10,749,0
2,750,0
10,750,0
2,751,0
10,751,0
2,752,0
10,752,0
2,753,0
10,753,0
2,754,0
10,754,0
2,755,0
10,755,0
2,756,0
10,756,0
2,757,0
10,757,0
2,758,0
10,758,0
2,759,0
10,759,0
2,760,0
10,760,0
2,761,0
10,761,0
2,762,0
10,762,0
2,763,0
10,763,0
2,764,0
8,764,0
2,765,0
8,765,0
2,766,0
8,766,0
2,767,0
8,767,0
2,768,0
8,768,0
2,769,0
8,769,0
2,770,0
8,770,0
2,771,0
6,771,0
2,772,0
6,772,0
2,773,0
6,773,0
2,774,0
6,774,0
2,775,0
6,775,0
2,776,0
6,776,0
2,777,0
6,777,0
2,778,0
6,778,0
2,779,0
6,779,0
2,780,0
6,780,0
2,781,0
6,781,0
2,782,0
6,782,0
2,783,0
6,783,0
2,784,0
6,784,0
2,785,0
6,785,0
2,786,0
6,786,0
2,787,0
6,787,0
2,788,0
6,788,0
2,789,0
6,789,0
2,790,0
6,790,0
2,791,0
6,791,0
2,792,0
6,792,0
2,793,0
6,793,0
2,794,0
6,794,0
2,795,0
6,795,0
2,796,0
6,796,0
2,797,0
6,797,0
2,798,0
6,798,0
2,799,0
6,799,0
2,800,0
6,800,0
2,801,0
6,801,0
2,802,0
6,802,0
2,803,0
4,803,0
2,804,0
4,804,0
2,805,0
4,805,0
2,806,0
4,806,0
2,807,0
4,807,0
2,808,0
4,808,0
2,809,0
4,809,0
2,810,0
4,810,0
2,811,0
4,811,0
2,812,0
4,812,0
2,813,0
4,813,0
2,814,0
4,814,0
2,815,0
4,815,0
2,816,0
4,816,0
2,817,0
4,817,0
2,818,0
4,818,0
2,819,0
4,819,0
2,820,0
4,820,0
2,821,0
4,821,0
2,822,0
4,822,0
2,823,0
4,823,0
2,824,0
4,824,0
2,825,0
4,825,0
2,826,0
4,826,0
2,827,0
4,827,0
2,828,0
4,828,0
2,829,0
2,829,0
2,830,0
2,830,0
2,831,0
2,831,0
2,832,0
2,832,0
2,833,0
2,833,0
2,834,0
2,834,0
2,835,0
2,835,0
2,836,0
2,836,0
2,837,0
2,837,0
2,838,0
2,838,0
2,839,0
2,839,0
2,840,0
2,840,0
2,841,0
2,841,0
2,842,0
2,842,0
2,843,0
2,843,0
2,844,0
2,844,0
2,845,0
2,845,0
2,846,0
2,846,0
2,847,0
2,847,0
2,848,0
2,848,0
2,849,0
2,849,0
2,850,0
2,850,0
2,851,0
2,851,0
2,852,0
2,852,0
2,853,0
2,853,0
2,854,0
2,854,0
2,855,0
2,855,0
2,856,0
2,856,0
2,857,0
2,857,0
2,858,0
2,858,0
2,859,0
2,859,0
2,860,0
2,860,0
2,861,0
2,861,0
2,862,0
2,862,0
2,863,0
2,863,0
2,864,0
2,864,0
2,865,0
2,865,0
2,866,0
2,866,0
2,867,0
2,867,0
2,868,0
2,868,0
2,869,0
2,869,0
2,870,0
2,870,0
2,871,0
2,871,0
2,872,0
2,872,0
2,873,0
2,873,0
2,874,0
2,874,0
2,875,0
2,875,0
2,876,0
2,876,0
2,877,0
2,877,0
2,878,0
2,878,0
2,879,0
2,879,0
2,880,0
2,880,0
2,881,0
2,881,0
2,882,0
2,882,0
2,883,0
2,883,0
2,884,0
2,884,0
2,885,0
2,885,0
2,886,0
2,886,0
2,887,0
2,887,0
2,888,0
2,888,0
2,889,0
2,889,0
2,890,0
2,890,0
2,891,0
2,891,0
2,892,0
2,892,0
2,893,0
2,893,0
2,894,0
2,894,0
2,895,0
2,895,0
2,896,0
2,896,0
2,897,0
2,897,0
2,898,0
2,898,0
2,899,0
2,899,0
2,900,0
2,900,0
2,901,0
2,901,0
2,902,0
2,902,0
2,903,0
2,903,0
2,904,0
2,904,0
2,905,0
2,905,0
2,906,0
2,906,0
2,907,0
2,907,0
2,908,0
2,908,0
2,909,0
2,909,0
2,910,0
2,910,0
2,911,0
2,911,0
2,912,0
2,912,0
2,913,0
2,913,0
2,914,0
2,914,0
2,915,0
2,915,0
2,916,0
2,916,0
2,917,0
2,917,0
2,918,0
2,918,0
2,919,0
2,919,0
2,920,0
2,920,0
2,921,0
2,921,0
2,922,0
2,922,0
2,923,0
2,923,0
2,924,0
2,924,0
2,925,0
2,925,0
2,926,0
2,926,0
2,927,0
2,927,0
2,928,0
2,928,0
2,929,0
2,929,0
2,930,0
2,930,0
2,931,0
2,931,0
2,932,0
2,932,0
2,933,0
2,933,0
2,934,0
2,934,0
2,935,0
2,935,0
2,936,0
2,936,0
2,937,0
2,937,0
2,938,0
2,938,0
2,939,0
2,939,0
2,940,0
2,940,0
2,941,0
2,941,0
2,942,0
2,942,0
2,943,0
2,943,0
2,944,0
2,944,0
2,945,0
2,945,0
2,946,0
2,946,0
2,947,0
2,947,0
2,948,0
2,948,0
2,949,0
2,949,0
2,950,0
2,950,0
2,951,0
2,951,0
2,952,0
2,952,0
2,953,0
2,953,0
2,954,0
2,954,0
2,955,0
2,955,0
2,956,0
2,956,0
2,957,0
2,957,0
2,958,0
2,958,0
2,959,0
2,959,0
2,960,0
2,960,0
2,961,0
2,961,0
2,962,0
2,962,0
2,963,0
2,963,0
2,964,0
2,964,0
2,965,0
2,965,0
2,966,0
2,966,0
2,967,0
2,967,0
2,968,0
2,968,0
2,969,0
2,969,0
2,970,0
2,970,0
2,971,0
2,971,0
2,972,0
2,972,0
2,973,0
2,973,0
2,974,0
2,974,0
