2,2,0
2,2,0
2,3,0
4,3,0
2,4,0
6,4,0
2,5,0
8,5,0
2,6,0
10,6,0
2,7,0
12,7,0
2,8,0
14,8,0
2,9,0
16,9,0
2,10,0
18,10,0
2,11,0
20,11,0
2,12,0
22,12,0
2,13,0
24,13,0
2,14,0
26,14,0
2,15,0
28,15,0
2,16,0
30,16,0
2,17,0
32,17,0
2,18,0
34,18,0
2,19,0
36,19,0
2,20,0
38,20,0
2,21,0
40,21,0
2,22,0
42,22,0
2,23,0
44,23,0
2,24,0
46,24,0
2,25,0
48,25,0
2,26,0
50,26,0
2,27,0
52,27,0
2,28,0
54,28,0
2,29,0
56,29,0
2,30,0
58,30,0
2,31,0
60,31,0
2,32,0
62,32,0
2,33,0
64,33,0
2,34,0
66,34,0
2,35,0
68,35,0
2,36,0
70,36,0
2,37,0
72,37,0
2,38,0
74,38,0
2,39,0
76,39,0
2,40,0
78,40,0
2,41,0
80,41,0
2,42,0
82,42,0
2,43,0
84,43,0
2,44,0
86,44,0
2,45,0
88,45,0
2,46,0
90,46,0
2,47,0
92,47,0
2,48,0
94,48,0
2,49,0
96,49,0
2,50,0
98,50,0
2,51,0
100,51,0
2,52,0
102,52,0
2,53,0
104,53,0
2,54,0
106,54,0
2,55,0
108,55,0
2,56,0
110,56,0
2,57,0
112,57,0
2,58,0
114,58,0
2,59,0
116,59,0
2,60,0
118,60,0
2,61,0
120,61,0
2,62,0
122,62,0
2,63,0
124,63,0
2,64,0
126,64,0
2,65,0
128,65,0
2,66,0
130,66,0
2,67,0
132,67,0
2,68,0
134,68,0
2,69,0
136,69,0
2,70,0
138,70,0
2,71,0
140,71,0
2,72,0
142,72,0
2,73,0
144,73,0
2,74,0
146,74,0
2,75,0
148,75,0
2,76,0
150,76,0
2,77,0
152,77,0
2,78,0
154,78,0
2,79,0
156,79,0
2,80,0
158,80,0
2,81,0
160,81,0
2,82,0
162,82,0
2,83,0
164,83,0
2,84,0
166,84,0
2,85,0
168,85,0
2,86,0
170,86,0
2,87,0
172,87,0
2,88,0
174,88,0
2,89,0
176,89,0
2,90,0
178,90,0
2,91,0
180,91,0
2,92,0
182,92,0
2,93,0
184,93,0
2,94,0
186,94,0
2,95,0
188,95,0
2,96,0
190,96,0
2,97,0
192,97,0
2,98,0
194,98,0
2,99,0
196,99,0
2,100,0
198,100,0
2,101,0
200,101,0
2,102,0
202,102,0
2,103,0
204,103,0
2,104,0
206,104,0
2,105,0
208,105,0
2,106,0
210,106,0
2,107,0
212,107,0
2,108,0
214,108,0
2,109,0
216,109,0
2,110,0
218,110,0
2,111,0
220,111,0
2,112,0
222,112,0
2,113,0
224,113,0
2,114,0
226,114,0
2,115,0
228,115,0
2,116,0
230,116,0
2,117,0
232,117,0
2,118,0
234,118,0
2,119,0
236,119,0
2,120,0
238,120,0
2,121,0
240,121,0
2,122,0
242,122,0
2,123,0
244,123,0
2,124,0
246,124,0
2,125,0
248,125,0
2,126,0
250,126,0
2,127,0
252,127,0
2,128,0
254,128,0
2,129,0
252,129,0
2,130,0
250,130,0
2,131,0
250,131,0
2,132,0
246,132,0
2,133,0
240,133,0
2,134,0
234,134,0
2,135,0
234,135,0
2,136,0
232,136,0
2,137,0
232,137,0
2,138,0
232,138,0
2,139,0
232,139,0
2,140,0
230,140,0
2,141,0
228,141,0
2,142,0
226,142,0
2,143,0
224,143,0
2,144,0
224,144,0
2,145,0
224,145,0
2,146,0
222,146,0
2,147,0
222,147,0
2,148,0
222,148,0
2,149,0
218,149,0
2,150,0
218,150,0
2,151,0
218,151,0
2,152,0
218,152,0
2,153,0
216,153,0
2,154,0
216,154,0
2,155,0
214,155,0
2,156,0
212,156,0
2,157,0
210,157,0
2,158,0
210,158,0
2,159,0
202,159,0
2,160,0
200,160,0
2,161,0
194,161,0
2,162,0
194,162,0
2,163,0
194,163,0
2,164,0
194,164,0
2,165,0
188,165,0
2,166,0
188,166,0
2,167,0
188,167,0
2,168,0
188,168,0
2,169,0
186,169,0
2,170,0
180,170,0
2,171,0
170,171,0
2,172,0
164,172,0
2,173,0
164,173,0
2,174,0
164,174,0
2,175,0
160,175,0
2,176,0
158,176,0
2,177,0
158,177,0
2,178,0
158,178,0
2,179,0
158,179,0
2,180,0
158,180,0
2,181,0
158,181,0
2,182,0
156,182,0
2,183,0
154,183,0
2,184,0
154,184,0
2,185,0
154,185,0
2,186,0
154,186,0
2,187,0
154,187,0
2,188,0
150,188,0
2,189,0
150,189,0
2,190,0
150,190,0
2,191,0
148,191,0
2,192,0
148,192,0
2,193,0
146,193,0
2,194,0
146,194,0
2,195,0
144,195,0
2,196,0
142,196,0
2,197,0
140,197,0
2,198,0
138,198,0
2,199,0
138,199,0
2,200,0
138,200,0
2,201,0
138,201,0
2,202,0
136,202,0
2,203,0
136,203,0
2,204,0
136,204,0
2,205,0
136,205,0
2,206,0
136,206,0
2,207,0
136,207,0
2,208,0
136,208,0
2,209,0
136,209,0
2,210,0
136,210,0
2,211,0
134,211,0
2,212,0
134,212,0
2,213,0
134,213,0
2,214,0
134,214,0
2,215,0
132,215,0
2,216,0
132,216,0
2,217,0
130,217,0
2,218,0
130,218,0
2,219,0
128,219,0
2,220,0
128,220,0
2,221,0
124,221,0
2,222,0
124,222,0
2,223,0
120,223,0
2,224,0
120,224,0
2,225,0
120,225,0
2,226,0
120,226,0
2,227,0
120,227,0
2,228,0
120,228,0
2,229,0
114,229,0
2,230,0
114,230,0
2,231,0
114,231,0
2,232,0
114,232,0
2,233,0
114,233,0
2,234,0
114,234,0
2,235,0
114,235,0
2,236,0
112,236,0
2,237,0
110,237,0
2,238,0
110,238,0
2,239,0
110,239,0
2,240,0
110,240,0
2,241,0
108,241,0
2,242,0
108,242,0
2,243,0
108,243,0
2,244,0
108,244,0
2,245,0
108,245,0
2,246,0
108,246,0
2,247,0
108,247,0
2,248,0
108,248,0
2,249,0
108,249,0
2,250,0
106,250,0
2,251,0
104,251,0
2,252,0
104,252,0
2,253,0
104,253,0
2,254,0
104,254,0
2,255,0
104,255,0
2,256,0
104,256,0
2,257,0
104,257,0
2,258,0
104,258,0
2,259,0
98,259,0
2,260,0
96,260,0
2,261,0
96,261,0
2,262,0
96,262,0
2,263,0
96,263,0
2,264,0
94,264,0
2,265,0
94,265,0
2,266,0
92,266,0
2,267,0
92,267,0
2,268,0
92,268,0
2,269,0
92,269,0
2,270,0
92,270,0
2,271,0
92,271,0
2,272,0
90,272,0
2,273,0
90,273,0
2,274,0
90,274,0
2,275,0
90,275,0
2,276,0
90,276,0
2,277,0
90,277,0
2,278,0
90,278,0
2,279,0
88,279,0
2,280,0
88,280,0
2,281,0
86,281,0
2,282,0
86,282,0
2,283,0
86,283,0
2,284,0
86,284,0
2,285,0
86,285,0
2,286,0
84,286,0
2,287,0
84,287,0
2,288,0
84,288,0
2,289,0
82,289,0
2,290,0
82,290,0
2,291,0
82,291,0
2,292,0
82,292,0
2,293,0
82,293,0
2,294,0
80,294,0
2,295,0
78,295,0
2,296,0
78,296,0
2,297,0
78,297,0
2,298,0
76,298,0
2,299,0
76,299,0
2,300,0
72,300,0
2,301,0
72,301,0
2,302,0
72,302,0
2,303,0
70,303,0
2,304,0
70,304,0
2,305,0
70,305,0
2,306,0
70,306,0
2,307,0
70,307,0
2,308,0
70,308,0
2,309,0
66,309,0
2,310,0
66,310,0
2,311,0
66,311,0
2,312,0
66,312,0
2,313,0
66,313,0
2,314,0
66,314,0
2,315,0
66,315,0
2,316,0
66,316,0
2,317,0
66,317,0
2,318,0
66,318,0
2,319,0
66,319,0
2,320,0
62,320,0
2,321,0
60,321,0
2,322,0
58,322,0
2,323,0
56,323,0
2,324,0
56,324,0
2,325,0
56,325,0
2,326,0
56,326,0
2,327,0
56,327,0
2,328,0
56,328,0
2,329,0
56,329,0
2,330,0
56,330,0
2,331,0
56,331,0
2,332,0
56,332,0
2,333,0
56,333,0
2,334,0
54,334,0
2,335,0
54,335,0
2,336,0
54,336,0
2,337,0
50,337,0
2,338,0
50,338,0
2,339,0
50,339,0
2,340,0
50,340,0
2,341,0
48,341,0
2,342,0
48,342,0
2,343,0
46,343,0
2,344,0
46,344,0
2,345,0
46,345,0
2,346,0
46,346,0
2,347,0
46,347,0
2,348,0
46,348,0
2,349,0
46,349,0
2,350,0
46,350,0
2,351,0
46,351,0
2,352,0
46,352,0
2,353,0
46,353,0
2,354,0
46,354,0
2,355,0
46,355,0
2,356,0
46,356,0
2,357,0
46,357,0
2,358,0
46,358,0
2,359,0
46,359,0
2,360,0
46,360,0
2,361,0
46,361,0
2,362,0
46,362,0
2,363,0
46,363,0
2,364,0
44,364,0
2,365,0
44,365,0
2,366,0
44,366,0
2,367,0
44,367,0
2,368,0
44,368,0
2,369,0
44,369,0
2,370,0
40,370,0
2,371,0
40,371,0
2,372,0
40,372,0
2,373,0
40,373,0
2,374,0
40,374,0
2,375,0
40,375,0
2,376,0
38,376,0
2,377,0
38,377,0
2,378,0
38,378,0
2,379,0
38,379,0
2,380,0
38,380,0
2,381,0
38,381,0
2,382,0
34,382,0
2,383,0
34,383,0
2,384,0
34,384,0
2,385,0
34,385,0
2,386,0
34,386,0
2,387,0
34,387,0
2,388,0
34,388,0
2,389,0
34,389,0
2,390,0
34,390,0
2,391,0
34,391,0
2,392,0
34,392,0
2,393,0
34,393,0
2,394,0
34,394,0
2,395,0
34,395,0
2,396,0
34,396,0
2,397,0
34,397,0
2,398,0
34,398,0
2,399,0
34,399,0
2,400,0
34,400,0
2,401,0
34,401,0
2,402,0
34,402,0
2,403,0
34,403,0
2,404,0
34,404,0
2,405,0
34,405,0
2,406,0
34,406,0
2,407,0
34,407,0
2,408,0
34,408,0
2,409,0
34,409,0
2,410,0
34,410,0
2,411,0
34,411,0
2,412,0
34,412,0
2,413,0
34,413,0
2,414,0
32,414,0
2,415,0
32,415,0
2,416,0
32,416,0
2,417,0
32,417,0
2,418,0
32,418,0
2,419,0
32,419,0
2,420,0
32,420,0
2,421,0
32,421,0
2,422,0
32,422,0
2,423,0
32,423,0
2,424,0
32,424,0
2,425,0
32,425,0
2,426,0
32,426,0
2,427,0
32,427,0
2,428,0
32,428,0
2,429,0
32,429,0
2,430,0
32,430,0
2,431,0
32,431,0
2,432,0
32,432,0
2,433,0
32,433,0
2,434,0
32,434,0
2,435,0
32,435,0
2,436,0
32,436,0
2,437,0
32,437,0
2,438,0
32,438,0
2,439,0
32,439,0
2,440,0
32,440,0
2,441,0
32,441,0
2,442,0
32,442,0
2,443,0
32,443,0
2,444,0
32,444,0
2,445,0
32,445,0
2,446,0
32,446,0
2,447,0
32,447,0
2,448,0
32,448,0
2,449,0
32,449,0
2,450,0
32,450,0
2,451,0
32,451,0
2,452,0
32,452,0
2,453,0
32,453,0
2,454,0
32,454,0
2,455,0
32,455,0
2,456,0
32,456,0
2,457,0
32,457,0
2,458,0
32,458,0
2,459,0
32,459,0
2,460,0
30,460,0
2,461,0
30,461,0
2,462,0
30,462,0
2,463,0
30,463,0
2,464,0
30,464,0
2,465,0
30,465,0
2,466,0
26,466,0
2,467,0
26,467,0
2,468,0
26,468,0
2,469,0
26,469,0
2,470,0
26,470,0
2,471,0
26,471,0
2,472,0
26,472,0
2,473,0
26,473,0
2,474,0
26,474,0
2,475,0
26,475,0
2,476,0
24,476,0
2,477,0
24,477,0
2,478,0
24,478,0
2,479,0
24,479,0
2,480,0
24,480,0
2,481,0
24,481,0
2,482,0
24,482,0
2,483,0
24,483,0
2,484,0
24,484,0
2,485,0
24,485,0
2,486,0
24,486,0
2,487,0
24,487,0
2,488,0
24,488,0
2,489,0
22,489,0
2,490,0
22,490,0
2,491,0
22,491,0
2,492,0
22,492,0
2,493,0
22,493,0
2,494,0
22,494,0
2,495,0
22,495,0
2,496,0
18,496,0
2,497,0
18,497,0
2,498,0
18,498,0
2,499,0
18,499,0
2,500,0
18,500,0
2,501,0
18,501,0
2,502,0
18,502,0
2,503,0
18,503,0
2,504,0
18,504,0
2,505,0
18,505,0
2,506,0
18,506,0
2,507,0
16,507,0
2,508,0
16,508,0
2,509,0
16,509,0
2,510,0
16,510,0
2,511,0
16,511,0
2,512,0
16,512,0
2,513,0
16,513,0
2,514,0
16,514,0
2,515,0
16,515,0
2,516,0
16,516,0
2,517,0
16,517,0
2,518,0
16,518,0
2,519,0
16,519,0
2,520,0
16,520,0
2,521,0
16,521,0
2,522,0
16,522,0
2,523,0
16,523,0
2,524,0
16,524,0
2,525,0
16,525,0
2,526,0
16,526,0
2,527,0
16,527,0
2,528,0
16,528,0
2,529,0
16,529,0
2,530,0
16,530,0
2,531,0
16,531,0
2,532,0
16,532,0
2,533,0
14,533,0
2,534,0
14,534,0
2,535,0
14,535,0
2,536,0
14,536,0
2,537,0
12,537,0
2,538,0
12,538,0
2,539,0
12,539,0
2,540,0
12,540,0
2,541,0
12,541,0
2,542,0
12,542,0
2,543,0
12,543,0
2,544,0
12,544,0
2,545,0
12,545,0
2,546,0
12,546,0
2,547,0
12,547,0
2,548,0
12,548,0
2,549,0
12,549,0
2,550,0
12,550,0
2,551,0
12,551,0
2,552,0
12,552,0
2,553,0
12,553,0
2,554,0
12,554,0
2,555,0
12,555,0
2,556,0
12,556,0
2,557,0
12,557,0
2,558,0
12,558,0
2,559,0
12,559,0
2,560,0
10,560,0
2,561,0
10,561,0
2,562,0
10,562,0
2,563,0
10,563,0
2,564,0
10,564,0
2,565,0
10,565,0
2,566,0
10,566,0
2,567,0
10,567,0
2,568,0
10,568,0
2,569,0
10,569,0
2,570,0
10,570,0
2,571,0
10,571,0
2,572,0
10,572,0
2,573,0
10,573,0
2,574,0
10,574,0
2,575,0
10,575,0
2,576,0
10,576,0
2,577,0
10,577,0
2,578,0
8,578,0
2,579,0
8,579,0
2,580,0
8,580,0
2,581,0
8,581,0
2,582,0
8,582,0
2,583,0
8,583,0
2,584,0
8,584,0
2,585,0
8,585,0
2,586,0
8,586,0
2,587,0
8,587,0
2,588,0
8,588,0
2,589,0
8,589,0
2,590,0
8,590,0
2,591,0
8,591,0
2,592,0
8,592,0
2,593,0
8,593,0
2,594,0
8,594,0
2,595,0
8,595,0
2,596,0
8,596,0
2,597,0
8,597,0
2,598,0
8,598,0
2,599,0
8,599,0
2,600,0
8,600,0
2,601,0
8,601,0
2,602,0
8,602,0
2,603,0
8,603,0
2,604,0
6,604,0
2,605,0
6,605,0
2,606,0
6,606,0
2,607,0
6,607,0
2,608,0
6,608,0
2,609,0
6,609,0
2,610,0
6,610,0
2,611,0
6,611,0
2,612,0
6,612,0
2,613,0
6,613,0
2,614,0
6,614,0
2,615,0
6,615,0
2,616,0
6,616,0
2,617,0
6,617,0
2,618,0
6,618,0
2,619,0
6,619,0
2,620,0
6,620,0
2,621,0
6,621,0
2,622,0
6,622,0
2,623,0
6,623,0
2,624,0
6,624,0
2,625,0
6,625,0
2,626,0
6,626,0
2,627,0
6,627,0
2,628,0
6,628,0
2,629,0
6,629,0
2,630,0
2,630,0
2,631,0
2,631,0
2,632,0
2,632,0
2,633,0
2,633,0
2,634,0
2,634,0
2,635,0
2,635,0
2,636,0
2,636,0
2,637,0
2,637,0
2,638,0
2,638,0
2,639,0
2,639,0
2,640,0
2,640,0
2,641,0
2,641,0
2,642,0
2,642,0
2,643,0
2,643,0
2,644,0
2,644,0
2,645,0
2,645,0
2,646,0
2,646,0
2,647,0
2,647,0
2,648,0
2,648,0
2,649,0
2,649,0
2,650,0
2,650,0
2,651,0
2,651,0
2,652,0
2,652,0
2,653,0
2,653,0
2,654,0
2,654,0
2,655,0
2,655,0
2,656,0
2,656,0
2,657,0
2,657,0
2,658,0
2,658,0
2,659,0
2,659,0
2,660,0
2,660,0
2,661,0
2,661,0
2,662,0
2,662,0
2,663,0
2,663,0
2,664,0
2,664,0
2,665,0
2,665,0
2,666,0
2,666,0
2,667,0
2,667,0
2,668,0
2,668,0
2,669,0
2,669,0
2,670,0
2,670,0
2,671,0
2,671,0
2,672,0
2,672,0
2,673,0
2,673,0
2,674,0
2,674,0
2,675,0
2,675,0
2,676,0
2,676,0
2,677,0
2,677,0
2,678,0
2,678,0
2,679,0
2,679,0
2,680,0
2,680,0
2,681,0
2,681,0
2,682,0
2,682,0
2,683,0
2,683,0
2,684,0
2,684,0
2,685,0
2,685,0
2,686,0
2,686,0
2,687,0
2,687,0
2,688,0
2,688,0
2,689,0
2,689,0
2,690,0
2,690,0
2,691,0
2,691,0
2,692,0
2,692,0
2,693,0
2,693,0
2,694,0
2,694,0
2,695,0
2,695,0
2,696,0
2,696,0
2,697,0
2,697,0
2,698,0
2,698,0
2,699,0
2,699,0
2,700,0
2,700,0
2,701,0
2,701,0
2,702,0
2,702,0
2,703,0
2,703,0
2,704,0
2,704,0
2,705,0
2,705,0
2,706,0
2,706,0
2,707,0
2,707,0
2,708,0
2,708,0
2,709,0
2,709,0
2,710,0
2,710,0
2,711,0
2,711,0
2,712,0
2,712,0
2,713,0
2,713,0
2,714,0
2,714,0
2,715,0
2,715,0
2,716,0
2,716,0
2,717,0
2,717,0
2,718,0
2,718,0
2,719,0
2,719,0
2,720,0
2,720,0
2,721,0
2,721,0
2,722,0
2,722,0
2,723,0
2,723,0
2,724,0
2,724,0
2,725,0
2,725,0
2,726,0
2,726,0
2,727,0
2,727,0
2,728,0
2,728,0
2,729,0
2,729,0
2,730,0
2,730,0
2,731,0
2,731,0
2,732,0
2,732,0
2,733,0
2,733,0
2,734,0
2,734,0
2,735,0
2,735,0
2,736,0
2,736,0
2,737,0
2,737,0
2,738,0
2,738,0
2,739,0
2,739,0
2,740,0
2,740,0
2,741,0
2,741,0
2,742,0
2,742,0
2,743,0
2,743,0
2,744,0
2,744,0
2,745,0
2,745,0
2,746,0
2,746,0
2,747,0
2,747,0
2,748,0
2,748,0
2,749,0
2,749,0
2,750,0
2,750,0
2,751,0
2,751,0
2,752,0
2,752,0
2,753,0
2,753,0
2,754,0
2,754,0
