1,1,0
866,1,0
1,2,0
797,2,0
1,3,0
797,3,0
1,4,0
754,4,0
1,5,0
754,5,0
1,6,0
631,6,0
1,7,0
631,7,0
1,8,0
613,8,0
1,9,0
613,9,0
1,10,0
599,10,0
1,11,0
599,11,0
1,12,0
578,12,0
1,13,0
578,13,0
1,14,0
549,14,0
1,15,0
549,15,0
1,16,0
528,16,0
1,17,0
528,17,0
1,18,0
480,18,0
1,19,0
480,19,0
1,20,0
476,20,0
1,21,0
476,21,0
1,22,0
475,22,0
1,23,0
475,23,0
1,24,0
456,24,0
1,25,0
456,25,0
1,26,0
438,26,0
1,27,0
438,27,0
1,28,0
429,28,0
1,29,0
429,29,0
1,30,0
420,30,0
1,31,0
420,31,0
1,32,0
418,32,0
1,33,0
418,33,0
1,34,0
395,34,0
1,35,0
395,35,0
1,36,0
388,36,0
1,37,0
388,37,0
1,38,0
385,38,0
1,39,0
385,39,0
1,40,0
365,40,0
1,41,0
365,41,0
1,42,0
360,42,0
1,43,0
360,43,0
1,44,0
345,44,0
1,45,0
345,45,0
1,46,0
339,46,0
1,47,0
339,47,0
1,48,0
334,48,0
1,49,0
334,49,0
1,50,0
330,50,0
1,51,0
330,51,0
1,52,0
329,52,0
1,53,0
329,53,0
1,54,0
328,54,0
1,55,0
328,55,0
1,56,0
322,56,0
1,57,0
322,57,0
1,58,0
319,58,0
1,59,0
319,59,0
1,60,0
313,60,0
1,61,0
313,61,0
1,62,0
286,62,0
1,63,0
286,63,0
1,64,0
272,64,0
1,65,0
272,65,0
1,66,0
265,66,0
1,67,0
265,67,0
1,68,0
252,68,0
1,69,0
252,69,0
1,70,0
251,70,0
1,71,0
251,71,0
1,72,0
250,72,0
1,73,0
250,73,0
1,74,0
242,74,0
1,75,0
242,75,0
1,76,0
239,76,0
1,77,0
239,77,0
1,78,0
238,78,0
1,79,0
238,79,0
1,80,0
235,80,0
1,81,0
235,81,0
1,82,0
234,82,0
1,83,0
234,83,0
1,84,0
229,84,0
1,85,0
229,85,0
1,86,0
227,86,0
1,87,0
227,87,0
1,88,0
216,88,0
1,89,0
216,89,0
1,90,0
214,90,0
1,91,0
214,91,0
1,92,0
204,92,0
1,93,0
204,93,0
1,94,0
201,94,0
1,95,0
201,95,0
1,96,0
198,96,0
1,97,0
198,97,0
1,98,0
197,98,0
1,99,0
197,99,0
1,100,0
195,100,0
1,101,0
195,101,0
1,102,0
194,102,0
1,103,0
194,103,0
1,104,0
192,104,0
1,105,0
192,105,0
1,106,0
191,106,0
1,107,0
191,107,0
1,108,0
189,108,0
1,109,0
189,109,0
1,110,0
187,110,0
1,111,0
187,111,0
1,112,0
175,112,0
1,113,0
175,113,0
1,114,0
172,114,0
1,115,0
172,115,0
1,116,0
161,116,0
1,117,0
161,117,0
1,118,0
154,118,0
1,119,0
154,119,0
1,120,0
153,120,0
1,121,0
153,121,0
1,122,0
146,122,0
1,123,0
146,123,0
1,124,0
144,124,0
1,125,0
144,125,0
1,126,0
142,126,0
1,127,0
142,127,0
1,128,0
141,128,0
1,129,0
141,129,0
1,130,0
130,130,0
1,131,0
130,131,0
1,132,0
129,132,0
1,133,0
129,133,0
1,134,0
123,134,0
1,135,0
123,135,0
1,136,0
122,136,0
1,137,0
122,137,0
1,138,0
120,138,0
1,139,0
120,139,0
1,140,0
119,140,0
1,141,0
119,141,0
1,142,0
118,142,0
1,143,0
118,143,0
1,144,0
116,144,0
1,145,0
116,145,0
1,146,0
111,146,0
1,147,0
111,147,0
1,148,0
107,148,0
1,149,0
107,149,0
1,150,0
103,150,0
1,151,0
103,151,0
1,152,0
99,152,0
1,153,0
99,153,0
1,154,0
96,154,0
1,155,0
96,155,0
1,156,0
94,156,0
1,157,0
94,157,0
1,158,0
90,158,0
1,159,0
90,159,0
1,160,0
87,160,0
1,161,0
87,161,0
1,162,0
86,162,0
1,163,0
86,163,0
1,164,0
85,164,0
1,165,0
85,165,0
1,166,0
79,166,0
1,167,0
79,167,0
1,168,0
77,168,0
1,169,0
77,169,0
1,170,0
75,170,0
1,171,0
75,171,0
1,172,0
74,172,0
1,173,0
74,173,0
1,174,0
69,174,0
1,175,0
69,175,0
1,176,0
67,176,0
1,177,0
67,177,0
1,178,0
65,178,0
1,179,0
65,179,0
1,180,0
64,180,0
1,181,0
64,181,0
1,182,0
62,182,0
1,183,0
62,183,0
1,184,0
61,184,0
1,185,0
61,185,0
1,186,0
60,186,0
1,187,0
60,187,0
1,188,0
59,188,0
1,189,0
59,189,0
1,190,0
58,190,0
1,191,0
58,191,0
1,192,0
56,192,0
1,193,0
56,193,0
1,194,0
55,194,0
1,195,0
55,195,0
1,196,0
51,196,0
1,197,0
51,197,0
1,198,0
48,198,0
1,199,0
48,199,0
1,200,0
47,200,0
1,201,0
47,201,0
1,202,0
44,202,0
1,203,0
44,203,0
1,204,0
34,204,0
1,205,0
34,205,0
1,206,0
30,206,0
1,207,0
30,207,0
1,208,0
29,208,0
1,209,0
29,209,0
1,210,0
26,210,0
1,211,0
26,211,0
1,212,0
25,212,0
1,213,0
25,213,0
1,214,0
23,214,0
1,215,0
23,215,0
1,216,0
22,216,0
1,217,0
22,217,0
1,218,0
20,218,0
1,219,0
20,219,0
1,220,0
18,220,0
1,221,0
18,221,0
1,222,0
14,222,0
1,223,0
14,223,0
1,224,0
13,224,0
1,225,0
13,225,0
1,226,0
12,226,0
1,227,0
12,227,0
1,228,0
11,228,0
1,229,0
11,229,0
1,230,0
10,230,0
1,231,0
10,231,0
1,232,0
9,232,0
1,233,0
9,233,0
1,234,0
6,234,0
1,235,0
6,235,0
1,236,0
3,236,0
1,237,0
3,237,0
1,238,0
2,238,0
1,239,0
2,239,0
