1,1,0
39,1,0
1,2,0
38,2,0
1,3,0
37,3,0
1,4,0
36,4,0
1,5,0
36,5,0
1,6,0
35,6,0
1,7,0
34,7,0
1,8,0
34,8,0
1,9,0
33,9,0
1,10,0
32,10,0
1,11,0
32,11,0
1,12,0
32,12,0
1,13,0
31,13,0
1,14,0
31,14,0
1,15,0
31,15,0
1,16,0
30,16,0
1,17,0
30,17,0
1,18,0
29,18,0
1,19,0
29,19,0
1,20,0
29,20,0
1,21,0
28,21,0
1,22,0
28,22,0
1,23,0
27,23,0
1,24,0
27,24,0
1,25,0
26,25,0
1,26,0
26,26,0
1,27,0
25,27,0
1,28,0
25,28,0
1,29,0
25,29,0
1,30,0
24,30,0
1,31,0
24,31,0
1,32,0
24,32,0
1,33,0
24,33,0
1,34,0
24,34,0
1,35,0
24,35,0
1,36,0
24,36,0
1,37,0
24,37,0
1,38,0
24,38,0
1,39,0
23,39,0
1,40,0
23,40,0
1,41,0
23,41,0
1,42,0
22,42,0
1,43,0
22,43,0
1,44,0
22,44,0
1,45,0
22,45,0
1,46,0
22,46,0
1,47,0
21,47,0
1,48,0
21,48,0
1,49,0
20,49,0
1,50,0
20,50,0
1,51,0
20,51,0
1,52,0
20,52,0
1,53,0
20,53,0
1,54,0
20,54,0
1,55,0
19,55,0
1,56,0
18,56,0
1,57,0
18,57,0
1,58,0
17,58,0
1,59,0
16,59,0
1,60,0
16,60,0
1,61,0
16,61,0
1,62,0
16,62,0
1,63,0
16,63,0
1,64,0
15,64,0
1,65,0
15,65,0
1,66,0
15,66,0
1,67,0
15,67,0
1,68,0
15,68,0
1,69,0
15,69,0
1,70,0
15,70,0
1,71,0
14,71,0
1,72,0
14,72,0
1,73,0
14,73,0
1,74,0
14,74,0
1,75,0
13,75,0
1,76,0
13,76,0
1,77,0
13,77,0
1,78,0
12,78,0
1,79,0
12,79,0
1,80,0
11,80,0
1,81,0
11,81,0
1,82,0
11,82,0
1,83,0
11,83,0
1,84,0
11,84,0
1,85,0
11,85,0
1,86,0
10,86,0
1,87,0
10,87,0
1,88,0
10,88,0
1,89,0
10,89,0
1,90,0
10,90,0
1,91,0
10,91,0
1,92,0
10,92,0
1,93,0
10,93,0
1,94,0
10,94,0
1,95,0
10,95,0
1,96,0
10,96,0
1,97,0
10,97,0
1,98,0
10,98,0
1,99,0
10,99,0
1,100,0
10,100,0
1,101,0
10,101,0
1,102,0
10,102,0
1,103,0
10,103,0
1,104,0
10,104,0
1,105,0
10,105,0
1,106,0
10,106,0
1,107,0
10,107,0
1,108,0
10,108,0
1,109,0
10,109,0
1,110,0
10,110,0
1,111,0
10,111,0
1,112,0
10,112,0
1,113,0
10,113,0
1,114,0
10,114,0
1,115,0
10,115,0
1,116,0
10,116,0
1,117,0
10,117,0
1,118,0
10,118,0
1,119,0
10,119,0
1,120,0
9,120,0
1,121,0
9,121,0
1,122,0
9,122,0
1,123,0
9,123,0
1,124,0
9,124,0
1,125,0
9,125,0
1,126,0
8,126,0
1,127,0
8,127,0
1,128,0
8,128,0
1,129,0
8,129,0
1,130,0
8,130,0
1,131,0
8,131,0
1,132,0
8,132,0
1,133,0
8,133,0
1,134,0
8,134,0
1,135,0
8,135,0
1,136,0
8,136,0
1,137,0
8,137,0
1,138,0
8,138,0
1,139,0
8,139,0
1,140,0
8,140,0
1,141,0
8,141,0
1,142,0
8,142,0
1,143,0
8,143,0
1,144,0
8,144,0
1,145,0
8,145,0
1,146,0
7,146,0
1,147,0
7,147,0
1,148,0
7,148,0
1,149,0
7,149,0
1,150,0
6,150,0
1,151,0
6,151,0
1,152,0
6,152,0
1,153,0
6,153,0
1,154,0
5,154,0
1,155,0
5,155,0
1,156,0
5,156,0
1,157,0
5,157,0
1,158,0
5,158,0
1,159,0
5,159,0
1,160,0
5,160,0
1,161,0
5,161,0
1,162,0
5,162,0
1,163,0
5,163,0
1,164,0
5,164,0
1,165,0
5,165,0
1,166,0
5,166,0
1,167,0
5,167,0
1,168,0
5,168,0
1,169,0
5,169,0
1,170,0
5,170,0
1,171,0
4,171,0
1,172,0
4,172,0
1,173,0
4,173,0
1,174,0
4,174,0
1,175,0
4,175,0
1,176,0
4,176,0
1,177,0
4,177,0
1,178,0
4,178,0
1,179,0
4,179,0
1,180,0
4,180,0
1,181,0
4,181,0
1,182,0
4,182,0
1,183,0
4,183,0
1,184,0
4,184,0
1,185,0
4,185,0
1,186,0
4,186,0
1,187,0
4,187,0
1,188,0
3,188,0
1,189,0
3,189,0
1,190,0
3,190,0
1,191,0
3,191,0
1,192,0
3,192,0
1,193,0
3,193,0
1,194,0
3,194,0
1,195,0
3,195,0
1,196,0
3,196,0
1,197,0
3,197,0
1,198,0
2,198,0
1,199,0
2,199,0
1,200,0
2,200,0
1,201,0
2,201,0
1,202,0
2,202,0
1,203,0
2,203,0
1,204,0
2,204,0
1,205,0
2,205,0
1,206,0
2,206,0
1,207,0
1,207,0
1,208,0
1,208,0
1,209,0
1,209,0
1,210,0
1,210,0
1,211,0
1,211,0
1,212,0
1,212,0
1,213,0
1,213,0
1,214,0
1,214,0
1,215,0
1,215,0
1,216,0
1,216,0
1,217,0
1,217,0
1,218,0
1,218,0
1,219,0
1,219,0
1,220,0
1,220,0
1,221,0
1,221,0
1,222,0
1,222,0
1,223,0
1,223,0
1,224,0
1,224,0
1,225,0
1,225,0
1,226,0
1,226,0
1,227,0
1,227,0
1,228,0
1,228,0
1,229,0
1,229,0
1,230,0
1,230,0
1,231,0
1,231,0
1,232,0
1,232,0
1,233,0
1,233,0
1,234,0
1,234,0
1,235,0
1,235,0
1,236,0
1,236,0
1,237,0
1,237,0
1,238,0
1,238,0
1,239,0
1,239,0
1,240,0
1,240,0
1,241,0
1,241,0
1,242,0
1,242,0
1,243,0
1,243,0
1,244,0
1,244,0
1,245,0
1,245,0
1,246,0
1,246,0
1,247,0
1,247,0
1,248,0
1,248,0
1,249,0
1,249,0
1,250,0
1,250,0
1,251,0
1,251,0
1,252,0
1,252,0
1,253,0
1,253,0
1,254,0
1,254,0
1,255,0
1,255,0
1,256,0
1,256,0
1,257,0
1,257,0
1,258,0
1,258,0
1,259,0
1,259,0
1,260,0
1,260,0
1,261,0
1,261,0
1,262,0
1,262,0
1,263,0
1,263,0
1,264,0
1,264,0
1,265,0
1,265,0
1,266,0
1,266,0
1,267,0
1,267,0
1,268,0
1,268,0
1,269,0
1,269,0
1,270,0
1,270,0
1,271,0
1,271,0
1,272,0
1,272,0
1,273,0
1,273,0
1,274,0
1,274,0
1,275,0
1,275,0
1,276,0
1,276,0
1,277,0
1,277,0
1,278,0
1,278,0
1,279,0
1,279,0
1,280,0
1,280,0
1,281,0
1,281,0
1,282,0
1,282,0
1,283,0
1,283,0
1,284,0
1,284,0
1,285,0
1,285,0
1,286,0
1,286,0
1,287,0
1,287,0
1,288,0
1,288,0
1,289,0
1,289,0
1,290,0
1,290,0
1,291,0
1,291,0
1,292,0
1,292,0
1,293,0
1,293,0
1,294,0
1,294,0
1,295,0
1,295,0
1,296,0
1,296,0
1,297,0
1,297,0
1,298,0
1,298,0
1,299,0
1,299,0
1,300,0
1,300,0
1,301,0
1,301,0
1,302,0
1,302,0
1,303,0
1,303,0
1,304,0
1,304,0
1,305,0
1,305,0
1,306,0
1,306,0
1,307,0
1,307,0
1,308,0
1,308,0
1,309,0
1,309,0
1,310,0
1,310,0
1,311,0
1,311,0
1,312,0
1,312,0
1,313,0
1,313,0
1,314,0
1,314,0
1,315,0
1,315,0
1,316,0
1,316,0
1,317,0
1,317,0
1,318,0
1,318,0
1,319,0
1,319,0
1,320,0
1,320,0
1,321,0
1,321,0
1,322,0
1,322,0
1,323,0
1,323,0
1,324,0
1,324,0
1,325,0
1,325,0
1,326,0
1,326,0
1,327,0
1,327,0
1,328,0
1,328,0
1,329,0
1,329,0
1,330,0
1,330,0
1,331,0
1,331,0
1,332,0
1,332,0
1,333,0
1,333,0
1,334,0
1,334,0
1,335,0
1,335,0
1,336,0
1,336,0
1,337,0
1,337,0
1,338,0
1,338,0
1,339,0
1,339,0
1,340,0
1,340,0
1,341,0
1,341,0
1,342,0
1,342,0
