1,2,0
1,2,0
1,3,0
2,3,0
1,4,0
3,4,0
1,5,0
4,5,0
1,6,0
5,6,0
1,7,0
6,7,0
1,8,0
7,8,0
1,9,0
8,9,0
1,10,0
9,10,0
1,11,0
10,11,0
1,12,0
11,12,0
1,13,0
12,13,0
1,14,0
13,14,0
1,15,0
14,15,0
1,16,0
15,16,0
1,17,0
16,17,0
1,18,0
17,18,0
1,19,0
18,19,0
1,20,0
19,20,0
1,21,0
20,21,0
1,22,0
21,22,0
1,23,0
22,23,0
1,24,0
23,24,0
1,25,0
24,25,0
1,26,0
25,26,0
1,27,0
26,27,0
1,28,0
27,28,0
1,29,0
28,29,0
1,30,0
29,30,0
1,31,0
30,31,0
1,32,0
31,32,0
1,33,0
32,33,0
1,34,0
33,34,0
1,35,0
34,35,0
1,36,0
35,36,0
1,37,0
36,37,0
1,38,0
37,38,0
1,39,0
38,39,0
1,40,0
39,40,0
1,41,0
40,41,0
1,42,0
41,42,0
1,43,0
42,43,0
1,44,0
43,44,0
1,45,0
44,45,0
1,46,0
45,46,0
1,47,0
46,47,0
1,48,0
47,48,0
1,49,0
48,49,0
1,50,0
49,50,0
1,51,0
50,51,0
1,52,0
51,52,0
1,53,0
52,53,0
1,54,0
53,54,0
1,55,0
54,55,0
1,56,0
55,56,0
1,57,0
56,57,0
1,58,0
57,58,0
1,59,0
58,59,0
1,60,0
59,60,0
1,61,0
60,61,0
1,62,0
61,62,0
1,63,0
62,63,0
1,64,0
63,64,0
1,65,0
64,65,0
1,66,0
65,66,0
1,67,0
66,67,0
1,68,0
67,68,0
1,69,0
68,69,0
1,70,0
69,70,0
1,71,0
70,71,0
1,72,0
71,72,0
1,73,0
72,73,0
1,74,0
73,74,0
1,75,0
74,75,0
1,76,0
75,76,0
1,77,0
76,77,0
1,78,0
77,78,0
1,79,0
78,79,0
1,80,0
79,80,0
1,81,0
80,81,0
1,82,0
81,82,0
1,83,0
82,83,0
1,84,0
83,84,0
1,85,0
84,85,0
1,86,0
85,86,0
1,87,0
86,87,0
1,88,0
87,88,0
1,89,0
88,89,0
1,90,0
89,90,0
1,91,0
90,91,0
1,92,0
91,92,0
1,93,0
92,93,0
1,94,0
93,94,0
1,95,0
94,95,0
1,96,0
95,96,0
1,97,0
96,97,0
1,98,0
97,98,0
1,99,0
98,99,0
1,100,0
99,100,0
1,101,0
100,101,0
1,102,0
101,102,0
1,103,0
102,103,0
1,104,0
103,104,0
1,105,0
104,105,0
1,106,0
105,106,0
1,107,0
106,107,0
1,108,0
107,108,0
1,109,0
108,109,0
1,110,0
109,110,0
1,111,0
110,111,0
1,112,0
111,112,0
1,113,0
112,113,0
1,114,0
113,114,0
1,115,0
114,115,0
1,116,0
115,116,0
1,117,0
116,117,0
1,118,0
117,118,0
1,119,0
118,119,0
1,120,0
119,120,0
1,121,0
120,121,0
1,122,0
121,122,0
1,123,0
122,123,0
1,124,0
123,124,0
1,125,0
122,125,0
1,126,0
122,126,0
1,127,0
121,127,0
1,128,0
118,128,0
1,129,0
118,129,0
1,130,0
118,130,0
1,131,0
115,131,0
1,132,0
115,132,0
1,133,0
114,133,0
1,134,0
114,134,0
1,135,0
111,135,0
1,136,0
111,136,0
1,137,0
110,137,0
1,138,0
110,138,0
1,139,0
110,139,0
1,140,0
110,140,0
1,141,0
110,141,0
1,142,0
110,142,0
1,143,0
110,143,0
1,144,0
110,144,0
1,145,0
110,145,0
1,146,0
109,146,0
1,147,0
106,147,0
1,148,0
106,148,0
1,149,0
105,149,0
1,150,0
105,150,0
1,151,0
103,151,0
1,152,0
102,152,0
1,153,0
99,153,0
1,154,0
99,154,0
1,155,0
99,155,0
1,156,0
98,156,0
1,157,0
96,157,0
1,158,0
96,158,0
1,159,0
94,159,0
1,160,0
93,160,0
1,161,0
93,161,0
1,162,0
92,162,0
1,163,0
92,163,0
1,164,0
92,164,0
1,165,0
92,165,0
1,166,0
92,166,0
1,167,0
92,167,0
1,168,0
92,168,0
1,169,0
92,169,0
1,170,0
92,170,0
1,171,0
92,171,0
1,172,0
91,172,0
1,173,0
89,173,0
1,174,0
87,174,0
1,175,0
86,175,0
1,176,0
86,176,0
1,177,0
86,177,0
1,178,0
86,178,0
1,179,0
84,179,0
1,180,0
84,180,0
1,181,0
84,181,0
1,182,0
84,182,0
1,183,0
80,183,0
1,184,0
80,184,0
1,185,0
74,185,0
1,186,0
74,186,0
1,187,0
73,187,0
1,188,0
73,188,0
1,189,0
73,189,0
1,190,0
73,190,0
1,191,0
68,191,0
1,192,0
68,192,0
1,193,0
68,193,0
1,194,0
67,194,0
1,195,0
67,195,0
1,196,0
65,196,0
1,197,0
64,197,0
1,198,0
64,198,0
1,199,0
64,199,0
1,200,0
63,200,0
1,201,0
63,201,0
1,202,0
63,202,0
1,203,0
63,203,0
1,204,0
63,204,0
1,205,0
63,205,0
1,206,0
63,206,0
1,207,0
63,207,0
1,208,0
63,208,0
1,209,0
63,209,0
1,210,0
61,210,0
1,211,0
59,211,0
1,212,0
59,212,0
1,213,0
59,213,0
1,214,0
59,214,0
1,215,0
59,215,0
1,216,0
59,216,0
1,217,0
59,217,0
1,218,0
59,218,0
1,219,0
59,219,0
1,220,0
59,220,0
1,221,0
58,221,0
1,222,0
58,222,0
1,223,0
58,223,0
1,224,0
57,224,0
1,225,0
57,225,0
1,226,0
57,226,0
1,227,0
56,227,0
1,228,0
56,228,0
1,229,0
54,229,0
1,230,0
54,230,0
1,231,0
54,231,0
1,232,0
54,232,0
1,233,0
54,233,0
1,234,0
53,234,0
1,235,0
53,235,0
1,236,0
52,236,0
1,237,0
52,237,0
1,238,0
51,238,0
1,239,0
51,239,0
1,240,0
49,240,0
1,241,0
48,241,0
1,242,0
48,242,0
1,243,0
48,243,0
1,244,0
48,244,0
1,245,0
46,245,0
1,246,0
46,246,0
1,247,0
46,247,0
1,248,0
46,248,0
1,249,0
46,249,0
1,250,0
45,250,0
1,251,0
45,251,0
1,252,0
45,252,0
1,253,0
45,253,0
1,254,0
45,254,0
1,255,0
45,255,0
1,256,0
45,256,0
1,257,0
45,257,0
1,258,0
44,258,0
1,259,0
44,259,0
1,260,0
44,260,0
1,261,0
44,261,0
1,262,0
44,262,0
1,263,0
44,263,0
1,264,0
43,264,0
1,265,0
43,265,0
1,266,0
42,266,0
1,267,0
42,267,0
1,268,0
42,268,0
1,269,0
39,269,0
1,270,0
39,270,0
1,271,0
39,271,0
1,272,0
39,272,0
1,273,0
39,273,0
1,274,0
39,274,0
1,275,0
39,275,0
1,276,0
39,276,0
1,277,0
39,277,0
1,278,0
39,278,0
1,279,0
37,279,0
1,280,0
37,280,0
1,281,0
36,281,0
1,282,0
35,282,0
1,283,0
35,283,0
1,284,0
35,284,0
1,285,0
35,285,0
1,286,0
35,286,0
1,287,0
35,287,0
1,288,0
35,288,0
1,289,0
34,289,0
1,290,0
34,290,0
1,291,0
34,291,0
1,292,0
34,292,0
1,293,0
34,293,0
1,294,0
34,294,0
1,295,0
34,295,0
1,296,0
34,296,0
1,297,0
34,297,0
1,298,0
32,298,0
1,299,0
32,299,0
1,300,0
32,300,0
1,301,0
32,301,0
1,302,0
32,302,0
1,303,0
32,303,0
1,304,0
31,304,0
1,305,0
30,305,0
1,306,0
29,306,0
1,307,0
29,307,0
1,308,0
29,308,0
1,309,0
29,309,0
1,310,0
29,310,0
1,311,0
29,311,0
1,312,0
29,312,0
1,313,0
29,313,0
1,314,0
29,314,0
1,315,0
29,315,0
1,316,0
29,316,0
1,317,0
29,317,0
1,318,0
29,318,0
1,319,0
29,319,0
1,320,0
29,320,0
1,321,0
29,321,0
1,322,0
28,322,0
1,323,0
28,323,0
1,324,0
27,324,0
1,325,0
27,325,0
1,326,0
27,326,0
1,327,0
26,327,0
1,328,0
26,328,0
1,329,0
26,329,0
1,330,0
26,330,0
1,331,0
26,331,0
1,332,0
26,332,0
1,333,0
26,333,0
1,334,0
26,334,0
1,335,0
26,335,0
1,336,0
26,336,0
1,337,0
26,337,0
1,338,0
26,338,0
1,339,0
26,339,0
1,340,0
26,340,0
1,341,0
26,341,0
1,342,0
26,342,0
1,343,0
25,343,0
1,344,0
25,344,0
1,345,0
24,345,0
1,346,0
24,346,0
1,347,0
24,347,0
1,348,0
24,348,0
1,349,0
24,349,0
1,350,0
24,350,0
1,351,0
24,351,0
1,352,0
24,352,0
1,353,0
24,353,0
1,354,0
24,354,0
1,355,0
24,355,0
1,356,0
24,356,0
1,357,0
24,357,0
1,358,0
24,358,0
1,359,0
24,359,0
1,360,0
23,360,0
1,361,0
23,361,0
1,362,0
23,362,0
1,363,0
23,363,0
1,364,0
23,364,0
1,365,0
23,365,0
1,366,0
23,366,0
1,367,0
23,367,0
1,368,0
23,368,0
1,369,0
23,369,0
1,370,0
22,370,0
1,371,0
22,371,0
1,372,0
22,372,0
1,373,0
22,373,0
1,374,0
22,374,0
1,375,0
22,375,0
1,376,0
22,376,0
1,377,0
22,377,0
1,378,0
22,378,0
1,379,0
22,379,0
1,380,0
22,380,0
1,381,0
22,381,0
1,382,0
22,382,0
1,383,0
22,383,0
1,384,0
22,384,0
1,385,0
22,385,0
1,386,0
22,386,0
1,387,0
22,387,0
1,388,0
22,388,0
1,389,0
22,389,0
1,390,0
22,390,0
1,391,0
22,391,0
1,392,0
22,392,0
1,393,0
22,393,0
1,394,0
22,394,0
1,395,0
22,395,0
1,396,0
21,396,0
1,397,0
21,397,0
1,398,0
21,398,0
1,399,0
21,399,0
1,400,0
21,400,0
1,401,0
21,401,0
1,402,0
21,402,0
1,403,0
21,403,0
1,404,0
21,404,0
1,405,0
21,405,0
1,406,0
21,406,0
1,407,0
20,407,0
1,408,0
20,408,0
1,409,0
20,409,0
1,410,0
20,410,0
1,411,0
20,411,0
1,412,0
20,412,0
1,413,0
20,413,0
1,414,0
20,414,0
1,415,0
20,415,0
1,416,0
20,416,0
1,417,0
20,417,0
1,418,0
20,418,0
1,419,0
20,419,0
1,420,0
20,420,0
1,421,0
20,421,0
1,422,0
20,422,0
1,423,0
20,423,0
1,424,0
20,424,0
1,425,0
19,425,0
1,426,0
19,426,0
1,427,0
19,427,0
1,428,0
19,428,0
1,429,0
19,429,0
1,430,0
19,430,0
1,431,0
19,431,0
1,432,0
19,432,0
1,433,0
19,433,0
1,434,0
19,434,0
1,435,0
19,435,0
1,436,0
19,436,0
1,437,0
19,437,0
1,438,0
19,438,0
1,439,0
19,439,0
1,440,0
18,440,0
1,441,0
18,441,0
1,442,0
18,442,0
1,443,0
18,443,0
1,444,0
18,444,0
1,445,0
18,445,0
1,446,0
18,446,0
1,447,0
18,447,0
1,448,0
18,448,0
1,449,0
18,449,0
1,450,0
18,450,0
1,451,0
18,451,0
1,452,0
18,452,0
1,453,0
18,453,0
1,454,0
18,454,0
1,455,0
18,455,0
1,456,0
18,456,0
1,457,0
18,457,0
1,458,0
18,458,0
1,459,0
17,459,0
1,460,0
17,460,0
1,461,0
17,461,0
1,462,0
17,462,0
1,463,0
17,463,0
1,464,0
17,464,0
1,465,0
17,465,0
1,466,0
17,466,0
1,467,0
17,467,0
1,468,0
16,468,0
1,469,0
16,469,0
1,470,0
16,470,0
1,471,0
16,471,0
1,472,0
16,472,0
1,473,0
15,473,0
1,474,0
15,474,0
1,475,0
15,475,0
1,476,0
15,476,0
1,477,0
14,477,0
1,478,0
14,478,0
1,479,0
14,479,0
1,480,0
14,480,0
1,481,0
14,481,0
1,482,0
14,482,0
1,483,0
14,483,0
1,484,0
14,484,0
1,485,0
14,485,0
1,486,0
14,486,0
1,487,0
14,487,0
1,488,0
14,488,0
1,489,0
14,489,0
1,490,0
14,490,0
1,491,0
14,491,0
1,492,0
14,492,0
1,493,0
14,493,0
1,494,0
14,494,0
1,495,0
14,495,0
1,496,0
14,496,0
1,497,0
14,497,0
1,498,0
14,498,0
1,499,0
14,499,0
1,500,0
14,500,0
1,501,0
14,501,0
1,502,0
14,502,0
1,503,0
14,503,0
1,504,0
14,504,0
1,505,0
14,505,0
1,506,0
14,506,0
1,507,0
14,507,0
1,508,0
14,508,0
1,509,0
13,509,0
1,510,0
13,510,0
1,511,0
13,511,0
1,512,0
13,512,0
1,513,0
13,513,0
1,514,0
13,514,0
1,515,0
12,515,0
1,516,0
12,516,0
1,517,0
12,517,0
1,518,0
12,518,0
1,519,0
12,519,0
1,520,0
12,520,0
1,521,0
12,521,0
1,522,0
12,522,0
1,523,0
12,523,0
1,524,0
12,524,0
1,525,0
12,525,0
1,526,0
12,526,0
1,527,0
12,527,0
1,528,0
12,528,0
1,529,0
12,529,0
1,530,0
12,530,0
1,531,0
12,531,0
1,532,0
12,532,0
1,533,0
12,533,0
1,534,0
12,534,0
1,535,0
12,535,0
1,536,0
12,536,0
1,537,0
12,537,0
1,538,0
12,538,0
1,539,0
11,539,0
1,540,0
11,540,0
1,541,0
11,541,0
1,542,0
11,542,0
1,543,0
11,543,0
1,544,0
10,544,0
1,545,0
10,545,0
1,546,0
10,546,0
1,547,0
10,547,0
1,548,0
10,548,0
1,549,0
10,549,0
1,550,0
9,550,0
1,551,0
9,551,0
1,552,0
9,552,0
1,553,0
8,553,0
1,554,0
8,554,0
1,555,0
8,555,0
1,556,0
8,556,0
1,557,0
8,557,0
1,558,0
8,558,0
1,559,0
8,559,0
1,560,0
8,560,0
1,561,0
8,561,0
1,562,0
8,562,0
1,563,0
8,563,0
1,564,0
8,564,0
1,565,0
8,565,0
1,566,0
7,566,0
1,567,0
7,567,0
1,568,0
7,568,0
1,569,0
7,569,0
1,570,0
7,570,0
1,571,0
6,571,0
1,572,0
6,572,0
1,573,0
6,573,0
1,574,0
6,574,0
1,575,0
6,575,0
1,576,0
6,576,0
1,577,0
6,577,0
1,578,0
6,578,0
1,579,0
6,579,0
1,580,0
6,580,0
1,581,0
6,581,0
1,582,0
6,582,0
1,583,0
6,583,0
1,584,0
6,584,0
1,585,0
6,585,0
1,586,0
6,586,0
1,587,0
6,587,0
1,588,0
6,588,0
1,589,0
6,589,0
1,590,0
6,590,0
1,591,0
6,591,0
1,592,0
6,592,0
1,593,0
6,593,0
1,594,0
6,594,0
1,595,0
6,595,0
1,596,0
6,596,0
1,597,0
6,597,0
1,598,0
6,598,0
1,599,0
6,599,0
1,600,0
6,600,0
1,601,0
6,601,0
1,602,0
6,602,0
1,603,0
6,603,0
1,604,0
6,604,0
1,605,0
6,605,0
1,606,0
6,606,0
1,607,0
6,607,0
1,608,0
6,608,0
1,609,0
6,609,0
1,610,0
6,610,0
1,611,0
6,611,0
1,612,0
6,612,0
1,613,0
6,613,0
1,614,0
6,614,0
1,615,0
6,615,0
1,616,0
6,616,0
1,617,0
6,617,0
1,618,0
6,618,0
1,619,0
6,619,0
1,620,0
6,620,0
1,621,0
6,621,0
1,622,0
6,622,0
1,623,0
6,623,0
1,624,0
6,624,0
1,625,0
6,625,0
1,626,0
6,626,0
1,627,0
6,627,0
1,628,0
6,628,0
1,629,0
6,629,0
1,630,0
6,630,0
1,631,0
6,631,0
1,632,0
6,632,0
1,633,0
6,633,0
1,634,0
6,634,0
1,635,0
6,635,0
1,636,0
6,636,0
1,637,0
6,637,0
1,638,0
6,638,0
1,639,0
6,639,0
1,640,0
6,640,0
1,641,0
6,641,0
1,642,0
6,642,0
1,643,0
6,643,0
1,644,0
5,644,0
1,645,0
5,645,0
1,646,0
5,646,0
1,647,0
5,647,0
1,648,0
5,648,0
1,649,0
5,649,0
1,650,0
5,650,0
1,651,0
5,651,0
1,652,0
5,652,0
1,653,0
5,653,0
1,654,0
5,654,0
1,655,0
5,655,0
1,656,0
5,656,0
1,657,0
5,657,0
1,658,0
5,658,0
1,659,0
5,659,0
1,660,0
5,660,0
1,661,0
5,661,0
1,662,0
5,662,0
1,663,0
5,663,0
1,664,0
5,664,0
1,665,0
5,665,0
1,666,0
5,666,0
1,667,0
5,667,0
1,668,0
5,668,0
1,669,0
5,669,0
1,670,0
5,670,0
1,671,0
5,671,0
1,672,0
5,672,0
1,673,0
5,673,0
1,674,0
5,674,0
1,675,0
5,675,0
1,676,0
5,676,0
1,677,0
5,677,0
1,678,0
5,678,0
1,679,0
5,679,0
1,680,0
5,680,0
1,681,0
5,681,0
1,682,0
5,682,0
1,683,0
5,683,0
1,684,0
5,684,0
1,685,0
5,685,0
1,686,0
5,686,0
1,687,0
5,687,0
1,688,0
5,688,0
1,689,0
5,689,0
1,690,0
5,690,0
1,691,0
5,691,0
1,692,0
5,692,0
1,693,0
5,693,0
1,694,0
5,694,0
1,695,0
5,695,0
1,696,0
5,696,0
1,697,0
5,697,0
1,698,0
5,698,0
1,699,0
5,699,0
1,700,0
5,700,0
1,701,0
5,701,0
1,702,0
5,702,0
1,703,0
5,703,0
1,704,0
4,704,0
1,705,0
4,705,0
1,706,0
4,706,0
1,707,0
4,707,0
1,708,0
4,708,0
1,709,0
4,709,0
1,710,0
4,710,0
1,711,0
4,711,0
1,712,0
4,712,0
1,713,0
4,713,0
1,714,0
4,714,0
1,715,0
4,715,0
1,716,0
4,716,0
1,717,0
4,717,0
1,718,0
4,718,0
1,719,0
4,719,0
1,720,0
4,720,0
1,721,0
4,721,0
1,722,0
4,722,0
1,723,0
4,723,0
1,724,0
4,724,0
1,725,0
4,725,0
1,726,0
4,726,0
1,727,0
4,727,0
1,728,0
4,728,0
1,729,0
4,729,0
1,730,0
4,730,0
1,731,0
4,731,0
1,732,0
4,732,0
1,733,0
4,733,0
1,734,0
4,734,0
1,735,0
4,735,0
1,736,0
4,736,0
1,737,0
4,737,0
1,738,0
4,738,0
1,739,0
4,739,0
1,740,0
4,740,0
1,741,0
4,741,0
1,742,0
4,742,0
1,743,0
4,743,0
1,744,0
4,744,0
1,745,0
4,745,0
1,746,0
4,746,0
1,747,0
4,747,0
1,748,0
4,748,0
1,749,0
4,749,0
1,750,0
4,750,0
1,751,0
4,751,0
1,752,0
4,752,0
1,753,0
4,753,0
1,754,0
4,754,0
1,755,0
4,755,0
1,756,0
4,756,0
1,757,0
4,757,0
1,758,0
4,758,0
1,759,0
4,759,0
1,760,0
4,760,0
1,761,0
4,761,0
1,762,0
4,762,0
1,763,0
4,763,0
1,764,0
4,764,0
1,765,0
4,765,0
1,766,0
4,766,0
1,767,0
4,767,0
1,768,0
4,768,0
1,769,0
4,769,0
1,770,0
4,770,0
1,771,0
4,771,0
1,772,0
4,772,0
1,773,0
4,773,0
1,774,0
4,774,0
1,775,0
4,775,0
1,776,0
4,776,0
1,777,0
4,777,0
1,778,0
4,778,0
1,779,0
4,779,0
1,780,0
4,780,0
1,781,0
4,781,0
1,782,0
4,782,0
1,783,0
4,783,0
1,784,0
4,784,0
1,785,0
4,785,0
1,786,0
4,786,0
1,787,0
4,787,0
1,788,0
4,788,0
1,789,0
4,789,0
1,790,0
4,790,0
1,791,0
4,791,0
1,792,0
4,792,0
1,793,0
4,793,0
1,794,0
4,794,0
1,795,0
4,795,0
1,796,0
4,796,0
1,797,0
4,797,0
1,798,0
4,798,0
1,799,0
4,799,0
1,800,0
4,800,0
1,801,0
4,801,0
1,802,0
4,802,0
1,803,0
4,803,0
1,804,0
4,804,0
1,805,0
4,805,0
1,806,0
4,806,0
1,807,0
4,807,0
1,808,0
4,808,0
1,809,0
4,809,0
1,810,0
4,810,0
1,811,0
4,811,0
1,812,0
4,812,0
1,813,0
4,813,0
1,814,0
4,814,0
1,815,0
3,815,0
1,816,0
3,816,0
1,817,0
3,817,0
1,818,0
3,818,0
1,819,0
3,819,0
1,820,0
3,820,0
1,821,0
3,821,0
1,822,0
3,822,0
1,823,0
3,823,0
1,824,0
3,824,0
1,825,0
3,825,0
1,826,0
3,826,0
1,827,0
3,827,0
1,828,0
3,828,0
1,829,0
3,829,0
1,830,0
3,830,0
1,831,0
3,831,0
1,832,0
3,832,0
1,833,0
3,833,0
1,834,0
3,834,0
1,835,0
3,835,0
1,836,0
3,836,0
1,837,0
3,837,0
1,838,0
3,838,0
1,839,0
3,839,0
1,840,0
3,840,0
1,841,0
3,841,0
1,842,0
3,842,0
1,843,0
2,843,0
1,844,0
2,844,0
1,845,0
2,845,0
1,846,0
2,846,0
1,847,0
2,847,0
1,848,0
2,848,0
1,849,0
2,849,0
1,850,0
2,850,0
1,851,0
2,851,0
1,852,0
2,852,0
1,853,0
2,853,0
1,854,0
2,854,0
1,855,0
2,855,0
1,856,0
2,856,0
1,857,0
2,857,0
1,858,0
2,858,0
1,859,0
2,859,0
1,860,0
2,860,0
1,861,0
2,861,0
1,862,0
2,862,0
1,863,0
2,863,0
1,864,0
2,864,0
1,865,0
2,865,0
1,866,0
2,866,0
1,867,0
2,867,0
1,868,0
2,868,0
1,869,0
2,869,0
1,870,0
2,870,0
1,871,0
2,871,0
1,872,0
2,872,0
1,873,0
2,873,0
1,874,0
2,874,0
1,875,0
2,875,0
1,876,0
2,876,0
1,877,0
2,877,0
1,878,0
2,878,0
1,879,0
2,879,0
1,880,0
2,880,0
1,881,0
2,881,0
1,882,0
2,882,0
1,883,0
2,883,0
1,884,0
2,884,0
1,885,0
1,885,0
1,886,0
1,886,0
1,887,0
1,887,0
1,888,0
1,888,0
1,889,0
1,889,0
1,890,0
1,890,0
1,891,0
1,891,0
1,892,0
1,892,0
1,893,0
1,893,0
1,894,0
1,894,0
1,895,0
1,895,0
1,896,0
1,896,0
1,897,0
1,897,0
1,898,0
1,898,0
1,899,0
1,899,0
1,900,0
1,900,0
1,901,0
1,901,0
1,902,0
1,902,0
1,903,0
1,903,0
1,904,0
1,904,0
1,905,0
1,905,0
1,906,0
1,906,0
1,907,0
1,907,0
1,908,0
1,908,0
1,909,0
1,909,0
1,910,0
1,910,0
1,911,0
1,911,0
1,912,0
1,912,0
1,913,0
1,913,0
1,914,0
1,914,0
1,915,0
1,915,0
1,916,0
1,916,0
1,917,0
1,917,0
1,918,0
1,918,0
1,919,0
1,919,0
1,920,0
1,920,0
1,921,0
1,921,0
1,922,0
1,922,0
1,923,0
1,923,0
1,924,0
1,924,0
1,925,0
1,925,0
1,926,0
1,926,0
1,927,0
1,927,0
1,928,0
1,928,0
1,929,0
1,929,0
1,930,0
1,930,0
1,931,0
1,931,0
1,932,0
1,932,0
1,933,0
1,933,0
1,934,0
1,934,0
1,935,0
1,935,0
1,936,0
1,936,0
1,937,0
1,937,0
1,938,0
1,938,0
1,939,0
1,939,0
1,940,0
1,940,0
1,941,0
1,941,0
1,942,0
1,942,0
1,943,0
1,943,0
1,944,0
1,944,0
1,945,0
1,945,0
1,946,0
1,946,0
