1,1,0
52,1,0
1,2,0
51,2,0
1,3,0
51,3,0
1,4,0
51,4,0
1,5,0
51,5,0
1,6,0
50,6,0
1,7,0
49,7,0
1,8,0
48,8,0
1,9,0
48,9,0
1,10,0
48,10,0
1,11,0
48,11,0
1,12,0
48,12,0
1,13,0
47,13,0
1,14,0
46,14,0
1,15,0
46,15,0
1,16,0
46,16,0
1,17,0
46,17,0
1,18,0
46,18,0
1,19,0
46,19,0
1,20,0
45,20,0
1,21,0
45,21,0
1,22,0
45,22,0
1,23,0
45,23,0
1,24,0
45,24,0
1,25,0
45,25,0
1,26,0
45,26,0
1,27,0
44,27,0
1,28,0
44,28,0
1,29,0
44,29,0
1,30,0
43,30,0
1,31,0
43,31,0
1,32,0
43,32,0
1,33,0
43,33,0
1,34,0
43,34,0
1,35,0
42,35,0
1,36,0
42,36,0
1,37,0
42,37,0
1,38,0
42,38,0
1,39,0
42,39,0
1,40,0
42,40,0
1,41,0
41,41,0
1,42,0
40,42,0
1,43,0
39,43,0
1,44,0
38,44,0
1,45,0
37,45,0
1,46,0
36,46,0
1,47,0
35,47,0
1,48,0
34,48,0
1,49,0
33,49,0
1,50,0
32,50,0
1,51,0
31,51,0
1,52,0
30,52,0
1,53,0
30,53,0
1,54,0
29,54,0
1,55,0
29,55,0
1,56,0
28,56,0
1,57,0
27,57,0
1,58,0
27,58,0
1,59,0
27,59,0
1,60,0
27,60,0
1,61,0
27,61,0
1,62,0
26,62,0
1,63,0
25,63,0
1,64,0
24,64,0
1,65,0
23,65,0
1,66,0
23,66,0
1,67,0
23,67,0
1,68,0
23,68,0
1,69,0
23,69,0
1,70,0
23,70,0
1,71,0
23,71,0
1,72,0
23,72,0
1,73,0
23,73,0
1,74,0
23,74,0
1,75,0
23,75,0
1,76,0
23,76,0
1,77,0
22,77,0
1,78,0
22,78,0
1,79,0
22,79,0
1,80,0
22,80,0
1,81,0
22,81,0
1,82,0
22,82,0
1,83,0
22,83,0
1,84,0
22,84,0
1,85,0
22,85,0
1,86,0
21,86,0
1,87,0
21,87,0
1,88,0
21,88,0
1,89,0
21,89,0
1,90,0
21,90,0
1,91,0
21,91,0
1,92,0
20,92,0
1,93,0
20,93,0
1,94,0
20,94,0
1,95,0
20,95,0
1,96,0
20,96,0
1,97,0
20,97,0
1,98,0
19,98,0
1,99,0
18,99,0
1,100,0
18,100,0
1,101,0
18,101,0
1,102,0
18,102,0
1,103,0
18,103,0
1,104,0
18,104,0
1,105,0
17,105,0
1,106,0
17,106,0
1,107,0
17,107,0
1,108,0
17,108,0
1,109,0
17,109,0
1,110,0
17,110,0
1,111,0
17,111,0
1,112,0
17,112,0
1,113,0
17,113,0
1,114,0
17,114,0
1,115,0
16,115,0
1,116,0
16,116,0
1,117,0
16,117,0
1,118,0
16,118,0
1,119,0
16,119,0
1,120,0
16,120,0
1,121,0
16,121,0
1,122,0
16,122,0
1,123,0
16,123,0
1,124,0
15,124,0
1,125,0
14,125,0
1,126,0
14,126,0
1,127,0
14,127,0
1,128,0
14,128,0
1,129,0
14,129,0
1,130,0
14,130,0
1,131,0
14,131,0
1,132,0
14,132,0
1,133,0
14,133,0
1,134,0
14,134,0
1,135,0
14,135,0
1,136,0
14,136,0
1,137,0
14,137,0
1,138,0
14,138,0
1,139,0
13,139,0
1,140,0
12,140,0
1,141,0
12,141,0
1,142,0
11,142,0
1,143,0
11,143,0
1,144,0
11,144,0
1,145,0
11,145,0
1,146,0
11,146,0
1,147,0
11,147,0
1,148,0
11,148,0
1,149,0
10,149,0
1,150,0
10,150,0
1,151,0
10,151,0
1,152,0
10,152,0
1,153,0
10,153,0
1,154,0
10,154,0
1,155,0
10,155,0
1,156,0
10,156,0
1,157,0
10,157,0
1,158,0
10,158,0
1,159,0
10,159,0
1,160,0
9,160,0
1,161,0
9,161,0
1,162,0
9,162,0
1,163,0
9,163,0
1,164,0
8,164,0
1,165,0
8,165,0
1,166,0
8,166,0
1,167,0
8,167,0
1,168,0
8,168,0
1,169,0
8,169,0
1,170,0
8,170,0
1,171,0
8,171,0
1,172,0
8,172,0
1,173,0
8,173,0
1,174,0
8,174,0
1,175,0
8,175,0
1,176,0
8,176,0
1,177,0
8,177,0
1,178,0
8,178,0
1,179,0
8,179,0
1,180,0
8,180,0
1,181,0
8,181,0
1,182,0
8,182,0
1,183,0
8,183,0
1,184,0
8,184,0
1,185,0
8,185,0
1,186,0
7,186,0
1,187,0
7,187,0
1,188,0
7,188,0
1,189,0
7,189,0
1,190,0
7,190,0
1,191,0
7,191,0
1,192,0
7,192,0
1,193,0
7,193,0
1,194,0
7,194,0
1,195,0
7,195,0
1,196,0
7,196,0
1,197,0
7,197,0
1,198,0
7,198,0
1,199,0
7,199,0
1,200,0
7,200,0
1,201,0
7,201,0
1,202,0
7,202,0
1,203,0
7,203,0
1,204,0
7,204,0
1,205,0
7,205,0
1,206,0
7,206,0
1,207,0
7,207,0
1,208,0
7,208,0
1,209,0
7,209,0
1,210,0
7,210,0
1,211,0
7,211,0
1,212,0
7,212,0
1,213,0
7,213,0
1,214,0
7,214,0
1,215,0
7,215,0
1,216,0
7,216,0
1,217,0
7,217,0
1,218,0
7,218,0
1,219,0
7,219,0
1,220,0
7,220,0
1,221,0
7,221,0
1,222,0
7,222,0
1,223,0
7,223,0
1,224,0
6,224,0
1,225,0
6,225,0
1,226,0
6,226,0
1,227,0
6,227,0
1,228,0
6,228,0
1,229,0
6,229,0
1,230,0
6,230,0
1,231,0
6,231,0
1,232,0
6,232,0
1,233,0
6,233,0
1,234,0
6,234,0
1,235,0
6,235,0
1,236,0
6,236,0
1,237,0
6,237,0
1,238,0
6,238,0
1,239,0
6,239,0
1,240,0
6,240,0
1,241,0
6,241,0
1,242,0
6,242,0
1,243,0
6,243,0
1,244,0
6,244,0
1,245,0
6,245,0
1,246,0
6,246,0
1,247,0
6,247,0
1,248,0
6,248,0
1,249,0
6,249,0
1,250,0
6,250,0
1,251,0
5,251,0
1,252,0
5,252,0
1,253,0
5,253,0
1,254,0
5,254,0
1,255,0
4,255,0
1,256,0
4,256,0
1,257,0
4,257,0
1,258,0
4,258,0
1,259,0
4,259,0
1,260,0
4,260,0
1,261,0
4,261,0
1,262,0
3,262,0
1,263,0
3,263,0
1,264,0
3,264,0
1,265,0
3,265,0
1,266,0
3,266,0
1,267,0
2,267,0
1,268,0
2,268,0
1,269,0
2,269,0
1,270,0
2,270,0
1,271,0
2,271,0
1,272,0
2,272,0
1,273,0
2,273,0
1,274,0
2,274,0
1,275,0
2,275,0
1,276,0
2,276,0
1,277,0
2,277,0
1,278,0
2,278,0
1,279,0
2,279,0
1,280,0
2,280,0
1,281,0
2,281,0
1,282,0
2,282,0
1,283,0
2,283,0
1,284,0
2,284,0
1,285,0
2,285,0
1,286,0
2,286,0
1,287,0
2,287,0
1,288,0
2,288,0
1,289,0
2,289,0
1,290,0
2,290,0
1,291,0
1,291,0
1,292,0
1,292,0
1,293,0
1,293,0
1,294,0
1,294,0
1,295,0
1,295,0
1,296,0
1,296,0
1,297,0
1,297,0
1,298,0
1,298,0
1,299,0
1,299,0
1,300,0
1,300,0
1,301,0
1,301,0
1,302,0
1,302,0
1,303,0
1,303,0
1,304,0
1,304,0
1,305,0
1,305,0
1,306,0
1,306,0
1,307,0
1,307,0
1,308,0
1,308,0
1,309,0
1,309,0
1,310,0
1,310,0
1,311,0
1,311,0
1,312,0
1,312,0
1,313,0
1,313,0
1,314,0
1,314,0
1,315,0
1,315,0
1,316,0
1,316,0
1,317,0
1,317,0
1,318,0
1,318,0
1,319,0
1,319,0
1,320,0
1,320,0
1,321,0
1,321,0
1,322,0
1,322,0
1,323,0
1,323,0
1,324,0
1,324,0
1,325,0
1,325,0
1,326,0
1,326,0
1,327,0
1,327,0
1,328,0
1,328,0
1,329,0
1,329,0
1,330,0
1,330,0
1,331,0
1,331,0
1,332,0
1,332,0
1,333,0
1,333,0
