1,1,0
60,1,0
1,2,0
59,2,0
1,3,0
59,3,0
1,4,0
58,4,0
1,5,0
58,5,0
1,6,0
57,6,0
1,7,0
57,7,0
1,8,0
56,8,0
1,9,0
56,9,0
1,10,0
55,10,0
1,11,0
54,11,0
1,12,0
53,12,0
1,13,0
52,13,0
1,14,0
52,14,0
1,15,0
52,15,0
1,16,0
52,16,0
1,17,0
51,17,0
1,18,0
50,18,0
1,19,0
49,19,0
1,20,0
49,20,0
1,21,0
48,21,0
1,22,0
47,22,0
1,23,0
47,23,0
1,24,0
47,24,0
1,25,0
46,25,0
1,26,0
46,26,0
1,27,0
46,27,0
1,28,0
45,28,0
1,29,0
45,29,0
1,30,0
45,30,0
1,31,0
44,31,0
1,32,0
43,32,0
1,33,0
42,33,0
1,34,0
42,34,0
1,35,0
42,35,0
1,36,0
42,36,0
1,37,0
41,37,0
1,38,0
41,38,0
1,39,0
41,39,0
1,40,0
41,40,0
1,41,0
41,41,0
1,42,0
40,42,0
1,43,0
40,43,0
1,44,0
39,44,0
1,45,0
39,45,0
1,46,0
39,46,0
1,47,0
38,47,0
1,48,0
38,48,0
1,49,0
37,49,0
1,50,0
37,50,0
1,51,0
37,51,0
1,52,0
36,52,0
1,53,0
36,53,0
1,54,0
36,54,0
1,55,0
36,55,0
1,56,0
35,56,0
1,57,0
34,57,0
1,58,0
34,58,0
1,59,0
34,59,0
1,60,0
33,60,0
1,61,0
33,61,0
1,62,0
33,62,0
1,63,0
32,63,0
1,64,0
31,64,0
1,65,0
31,65,0
1,66,0
30,66,0
1,67,0
30,67,0
1,68,0
30,68,0
1,69,0
30,69,0
1,70,0
29,70,0
1,71,0
28,71,0
1,72,0
28,72,0
1,73,0
28,73,0
1,74,0
28,74,0
1,75,0
28,75,0
1,76,0
27,76,0
1,77,0
26,77,0
1,78,0
25,78,0
1,79,0
24,79,0
1,80,0
24,80,0
1,81,0
24,81,0
1,82,0
24,82,0
1,83,0
24,83,0
1,84,0
23,84,0
1,85,0
23,85,0
1,86,0
23,86,0
1,87,0
23,87,0
1,88,0
22,88,0
1,89,0
22,89,0
1,90,0
22,90,0
1,91,0
21,91,0
1,92,0
21,92,0
1,93,0
21,93,0
1,94,0
21,94,0
1,95,0
21,95,0
1,96,0
21,96,0
1,97,0
21,97,0
1,98,0
21,98,0
1,99,0
20,99,0
1,100,0
20,100,0
1,101,0
20,101,0
1,102,0
19,102,0
1,103,0
19,103,0
1,104,0
19,104,0
1,105,0
19,105,0
1,106,0
19,106,0
1,107,0
19,107,0
1,108,0
19,108,0
1,109,0
19,109,0
1,110,0
19,110,0
1,111,0
18,111,0
1,112,0
18,112,0
1,113,0
17,113,0
1,114,0
17,114,0
1,115,0
16,115,0
1,116,0
15,116,0
1,117,0
15,117,0
1,118,0
15,118,0
1,119,0
15,119,0
1,120,0
15,120,0
1,121,0
15,121,0
1,122,0
14,122,0
1,123,0
14,123,0
1,124,0
13,124,0
1,125,0
12,125,0
1,126,0
12,126,0
1,127,0
12,127,0
1,128,0
12,128,0
1,129,0
12,129,0
1,130,0
11,130,0
1,131,0
11,131,0
1,132,0
11,132,0
1,133,0
11,133,0
1,134,0
11,134,0
1,135,0
11,135,0
1,136,0
11,136,0
1,137,0
11,137,0
1,138,0
11,138,0
1,139,0
11,139,0
1,140,0
11,140,0
1,141,0
11,141,0
1,142,0
11,142,0
1,143,0
11,143,0
1,144,0
11,144,0
1,145,0
11,145,0
1,146,0
11,146,0
1,147,0
11,147,0
1,148,0
11,148,0
1,149,0
11,149,0
1,150,0
11,150,0
1,151,0
11,151,0
1,152,0
11,152,0
1,153,0
11,153,0
1,154,0
11,154,0
1,155,0
11,155,0
1,156,0
11,156,0
1,157,0
11,157,0
1,158,0
11,158,0
1,159,0
11,159,0
1,160,0
10,160,0
1,161,0
10,161,0
1,162,0
10,162,0
1,163,0
10,163,0
1,164,0
10,164,0
1,165,0
10,165,0
1,166,0
10,166,0
1,167,0
10,167,0
1,168,0
10,168,0
1,169,0
10,169,0
1,170,0
10,170,0
1,171,0
9,171,0
1,172,0
9,172,0
1,173,0
8,173,0
1,174,0
8,174,0
1,175,0
8,175,0
1,176,0
8,176,0
1,177,0
7,177,0
1,178,0
6,178,0
1,179,0
6,179,0
1,180,0
5,180,0
1,181,0
5,181,0
1,182,0
5,182,0
1,183,0
5,183,0
1,184,0
5,184,0
1,185,0
5,185,0
1,186,0
5,186,0
1,187,0
5,187,0
1,188,0
5,188,0
1,189,0
4,189,0
1,190,0
4,190,0
1,191,0
4,191,0
1,192,0
4,192,0
1,193,0
4,193,0
1,194,0
4,194,0
1,195,0
4,195,0
1,196,0
4,196,0
1,197,0
4,197,0
1,198,0
4,198,0
1,199,0
4,199,0
1,200,0
4,200,0
1,201,0
4,201,0
1,202,0
4,202,0
1,203,0
4,203,0
1,204,0
4,204,0
1,205,0
4,205,0
1,206,0
4,206,0
1,207,0
4,207,0
1,208,0
4,208,0
1,209,0
4,209,0
1,210,0
4,210,0
1,211,0
4,211,0
1,212,0
4,212,0
1,213,0
4,213,0
1,214,0
4,214,0
1,215,0
4,215,0
1,216,0
3,216,0
1,217,0
3,217,0
1,218,0
3,218,0
1,219,0
3,219,0
1,220,0
3,220,0
1,221,0
3,221,0
1,222,0
3,222,0
1,223,0
3,223,0
1,224,0
3,224,0
1,225,0
3,225,0
1,226,0
3,226,0
1,227,0
3,227,0
1,228,0
3,228,0
1,229,0
3,229,0
1,230,0
3,230,0
1,231,0
3,231,0
1,232,0
3,232,0
1,233,0
3,233,0
1,234,0
3,234,0
1,235,0
3,235,0
1,236,0
3,236,0
1,237,0
3,237,0
1,238,0
3,238,0
1,239,0
3,239,0
1,240,0
3,240,0
1,241,0
3,241,0
1,242,0
2,242,0
1,243,0
2,243,0
1,244,0
2,244,0
1,245,0
2,245,0
1,246,0
2,246,0
1,247,0
2,247,0
1,248,0
2,248,0
1,249,0
2,249,0
1,250,0
2,250,0
1,251,0
2,251,0
1,252,0
2,252,0
1,253,0
2,253,0
1,254,0
2,254,0
1,255,0
1,255,0
1,256,0
1,256,0
1,257,0
1,257,0
1,258,0
1,258,0
1,259,0
1,259,0
1,260,0
1,260,0
1,261,0
1,261,0
1,262,0
1,262,0
1,263,0
1,263,0
1,264,0
1,264,0
1,265,0
1,265,0
1,266,0
1,266,0
1,267,0
1,267,0
1,268,0
1,268,0
