1,1,0
1,1,0
1,2,0
2,2,0
1,3,0
3,3,0
1,4,0
4,4,0
1,5,0
5,5,0
1,6,0
6,6,0
1,7,0
7,7,0
1,8,0
8,8,0
1,9,0
9,9,0
1,10,0
10,10,0
1,11,0
11,11,0
1,12,0
12,12,0
1,13,0
13,13,0
1,14,0
14,14,0
1,15,0
15,15,0
1,16,0
16,16,0
1,17,0
17,17,0
1,18,0
18,18,0
1,19,0
19,19,0
1,20,0
20,20,0
1,21,0
21,21,0
1,22,0
22,22,0
1,23,0
23,23,0
1,24,0
24,24,0
1,25,0
25,25,0
1,26,0
26,26,0
1,27,0
27,27,0
1,28,0
28,28,0
1,29,0
29,29,0
1,30,0
30,30,0
1,31,0
31,31,0
1,32,0
32,32,0
1,33,0
33,33,0
1,34,0
34,34,0
1,35,0
35,35,0
1,36,0
36,36,0
1,37,0
37,37,0
1,38,0
38,38,0
1,39,0
39,39,0
1,40,0
40,40,0
1,41,0
41,41,0
1,42,0
42,42,0
1,43,0
43,43,0
1,44,0
44,44,0
1,45,0
45,45,0
1,46,0
46,46,0
1,47,0
47,47,0
1,48,0
48,48,0
1,49,0
49,49,0
1,50,0
50,50,0
1,51,0
51,51,0
1,52,0
52,52,0
1,53,0
53,53,0
1,54,0
54,54,0
1,55,0
55,55,0
1,56,0
56,56,0
1,57,0
57,57,0
1,58,0
58,58,0
1,59,0
59,59,0
1,60,0
60,60,0
1,61,0
61,61,0
1,62,0
62,62,0
1,63,0
63,63,0
1,64,0
64,64,0
1,65,0
65,65,0
1,66,0
66,66,0
1,67,0
67,67,0
1,68,0
68,68,0
1,69,0
69,69,0
1,70,0
70,70,0
1,71,0
71,71,0
1,72,0
72,72,0
1,73,0
73,73,0
1,74,0
74,74,0
1,75,0
75,75,0
1,76,0
76,76,0
1,77,0
77,77,0
1,78,0
78,78,0
1,79,0
79,79,0
1,80,0
80,80,0
1,81,0
81,81,0
1,82,0
82,82,0
1,83,0
83,83,0
1,84,0
84,84,0
1,85,0
85,85,0
1,86,0
86,86,0
1,87,0
87,87,0
1,88,0
88,88,0
1,89,0
89,89,0
1,90,0
90,90,0
1,91,0
91,91,0
1,92,0
92,92,0
1,93,0
93,93,0
1,94,0
94,94,0
1,95,0
95,95,0
1,96,0
96,96,0
1,97,0
97,97,0
1,98,0
98,98,0
1,99,0
99,99,0
1,100,0
100,100,0
1,101,0
101,101,0
1,102,0
102,102,0
1,103,0
103,103,0
1,104,0
104,104,0
1,105,0
105,105,0
1,106,0
106,106,0
1,107,0
107,107,0
1,108,0
108,108,0
1,109,0
109,109,0
1,110,0
110,110,0
1,111,0
111,111,0
1,112,0
112,112,0
1,113,0
113,113,0
1,114,0
114,114,0
1,115,0
115,115,0
1,116,0
116,116,0
1,117,0
117,117,0
1,118,0
118,118,0
1,119,0
119,119,0
1,120,0
120,120,0
1,121,0
121,121,0
1,122,0
122,122,0
1,123,0
123,123,0
1,124,0
124,124,0
1,125,0
125,125,0
1,126,0
126,126,0
1,127,0
127,127,0
1,128,0
123,128,0
1,129,0
123,129,0
1,130,0
120,130,0
1,131,0
120,131,0
1,132,0
118,132,0
1,133,0
117,133,0
1,134,0
117,134,0
1,135,0
117,135,0
1,136,0
117,136,0
1,137,0
115,137,0
1,138,0
115,138,0
1,139,0
115,139,0
1,140,0
113,140,0
1,141,0
112,141,0
1,142,0
112,142,0
1,143,0
111,143,0
1,144,0
111,144,0
1,145,0
109,145,0
1,146,0
108,146,0
1,147,0
108,147,0
1,148,0
102,148,0
1,149,0
102,149,0
1,150,0
102,150,0
1,151,0
101,151,0
1,152,0
100,152,0
1,153,0
98,153,0
1,154,0
97,154,0
1,155,0
97,155,0
1,156,0
97,156,0
1,157,0
97,157,0
1,158,0
95,158,0
1,159,0
95,159,0
1,160,0
94,160,0
1,161,0
94,161,0
1,162,0
93,162,0
1,163,0
90,163,0
1,164,0
90,164,0
1,165,0
90,165,0
1,166,0
88,166,0
1,167,0
85,167,0
1,168,0
85,168,0
1,169,0
85,169,0
1,170,0
85,170,0
1,171,0
85,171,0
1,172,0
84,172,0
1,173,0
83,173,0
1,174,0
83,174,0
1,175,0
83,175,0
1,176,0
80,176,0
1,177,0
80,177,0
1,178,0
80,178,0
1,179,0
80,179,0
1,180,0
80,180,0
1,181,0
80,181,0
1,182,0
78,182,0
1,183,0
78,183,0
1,184,0
78,184,0
1,185,0
78,185,0
1,186,0
78,186,0
1,187,0
78,187,0
1,188,0
78,188,0
1,189,0
78,189,0
1,190,0
78,190,0
1,191,0
78,191,0
1,192,0
78,192,0
1,193,0
76,193,0
1,194,0
72,194,0
1,195,0
72,195,0
1,196,0
70,196,0
1,197,0
70,197,0
1,198,0
69,198,0
1,199,0
69,199,0
1,200,0
69,200,0
1,201,0
69,201,0
1,202,0
68,202,0
1,203,0
68,203,0
1,204,0
66,204,0
1,205,0
66,205,0
1,206,0
66,206,0
1,207,0
66,207,0
1,208,0
66,208,0
1,209,0
66,209,0
1,210,0
66,210,0
1,211,0
66,211,0
1,212,0
66,212,0
1,213,0
66,213,0
1,214,0
66,214,0
1,215,0
66,215,0
1,216,0
66,216,0
1,217,0
66,217,0
1,218,0
65,218,0
1,219,0
65,219,0
1,220,0
65,220,0
1,221,0
65,221,0
1,222,0
65,222,0
1,223,0
65,223,0
1,224,0
65,224,0
1,225,0
65,225,0
1,226,0
65,226,0
1,227,0
64,227,0
1,228,0
64,228,0
1,229,0
64,229,0
1,230,0
64,230,0
1,231,0
62,231,0
1,232,0
62,232,0
1,233,0
62,233,0
1,234,0
62,234,0
1,235,0
58,235,0
1,236,0
58,236,0
1,237,0
58,237,0
1,238,0
58,238,0
1,239,0
58,239,0
1,240,0
58,240,0
1,241,0
58,241,0
1,242,0
58,242,0
1,243,0
58,243,0
1,244,0
58,244,0
1,245,0
58,245,0
1,246,0
57,246,0
1,247,0
57,247,0
1,248,0
57,248,0
1,249,0
57,249,0
1,250,0
56,250,0
1,251,0
55,251,0
1,252,0
55,252,0
1,253,0
55,253,0
1,254,0
55,254,0
1,255,0
53,255,0
1,256,0
53,256,0
1,257,0
53,257,0
1,258,0
51,258,0
1,259,0
50,259,0
1,260,0
49,260,0
1,261,0
49,261,0
1,262,0
48,262,0
1,263,0
48,263,0
1,264,0
48,264,0
1,265,0
48,265,0
1,266,0
48,266,0
1,267,0
48,267,0
1,268,0
48,268,0
1,269,0
47,269,0
1,270,0
47,270,0
1,271,0
47,271,0
1,272,0
47,272,0
1,273,0
47,273,0
1,274,0
46,274,0
1,275,0
46,275,0
1,276,0
46,276,0
1,277,0
46,277,0
1,278,0
46,278,0
1,279,0
46,279,0
1,280,0
46,280,0
1,281,0
46,281,0
1,282,0
46,282,0
1,283,0
46,283,0
1,284,0
46,284,0
1,285,0
45,285,0
1,286,0
45,286,0
1,287,0
45,287,0
1,288,0
45,288,0
1,289,0
45,289,0
1,290,0
45,290,0
1,291,0
45,291,0
1,292,0
45,292,0
1,293,0
45,293,0
1,294,0
45,294,0
1,295,0
45,295,0
1,296,0
45,296,0
1,297,0
45,297,0
1,298,0
45,298,0
1,299,0
45,299,0
1,300,0
45,300,0
1,301,0
45,301,0
1,302,0
45,302,0
1,303,0
45,303,0
1,304,0
45,304,0
1,305,0
45,305,0
1,306,0
45,306,0
1,307,0
43,307,0
1,308,0
43,308,0
1,309,0
43,309,0
1,310,0
43,310,0
1,311,0
43,311,0
1,312,0
43,312,0
1,313,0
43,313,0
1,314,0
43,314,0
1,315,0
43,315,0
1,316,0
43,316,0
1,317,0
42,317,0
1,318,0
42,318,0
1,319,0
41,319,0
1,320,0
41,320,0
1,321,0
41,321,0
1,322,0
40,322,0
1,323,0
40,323,0
1,324,0
39,324,0
1,325,0
39,325,0
1,326,0
39,326,0
1,327,0
36,327,0
1,328,0
36,328,0
1,329,0
35,329,0
1,330,0
35,330,0
1,331,0
35,331,0
1,332,0
35,332,0
1,333,0
35,333,0
1,334,0
35,334,0
1,335,0
35,335,0
1,336,0
35,336,0
1,337,0
35,337,0
1,338,0
35,338,0
1,339,0
35,339,0
1,340,0
35,340,0
1,341,0
35,341,0
1,342,0
35,342,0
1,343,0
35,343,0
1,344,0
35,344,0
1,345,0
35,345,0
1,346,0
35,346,0
1,347,0
35,347,0
1,348,0
35,348,0
1,349,0
35,349,0
1,350,0
35,350,0
1,351,0
35,351,0
1,352,0
35,352,0
1,353,0
35,353,0
1,354,0
35,354,0
1,355,0
35,355,0
1,356,0
35,356,0
1,357,0
35,357,0
1,358,0
35,358,0
1,359,0
35,359,0
1,360,0
35,360,0
1,361,0
35,361,0
1,362,0
34,362,0
1,363,0
34,363,0
1,364,0
34,364,0
1,365,0
34,365,0
1,366,0
34,366,0
1,367,0
34,367,0
1,368,0
34,368,0
1,369,0
34,369,0
1,370,0
34,370,0
1,371,0
34,371,0
1,372,0
33,372,0
1,373,0
32,373,0
1,374,0
31,374,0
1,375,0
30,375,0
1,376,0
30,376,0
1,377,0
30,377,0
1,378,0
28,378,0
1,379,0
28,379,0
1,380,0
28,380,0
1,381,0
28,381,0
1,382,0
28,382,0
1,383,0
28,383,0
1,384,0
28,384,0
1,385,0
28,385,0
1,386,0
27,386,0
1,387,0
27,387,0
1,388,0
27,388,0
1,389,0
27,389,0
1,390,0
26,390,0
1,391,0
26,391,0
1,392,0
26,392,0
1,393,0
26,393,0
1,394,0
26,394,0
1,395,0
26,395,0
1,396,0
26,396,0
1,397,0
25,397,0
1,398,0
25,398,0
1,399,0
24,399,0
1,400,0
24,400,0
1,401,0
23,401,0
1,402,0
23,402,0
1,403,0
23,403,0
1,404,0
23,404,0
1,405,0
23,405,0
1,406,0
23,406,0
1,407,0
22,407,0
1,408,0
22,408,0
1,409,0
22,409,0
1,410,0
22,410,0
1,411,0
22,411,0
1,412,0
21,412,0
1,413,0
20,413,0
1,414,0
20,414,0
1,415,0
20,415,0
1,416,0
20,416,0
1,417,0
19,417,0
1,418,0
19,418,0
1,419,0
19,419,0
1,420,0
19,420,0
1,421,0
19,421,0
1,422,0
19,422,0
1,423,0
19,423,0
1,424,0
18,424,0
1,425,0
18,425,0
1,426,0
18,426,0
1,427,0
18,427,0
1,428,0
18,428,0
1,429,0
18,429,0
1,430,0
17,430,0
1,431,0
17,431,0
1,432,0
17,432,0
1,433,0
17,433,0
1,434,0
16,434,0
1,435,0
16,435,0
1,436,0
16,436,0
1,437,0
16,437,0
1,438,0
16,438,0
1,439,0
16,439,0
1,440,0
16,440,0
1,441,0
16,441,0
1,442,0
15,442,0
1,443,0
15,443,0
1,444,0
15,444,0
1,445,0
15,445,0
1,446,0
15,446,0
1,447,0
15,447,0
1,448,0
15,448,0
1,449,0
15,449,0
1,450,0
15,450,0
1,451,0
15,451,0
1,452,0
15,452,0
1,453,0
15,453,0
1,454,0
15,454,0
1,455,0
15,455,0
1,456,0
15,456,0
1,457,0
15,457,0
1,458,0
15,458,0
1,459,0
15,459,0
1,460,0
15,460,0
1,461,0
15,461,0
1,462,0
15,462,0
1,463,0
15,463,0
1,464,0
15,464,0
1,465,0
15,465,0
1,466,0
15,466,0
1,467,0
15,467,0
1,468,0
15,468,0
1,469,0
15,469,0
1,470,0
15,470,0
1,471,0
15,471,0
1,472,0
15,472,0
1,473,0
14,473,0
1,474,0
14,474,0
1,475,0
14,475,0
1,476,0
14,476,0
1,477,0
14,477,0
1,478,0
14,478,0
1,479,0
14,479,0
1,480,0
14,480,0
1,481,0
14,481,0
1,482,0
14,482,0
1,483,0
14,483,0
1,484,0
14,484,0
1,485,0
14,485,0
1,486,0
14,486,0
1,487,0
14,487,0
1,488,0
14,488,0
1,489,0
14,489,0
1,490,0
14,490,0
1,491,0
14,491,0
1,492,0
14,492,0
1,493,0
14,493,0
1,494,0
14,494,0
1,495,0
14,495,0
1,496,0
14,496,0
1,497,0
14,497,0
1,498,0
14,498,0
1,499,0
14,499,0
1,500,0
14,500,0
1,501,0
14,501,0
1,502,0
14,502,0
1,503,0
14,503,0
1,504,0
14,504,0
1,505,0
14,505,0
1,506,0
13,506,0
1,507,0
13,507,0
1,508,0
13,508,0
1,509,0
13,509,0
1,510,0
13,510,0
1,511,0
12,511,0
1,512,0
12,512,0
1,513,0
12,513,0
1,514,0
12,514,0
1,515,0
12,515,0
1,516,0
12,516,0
1,517,0
12,517,0
1,518,0
12,518,0
1,519,0
12,519,0
1,520,0
12,520,0
1,521,0
12,521,0
1,522,0
11,522,0
1,523,0
11,523,0
1,524,0
11,524,0
1,525,0
11,525,0
1,526,0
10,526,0
1,527,0
10,527,0
1,528,0
10,528,0
1,529,0
10,529,0
1,530,0
10,530,0
1,531,0
10,531,0
1,532,0
10,532,0
1,533,0
10,533,0
1,534,0
10,534,0
1,535,0
10,535,0
1,536,0
10,536,0
1,537,0
10,537,0
1,538,0
10,538,0
1,539,0
10,539,0
1,540,0
10,540,0
1,541,0
10,541,0
1,542,0
10,542,0
1,543,0
10,543,0
1,544,0
10,544,0
1,545,0
10,545,0
1,546,0
9,546,0
1,547,0
9,547,0
1,548,0
9,548,0
1,549,0
9,549,0
1,550,0
9,550,0
1,551,0
9,551,0
1,552,0
9,552,0
1,553,0
9,553,0
1,554,0
9,554,0
1,555,0
9,555,0
1,556,0
9,556,0
1,557,0
9,557,0
1,558,0
9,558,0
1,559,0
8,559,0
1,560,0
8,560,0
1,561,0
8,561,0
1,562,0
8,562,0
1,563,0
8,563,0
1,564,0
8,564,0
1,565,0
8,565,0
1,566,0
8,566,0
1,567,0
8,567,0
1,568,0
8,568,0
1,569,0
8,569,0
1,570,0
8,570,0
1,571,0
8,571,0
1,572,0
8,572,0
1,573,0
8,573,0
1,574,0
8,574,0
1,575,0
8,575,0
1,576,0
8,576,0
1,577,0
8,577,0
1,578,0
8,578,0
1,579,0
8,579,0
1,580,0
8,580,0
1,581,0
8,581,0
1,582,0
8,582,0
1,583,0
8,583,0
1,584,0
8,584,0
1,585,0
8,585,0
1,586,0
8,586,0
1,587,0
8,587,0
1,588,0
8,588,0
1,589,0
8,589,0
1,590,0
8,590,0
1,591,0
8,591,0
1,592,0
8,592,0
1,593,0
8,593,0
1,594,0
8,594,0
1,595,0
8,595,0
1,596,0
8,596,0
1,597,0
8,597,0
1,598,0
8,598,0
1,599,0
8,599,0
1,600,0
8,600,0
1,601,0
8,601,0
1,602,0
8,602,0
1,603,0
7,603,0
1,604,0
7,604,0
1,605,0
7,605,0
1,606,0
7,606,0
1,607,0
7,607,0
1,608,0
7,608,0
1,609,0
7,609,0
1,610,0
7,610,0
1,611,0
7,611,0
1,612,0
7,612,0
1,613,0
7,613,0
1,614,0
7,614,0
1,615,0
7,615,0
1,616,0
7,616,0
1,617,0
7,617,0
1,618,0
7,618,0
1,619,0
7,619,0
1,620,0
7,620,0
1,621,0
7,621,0
1,622,0
7,622,0
1,623,0
7,623,0
1,624,0
7,624,0
1,625,0
7,625,0
1,626,0
7,626,0
1,627,0
7,627,0
1,628,0
7,628,0
1,629,0
7,629,0
1,630,0
7,630,0
1,631,0
7,631,0
1,632,0
7,632,0
1,633,0
7,633,0
1,634,0
7,634,0
1,635,0
7,635,0
1,636,0
7,636,0
1,637,0
7,637,0
1,638,0
7,638,0
1,639,0
7,639,0
1,640,0
7,640,0
1,641,0
7,641,0
1,642,0
7,642,0
1,643,0
7,643,0
1,644,0
7,644,0
1,645,0
6,645,0
1,646,0
6,646,0
1,647,0
6,647,0
1,648,0
6,648,0
1,649,0
6,649,0
1,650,0
6,650,0
1,651,0
6,651,0
1,652,0
6,652,0
1,653,0
6,653,0
1,654,0
6,654,0
1,655,0
6,655,0
1,656,0
6,656,0
1,657,0
6,657,0
1,658,0
6,658,0
1,659,0
6,659,0
1,660,0
6,660,0
1,661,0
6,661,0
1,662,0
6,662,0
1,663,0
6,663,0
1,664,0
6,664,0
1,665,0
6,665,0
1,666,0
6,666,0
1,667,0
6,667,0
1,668,0
6,668,0
1,669,0
6,669,0
1,670,0
6,670,0
1,671,0
6,671,0
1,672,0
6,672,0
1,673,0
6,673,0
1,674,0
6,674,0
1,675,0
6,675,0
1,676,0
6,676,0
1,677,0
6,677,0
1,678,0
6,678,0
1,679,0
6,679,0
1,680,0
6,680,0
1,681,0
6,681,0
1,682,0
6,682,0
1,683,0
6,683,0
1,684,0
6,684,0
1,685,0
6,685,0
1,686,0
6,686,0
1,687,0
6,687,0
1,688,0
6,688,0
1,689,0
6,689,0
1,690,0
6,690,0
1,691,0
6,691,0
1,692,0
6,692,0
1,693,0
6,693,0
1,694,0
6,694,0
1,695,0
6,695,0
1,696,0
6,696,0
1,697,0
6,697,0
1,698,0
6,698,0
1,699,0
6,699,0
1,700,0
6,700,0
1,701,0
6,701,0
1,702,0
6,702,0
1,703,0
6,703,0
1,704,0
6,704,0
1,705,0
6,705,0
1,706,0
6,706,0
1,707,0
6,707,0
1,708,0
6,708,0
1,709,0
6,709,0
1,710,0
6,710,0
1,711,0
6,711,0
1,712,0
6,712,0
1,713,0
6,713,0
1,714,0
6,714,0
1,715,0
6,715,0
1,716,0
6,716,0
1,717,0
6,717,0
1,718,0
6,718,0
1,719,0
6,719,0
1,720,0
6,720,0
1,721,0
6,721,0
1,722,0
6,722,0
1,723,0
6,723,0
1,724,0
6,724,0
1,725,0
6,725,0
1,726,0
6,726,0
1,727,0
6,727,0
1,728,0
6,728,0
1,729,0
6,729,0
1,730,0
6,730,0
1,731,0
6,731,0
1,732,0
6,732,0
1,733,0
6,733,0
1,734,0
6,734,0
1,735,0
5,735,0
1,736,0
5,736,0
1,737,0
5,737,0
1,738,0
5,738,0
1,739,0
5,739,0
1,740,0
5,740,0
1,741,0
5,741,0
1,742,0
5,742,0
1,743,0
5,743,0
1,744,0
5,744,0
1,745,0
5,745,0
1,746,0
5,746,0
1,747,0
5,747,0
1,748,0
5,748,0
1,749,0
5,749,0
1,750,0
5,750,0
1,751,0
5,751,0
1,752,0
5,752,0
1,753,0
5,753,0
1,754,0
5,754,0
1,755,0
5,755,0
1,756,0
5,756,0
1,757,0
5,757,0
1,758,0
5,758,0
1,759,0
5,759,0
1,760,0
5,760,0
1,761,0
5,761,0
1,762,0
5,762,0
1,763,0
5,763,0
1,764,0
5,764,0
1,765,0
5,765,0
1,766,0
5,766,0
1,767,0
5,767,0
1,768,0
5,768,0
1,769,0
5,769,0
1,770,0
5,770,0
1,771,0
5,771,0
1,772,0
5,772,0
1,773,0
5,773,0
1,774,0
5,774,0
1,775,0
5,775,0
1,776,0
5,776,0
1,777,0
5,777,0
1,778,0
5,778,0
1,779,0
5,779,0
1,780,0
5,780,0
1,781,0
5,781,0
1,782,0
5,782,0
1,783,0
5,783,0
1,784,0
5,784,0
1,785,0
5,785,0
1,786,0
5,786,0
1,787,0
5,787,0
1,788,0
5,788,0
1,789,0
5,789,0
1,790,0
5,790,0
1,791,0
5,791,0
1,792,0
5,792,0
1,793,0
5,793,0
1,794,0
5,794,0
1,795,0
5,795,0
1,796,0
5,796,0
1,797,0
5,797,0
1,798,0
5,798,0
1,799,0
5,799,0
1,800,0
5,800,0
1,801,0
5,801,0
1,802,0
5,802,0
1,803,0
5,803,0
1,804,0
5,804,0
1,805,0
5,805,0
1,806,0
5,806,0
1,807,0
5,807,0
1,808,0
5,808,0
1,809,0
5,809,0
1,810,0
5,810,0
1,811,0
5,811,0
1,812,0
5,812,0
1,813,0
5,813,0
1,814,0
5,814,0
1,815,0
5,815,0
1,816,0
5,816,0
1,817,0
5,817,0
1,818,0
5,818,0
1,819,0
5,819,0
1,820,0
5,820,0
1,821,0
5,821,0
1,822,0
5,822,0
1,823,0
5,823,0
1,824,0
5,824,0
1,825,0
5,825,0
1,826,0
5,826,0
1,827,0
5,827,0
1,828,0
5,828,0
1,829,0
5,829,0
1,830,0
5,830,0
1,831,0
5,831,0
1,832,0
5,832,0
1,833,0
5,833,0
1,834,0
5,834,0
1,835,0
5,835,0
1,836,0
5,836,0
1,837,0
5,837,0
1,838,0
5,838,0
1,839,0
5,839,0
1,840,0
5,840,0
1,841,0
5,841,0
1,842,0
5,842,0
1,843,0
5,843,0
1,844,0
5,844,0
1,845,0
5,845,0
1,846,0
5,846,0
1,847,0
5,847,0
1,848,0
5,848,0
1,849,0
5,849,0
1,850,0
5,850,0
1,851,0
5,851,0
1,852,0
5,852,0
1,853,0
5,853,0
1,854,0
5,854,0
1,855,0
5,855,0
1,856,0
5,856,0
1,857,0
5,857,0
1,858,0
5,858,0
1,859,0
5,859,0
1,860,0
5,860,0
1,861,0
5,861,0
1,862,0
5,862,0
1,863,0
5,863,0
1,864,0
5,864,0
1,865,0
5,865,0
1,866,0
5,866,0
1,867,0
5,867,0
1,868,0
5,868,0
1,869,0
5,869,0
1,870,0
5,870,0
1,871,0
5,871,0
1,872,0
5,872,0
1,873,0
5,873,0
1,874,0
5,874,0
1,875,0
5,875,0
1,876,0
5,876,0
1,877,0
5,877,0
1,878,0
5,878,0
1,879,0
5,879,0
1,880,0
5,880,0
1,881,0
5,881,0
1,882,0
5,882,0
1,883,0
5,883,0
1,884,0
5,884,0
1,885,0
5,885,0
1,886,0
4,886,0
1,887,0
4,887,0
1,888,0
4,888,0
1,889,0
4,889,0
1,890,0
4,890,0
1,891,0
3,891,0
1,892,0
3,892,0
1,893,0
3,893,0
1,894,0
3,894,0
1,895,0
3,895,0
1,896,0
3,896,0
1,897,0
3,897,0
1,898,0
3,898,0
1,899,0
3,899,0
1,900,0
3,900,0
1,901,0
3,901,0
1,902,0
3,902,0
1,903,0
3,903,0
1,904,0
3,904,0
1,905,0
3,905,0
1,906,0
3,906,0
1,907,0
2,907,0
1,908,0
2,908,0
1,909,0
2,909,0
1,910,0
2,910,0
1,911,0
2,911,0
1,912,0
2,912,0
1,913,0
2,913,0
1,914,0
2,914,0
1,915,0
2,915,0
1,916,0
2,916,0
1,917,0
2,917,0
1,918,0
2,918,0
1,919,0
2,919,0
1,920,0
2,920,0
1,921,0
2,921,0
1,922,0
2,922,0
1,923,0
2,923,0
1,924,0
2,924,0
1,925,0
2,925,0
1,926,0
2,926,0
1,927,0
2,927,0
1,928,0
2,928,0
1,929,0
2,929,0
1,930,0
2,930,0
1,931,0
2,931,0
1,932,0
2,932,0
1,933,0
2,933,0
1,934,0
2,934,0
1,935,0
2,935,0
1,936,0
2,936,0
1,937,0
2,937,0
1,938,0
2,938,0
1,939,0
2,939,0
1,940,0
2,940,0
1,941,0
2,941,0
1,942,0
2,942,0
1,943,0
2,943,0
1,944,0
2,944,0
1,945,0
2,945,0
1,946,0
2,946,0
1,947,0
2,947,0
1,948,0
2,948,0
1,949,0
2,949,0
1,950,0
2,950,0
1,951,0
2,951,0
1,952,0
2,952,0
1,953,0
2,953,0
1,954,0
2,954,0
1,955,0
2,955,0
1,956,0
2,956,0
1,957,0
2,957,0
1,958,0
2,958,0
1,959,0
2,959,0
1,960,0
2,960,0
1,961,0
2,961,0
1,962,0
2,962,0
1,963,0
2,963,0
1,964,0
2,964,0
1,965,0
1,965,0
1,966,0
1,966,0
1,967,0
1,967,0
1,968,0
1,968,0
1,969,0
1,969,0
1,970,0
1,970,0
1,971,0
1,971,0
1,972,0
1,972,0
1,973,0
1,973,0
1,974,0
1,974,0
1,975,0
1,975,0
1,976,0
1,976,0
1,977,0
1,977,0
1,978,0
1,978,0
1,979,0
1,979,0
1,980,0
1,980,0
1,981,0
1,981,0
1,982,0
1,982,0
1,983,0
1,983,0
1,984,0
1,984,0
1,985,0
1,985,0
1,986,0
1,986,0
1,987,0
1,987,0
1,988,0
1,988,0
1,989,0
1,989,0
1,990,0
1,990,0
1,991,0
1,991,0
1,992,0
1,992,0
1,993,0
1,993,0
1,994,0
1,994,0
1,995,0
1,995,0
1,996,0
1,996,0
1,997,0
1,997,0
1,998,0
1,998,0
1,999,0
1,999,0
1,1000,0
1,1000,0
1,1001,0
1,1001,0
1,1002,0
1,1002,0
1,1003,0
1,1003,0
1,1004,0
1,1004,0
1,1005,0
1,1005,0
1,1006,0
1,1006,0
1,1007,0
1,1007,0
1,1008,0
1,1008,0
1,1009,0
1,1009,0
1,1010,0
1,1010,0
1,1011,0
1,1011,0
1,1012,0
1,1012,0
1,1013,0
1,1013,0
1,1014,0
1,1014,0
1,1015,0
1,1015,0
1,1016,0
1,1016,0
1,1017,0
1,1017,0
1,1018,0
1,1018,0
1,1019,0
1,1019,0
1,1020,0
1,1020,0
1,1021,0
1,1021,0
1,1022,0
1,1022,0
1,1023,0
1,1023,0
1,1024,0
1,1024,0
1,1025,0
1,1025,0
1,1026,0
1,1026,0
1,1027,0
1,1027,0
1,1028,0
1,1028,0
1,1029,0
1,1029,0
1,1030,0
1,1030,0
1,1031,0
1,1031,0
1,1032,0
1,1032,0
1,1033,0
1,1033,0
1,1034,0
1,1034,0
1,1035,0
1,1035,0
1,1036,0
1,1036,0
1,1037,0
1,1037,0
1,1038,0
1,1038,0
1,1039,0
1,1039,0
1,1040,0
1,1040,0
1,1041,0
1,1041,0
1,1042,0
1,1042,0
1,1043,0
1,1043,0
1,1044,0
1,1044,0
1,1045,0
1,1045,0
1,1046,0
1,1046,0
1,1047,0
1,1047,0
1,1048,0
1,1048,0
1,1049,0
1,1049,0
1,1050,0
1,1050,0
1,1051,0
1,1051,0
1,1052,0
1,1052,0
1,1053,0
1,1053,0
1,1054,0
1,1054,0
1,1055,0
1,1055,0
1,1056,0
1,1056,0
1,1057,0
1,1057,0
1,1058,0
1,1058,0
1,1059,0
1,1059,0
1,1060,0
1,1060,0
1,1061,0
1,1061,0
1,1062,0
1,1062,0
1,1063,0
1,1063,0
1,1064,0
1,1064,0
1,1065,0
1,1065,0
1,1066,0
1,1066,0
1,1067,0
1,1067,0
1,1068,0
1,1068,0
1,1069,0
1,1069,0
1,1070,0
1,1070,0
1,1071,0
1,1071,0
1,1072,0
1,1072,0
1,1073,0
1,1073,0
1,1074,0
1,1074,0
1,1075,0
1,1075,0
1,1076,0
1,1076,0
1,1077,0
1,1077,0
1,1078,0
1,1078,0
1,1079,0
1,1079,0
1,1080,0
1,1080,0
1,1081,0
1,1081,0
1,1082,0
1,1082,0
1,1083,0
1,1083,0
1,1084,0
1,1084,0
1,1085,0
1,1085,0
1,1086,0
1,1086,0
1,1087,0
1,1087,0
1,1088,0
1,1088,0
1,1089,0
1,1089,0
1,1090,0
1,1090,0
1,1091,0
1,1091,0
1,1092,0
1,1092,0
1,1093,0
1,1093,0
1,1094,0
1,1094,0
1,1095,0
1,1095,0
1,1096,0
1,1096,0
1,1097,0
1,1097,0
1,1098,0
1,1098,0
1,1099,0
1,1099,0
1,1100,0
1,1100,0
1,1101,0
1,1101,0
1,1102,0
1,1102,0
1,1103,0
1,1103,0
1,1104,0
1,1104,0
1,1105,0
1,1105,0
1,1106,0
1,1106,0
1,1107,0
1,1107,0
1,1108,0
1,1108,0
1,1109,0
1,1109,0
1,1110,0
1,1110,0
1,1111,0
1,1111,0
1,1112,0
1,1112,0
1,1113,0
1,1113,0
1,1114,0
1,1114,0
1,1115,0
1,1115,0
1,1116,0
1,1116,0
1,1117,0
1,1117,0
1,1118,0
1,1118,0
1,1119,0
1,1119,0
1,1120,0
1,1120,0
1,1121,0
1,1121,0
1,1122,0
1,1122,0
1,1123,0
1,1123,0
1,1124,0
1,1124,0
1,1125,0
1,1125,0
1,1126,0
1,1126,0
1,1127,0
1,1127,0
1,1128,0
1,1128,0
1,1129,0
1,1129,0
1,1130,0
1,1130,0
1,1131,0
1,1131,0
1,1132,0
1,1132,0
1,1133,0
1,1133,0
1,1134,0
1,1134,0
1,1135,0
1,1135,0
1,1136,0
1,1136,0
1,1137,0
1,1137,0
1,1138,0
1,1138,0
1,1139,0
1,1139,0
1,1140,0
1,1140,0
1,1141,0
1,1141,0
1,1142,0
1,1142,0
1,1143,0
1,1143,0
1,1144,0
1,1144,0
1,1145,0
1,1145,0
1,1146,0
1,1146,0
1,1147,0
1,1147,0
1,1148,0
1,1148,0
