1,1,0
1320,1,0
1,2,0
1220,2,0
1,3,0
1220,3,0
1,4,0
863,4,0
1,5,0
863,5,0
1,6,0
841,6,0
1,7,0
841,7,0
1,8,0
772,8,0
1,9,0
772,9,0
1,10,0
693,10,0
1,11,0
693,11,0
1,12,0
629,12,0
1,13,0
629,13,0
1,14,0
526,14,0
1,15,0
526,15,0
1,16,0
505,16,0
1,17,0
505,17,0
1,18,0
502,18,0
1,19,0
502,19,0
1,20,0
493,20,0
1,21,0
493,21,0
1,22,0
458,22,0
1,23,0
458,23,0
1,24,0
455,24,0
1,25,0
455,25,0
1,26,0
444,26,0
1,27,0
444,27,0
1,28,0
442,28,0
1,29,0
442,29,0
1,30,0
434,30,0
1,31,0
434,31,0
1,32,0
411,32,0
1,33,0
411,33,0
1,34,0
398,34,0
1,35,0
398,35,0
1,36,0
382,36,0
1,37,0
382,37,0
1,38,0
364,38,0
1,39,0
364,39,0
1,40,0
357,40,0
1,41,0
357,41,0
1,42,0
337,42,0
1,43,0
337,43,0
1,44,0
336,44,0
1,45,0
336,45,0
1,46,0
327,46,0
1,47,0
327,47,0
1,48,0
326,48,0
1,49,0
326,49,0
1,50,0
315,50,0
1,51,0
315,51,0
1,52,0
314,52,0
1,53,0
314,53,0
1,54,0
305,54,0
1,55,0
305,55,0
1,56,0
301,56,0
1,57,0
301,57,0
1,58,0
300,58,0
1,59,0
300,59,0
1,60,0
287,60,0
1,61,0
287,61,0
1,62,0
274,62,0
1,63,0
274,63,0
1,64,0
270,64,0
1,65,0
270,65,0
1,66,0
255,66,0
1,67,0
255,67,0
1,68,0
252,68,0
1,69,0
252,69,0
1,70,0
250,70,0
1,71,0
250,71,0
1,72,0
242,72,0
1,73,0
242,73,0
1,74,0
229,74,0
1,75,0
229,75,0
1,76,0
228,76,0
1,77,0
228,77,0
1,78,0
226,78,0
1,79,0
226,79,0
1,80,0
223,80,0
1,81,0
223,81,0
1,82,0
222,82,0
1,83,0
222,83,0
1,84,0
215,84,0
1,85,0
215,85,0
1,86,0
214,86,0
1,87,0
214,87,0
1,88,0
211,88,0
1,89,0
211,89,0
1,90,0
210,90,0
1,91,0
210,91,0
1,92,0
209,92,0
1,93,0
209,93,0
1,94,0
205,94,0
1,95,0
205,95,0
1,96,0
190,96,0
1,97,0
190,97,0
1,98,0
185,98,0
1,99,0
185,99,0
1,100,0
181,100,0
1,101,0
181,101,0
1,102,0
179,102,0
1,103,0
179,103,0
1,104,0
177,104,0
1,105,0
177,105,0
1,106,0
172,106,0
1,107,0
172,107,0
1,108,0
167,108,0
1,109,0
167,109,0
1,110,0
159,110,0
1,111,0
159,111,0
1,112,0
158,112,0
1,113,0
158,113,0
1,114,0
155,114,0
1,115,0
155,115,0
1,116,0
151,116,0
1,117,0
151,117,0
1,118,0
150,118,0
1,119,0
150,119,0
1,120,0
148,120,0
1,121,0
148,121,0
1,122,0
144,122,0
1,123,0
144,123,0
1,124,0
143,124,0
1,125,0
143,125,0
1,126,0
138,126,0
1,127,0
138,127,0
1,128,0
136,128,0
1,129,0
136,129,0
1,130,0
135,130,0
1,131,0
135,131,0
1,132,0
131,132,0
1,133,0
131,133,0
1,134,0
127,134,0
1,135,0
127,135,0
1,136,0
120,136,0
1,137,0
120,137,0
1,138,0
116,138,0
1,139,0
116,139,0
1,140,0
113,140,0
1,141,0
113,141,0
1,142,0
111,142,0
1,143,0
111,143,0
1,144,0
110,144,0
1,145,0
110,145,0
1,146,0
108,146,0
1,147,0
108,147,0
1,148,0
107,148,0
1,149,0
107,149,0
1,150,0
105,150,0
1,151,0
105,151,0
1,152,0
96,152,0
1,153,0
96,153,0
1,154,0
95,154,0
1,155,0
95,155,0
1,156,0
94,156,0
1,157,0
94,157,0
1,158,0
88,158,0
1,159,0
88,159,0
1,160,0
84,160,0
1,161,0
84,161,0
1,162,0
79,162,0
1,163,0
79,163,0
1,164,0
78,164,0
1,165,0
78,165,0
1,166,0
71,166,0
1,167,0
71,167,0
1,168,0
67,168,0
1,169,0
67,169,0
1,170,0
66,170,0
1,171,0
66,171,0
1,172,0
61,172,0
1,173,0
61,173,0
1,174,0
60,174,0
1,175,0
60,175,0
1,176,0
59,176,0
1,177,0
59,177,0
1,178,0
58,178,0
1,179,0
58,179,0
1,180,0
56,180,0
1,181,0
56,181,0
1,182,0
54,182,0
1,183,0
54,183,0
1,184,0
51,184,0
1,185,0
51,185,0
1,186,0
50,186,0
1,187,0
50,187,0
1,188,0
49,188,0
1,189,0
49,189,0
1,190,0
48,190,0
1,191,0
48,191,0
1,192,0
46,192,0
1,193,0
46,193,0
1,194,0
45,194,0
1,195,0
45,195,0
1,196,0
44,196,0
1,197,0
44,197,0
1,198,0
42,198,0
1,199,0
42,199,0
1,200,0
41,200,0
1,201,0
41,201,0
1,202,0
38,202,0
1,203,0
38,203,0
1,204,0
37,204,0
1,205,0
37,205,0
1,206,0
36,206,0
1,207,0
36,207,0
1,208,0
35,208,0
1,209,0
35,209,0
1,210,0
34,210,0
1,211,0
34,211,0
1,212,0
31,212,0
1,213,0
31,213,0
1,214,0
30,214,0
1,215,0
30,215,0
1,216,0
29,216,0
1,217,0
29,217,0
1,218,0
26,218,0
1,219,0
26,219,0
1,220,0
25,220,0
1,221,0
25,221,0
1,222,0
19,222,0
1,223,0
19,223,0
1,224,0
17,224,0
1,225,0
17,225,0
1,226,0
15,226,0
1,227,0
15,227,0
1,228,0
14,228,0
1,229,0
14,229,0
1,230,0
12,230,0
1,231,0
12,231,0
1,232,0
10,232,0
1,233,0
10,233,0
1,234,0
6,234,0
1,235,0
6,235,0
1,236,0
5,236,0
1,237,0
5,237,0
1,238,0
3,238,0
1,239,0
3,239,0
