1,1,0
38,1,0
1,2,0
37,2,0
1,3,0
37,3,0
1,4,0
37,4,0
1,5,0
37,5,0
1,6,0
36,6,0
1,7,0
35,7,0
1,8,0
35,8,0
1,9,0
35,9,0
1,10,0
35,10,0
1,11,0
35,11,0
1,12,0
35,12,0
1,13,0
34,13,0
1,14,0
33,14,0
1,15,0
32,15,0
1,16,0
32,16,0
1,17,0
31,17,0
1,18,0
31,18,0
1,19,0
31,19,0
1,20,0
31,20,0
1,21,0
31,21,0
1,22,0
31,22,0
1,23,0
31,23,0
1,24,0
30,24,0
1,25,0
30,25,0
1,26,0
30,26,0
1,27,0
30,27,0
1,28,0
30,28,0
1,29,0
29,29,0
1,30,0
29,30,0
1,31,0
29,31,0
1,32,0
29,32,0
1,33,0
28,33,0
1,34,0
28,34,0
1,35,0
28,35,0
1,36,0
28,36,0
1,37,0
27,37,0
1,38,0
27,38,0
1,39,0
27,39,0
1,40,0
27,40,0
1,41,0
27,41,0
1,42,0
27,42,0
1,43,0
27,43,0
1,44,0
27,44,0
1,45,0
27,45,0
1,46,0
27,46,0
1,47,0
27,47,0
1,48,0
27,48,0
1,49,0
27,49,0
1,50,0
26,50,0
1,51,0
26,51,0
1,52,0
26,52,0
1,53,0
25,53,0
1,54,0
25,54,0
1,55,0
24,55,0
1,56,0
24,56,0
1,57,0
23,57,0
1,58,0
23,58,0
1,59,0
23,59,0
1,60,0
23,60,0
1,61,0
23,61,0
1,62,0
23,62,0
1,63,0
23,63,0
1,64,0
23,64,0
1,65,0
23,65,0
1,66,0
22,66,0
1,67,0
21,67,0
1,68,0
20,68,0
1,69,0
20,69,0
1,70,0
19,70,0
1,71,0
19,71,0
1,72,0
18,72,0
1,73,0
17,73,0
1,74,0
17,74,0
1,75,0
16,75,0
1,76,0
16,76,0
1,77,0
16,77,0
1,78,0
16,78,0
1,79,0
16,79,0
1,80,0
15,80,0
1,81,0
15,81,0
1,82,0
14,82,0
1,83,0
13,83,0
1,84,0
13,84,0
1,85,0
13,85,0
1,86,0
13,86,0
1,87,0
12,87,0
1,88,0
12,88,0
1,89,0
12,89,0
1,90,0
12,90,0
1,91,0
11,91,0
1,92,0
11,92,0
1,93,0
10,93,0
1,94,0
10,94,0
1,95,0
10,95,0
1,96,0
10,96,0
1,97,0
10,97,0
1,98,0
10,98,0
1,99,0
10,99,0
1,100,0
10,100,0
1,101,0
9,101,0
1,102,0
9,102,0
1,103,0
9,103,0
1,104,0
9,104,0
1,105,0
9,105,0
1,106,0
9,106,0
1,107,0
9,107,0
1,108,0
9,108,0
1,109,0
8,109,0
1,110,0
8,110,0
1,111,0
8,111,0
1,112,0
8,112,0
1,113,0
8,113,0
1,114,0
8,114,0
1,115,0
8,115,0
1,116,0
8,116,0
1,117,0
7,117,0
1,118,0
7,118,0
1,119,0
6,119,0
1,120,0
6,120,0
1,121,0
6,121,0
1,122,0
5,122,0
1,123,0
5,123,0
1,124,0
5,124,0
1,125,0
5,125,0
1,126,0
5,126,0
1,127,0
5,127,0
1,128,0
5,128,0
1,129,0
5,129,0
1,130,0
4,130,0
1,131,0
4,131,0
1,132,0
4,132,0
1,133,0
4,133,0
1,134,0
4,134,0
1,135,0
4,135,0
1,136,0
4,136,0
1,137,0
4,137,0
1,138,0
4,138,0
1,139,0
4,139,0
1,140,0
4,140,0
1,141,0
3,141,0
1,142,0
3,142,0
1,143,0
3,143,0
1,144,0
3,144,0
1,145,0
3,145,0
1,146,0
3,146,0
1,147,0
3,147,0
1,148,0
3,148,0
1,149,0
3,149,0
1,150,0
3,150,0
1,151,0
3,151,0
1,152,0
3,152,0
1,153,0
3,153,0
1,154,0
3,154,0
1,155,0
3,155,0
1,156,0
3,156,0
1,157,0
3,157,0
1,158,0
3,158,0
1,159,0
3,159,0
1,160,0
3,160,0
1,161,0
3,161,0
1,162,0
3,162,0
1,163,0
3,163,0
1,164,0
3,164,0
1,165,0
3,165,0
1,166,0
3,166,0
1,167,0
3,167,0
1,168,0
3,168,0
1,169,0
3,169,0
1,170,0
3,170,0
1,171,0
3,171,0
1,172,0
3,172,0
1,173,0
3,173,0
1,174,0
3,174,0
1,175,0
3,175,0
1,176,0
3,176,0
1,177,0
3,177,0
1,178,0
3,178,0
1,179,0
3,179,0
1,180,0
3,180,0
1,181,0
3,181,0
1,182,0
3,182,0
1,183,0
3,183,0
1,184,0
3,184,0
1,185,0
3,185,0
1,186,0
3,186,0
1,187,0
3,187,0
1,188,0
3,188,0
1,189,0
3,189,0
1,190,0
3,190,0
1,191,0
3,191,0
1,192,0
3,192,0
1,193,0
3,193,0
1,194,0
3,194,0
1,195,0
3,195,0
1,196,0
3,196,0
1,197,0
3,197,0
1,198,0
3,198,0
1,199,0
3,199,0
1,200,0
3,200,0
1,201,0
3,201,0
1,202,0
3,202,0
1,203,0
3,203,0
1,204,0
3,204,0
1,205,0
3,205,0
1,206,0
3,206,0
1,207,0
3,207,0
1,208,0
3,208,0
1,209,0
3,209,0
1,210,0
3,210,0
1,211,0
3,211,0
1,212,0
3,212,0
1,213,0
3,213,0
1,214,0
3,214,0
1,215,0
3,215,0
1,216,0
3,216,0
1,217,0
3,217,0
1,218,0
3,218,0
1,219,0
3,219,0
1,220,0
3,220,0
1,221,0
3,221,0
1,222,0
3,222,0
1,223,0
3,223,0
1,224,0
3,224,0
1,225,0
3,225,0
1,226,0
3,226,0
1,227,0
3,227,0
1,228,0
3,228,0
1,229,0
3,229,0
1,230,0
3,230,0
1,231,0
3,231,0
1,232,0
3,232,0
1,233,0
3,233,0
1,234,0
3,234,0
1,235,0
3,235,0
1,236,0
3,236,0
1,237,0
3,237,0
1,238,0
3,238,0
1,239,0
3,239,0
1,240,0
3,240,0
1,241,0
3,241,0
1,242,0
3,242,0
1,243,0
3,243,0
1,244,0
3,244,0
1,245,0
3,245,0
1,246,0
3,246,0
1,247,0
3,247,0
1,248,0
3,248,0
1,249,0
3,249,0
1,250,0
3,250,0
1,251,0
3,251,0
1,252,0
3,252,0
1,253,0
3,253,0
1,254,0
3,254,0
1,255,0
3,255,0
1,256,0
3,256,0
1,257,0
3,257,0
1,258,0
3,258,0
1,259,0
3,259,0
1,260,0
3,260,0
1,261,0
3,261,0
1,262,0
3,262,0
1,263,0
3,263,0
1,264,0
2,264,0
1,265,0
2,265,0
1,266,0
2,266,0
1,267,0
2,267,0
1,268,0
2,268,0
1,269,0
2,269,0
1,270,0
2,270,0
1,271,0
2,271,0
1,272,0
2,272,0
1,273,0
2,273,0
1,274,0
2,274,0
1,275,0
2,275,0
1,276,0
2,276,0
1,277,0
2,277,0
1,278,0
2,278,0
1,279,0
2,279,0
1,280,0
2,280,0
1,281,0
2,281,0
1,282,0
2,282,0
1,283,0
2,283,0
1,284,0
2,284,0
1,285,0
2,285,0
1,286,0
2,286,0
1,287,0
2,287,0
1,288,0
2,288,0
1,289,0
2,289,0
1,290,0
2,290,0
1,291,0
2,291,0
1,292,0
2,292,0
1,293,0
2,293,0
1,294,0
2,294,0
1,295,0
2,295,0
1,296,0
2,296,0
1,297,0
2,297,0
1,298,0
2,298,0
1,299,0
2,299,0
1,300,0
2,300,0
1,301,0
2,301,0
1,302,0
2,302,0
1,303,0
2,303,0
1,304,0
2,304,0
1,305,0
1,305,0
1,306,0
1,306,0
1,307,0
1,307,0
1,308,0
1,308,0
1,309,0
1,309,0
1,310,0
1,310,0
1,311,0
1,311,0
1,312,0
1,312,0
1,313,0
1,313,0
1,314,0
1,314,0
1,315,0
1,315,0
1,316,0
1,316,0
1,317,0
1,317,0
1,318,0
1,318,0
1,319,0
1,319,0
1,320,0
1,320,0
1,321,0
1,321,0
1,322,0
1,322,0
1,323,0
1,323,0
1,324,0
1,324,0
