1,1,0
2101,1,0
1,2,0
1731,2,0
1,3,0
1657,3,0
1,4,0
1347,4,0
1,5,0
1247,5,0
1,6,0
1235,6,0
1,7,0
1219,7,0
1,8,0
1173,8,0
1,9,0
1167,9,0
1,10,0
1093,10,0
1,11,0
1043,11,0
1,12,0
1029,12,0
1,13,0
1029,13,0
1,14,0
969,14,0
1,15,0
957,15,0
1,16,0
953,16,0
1,17,0
941,17,0
1,18,0
935,18,0
1,19,0
919,19,0
1,20,0
905,20,0
1,21,0
899,21,0
1,22,0
877,22,0
1,23,0
873,23,0
1,24,0
869,24,0
1,25,0
865,25,0
1,26,0
855,26,0
1,27,0
843,27,0
1,28,0
825,28,0
1,29,0
805,29,0
1,30,0
805,30,0
1,31,0
793,31,0
1,32,0
767,32,0
1,33,0
765,33,0
1,34,0
751,34,0
1,35,0
715,35,0
1,36,0
711,36,0
1,37,0
711,37,0
1,38,0
695,38,0
1,39,0
689,39,0
1,40,0
667,40,0
1,41,0
639,41,0
1,42,0
639,42,0
1,43,0
603,43,0
1,44,0
601,44,0
1,45,0
599,45,0
1,46,0
597,46,0
1,47,0
589,47,0
1,48,0
585,48,0
1,49,0
563,49,0
1,50,0
547,50,0
1,51,0
543,51,0
1,52,0
541,52,0
1,53,0
541,53,0
1,54,0
517,54,0
1,55,0
515,55,0
1,56,0
511,56,0
1,57,0
511,57,0
1,58,0
467,58,0
1,59,0
465,59,0
1,60,0
459,60,0
1,61,0
449,61,0
1,62,0
449,62,0
1,63,0
435,63,0
1,64,0
429,64,0
1,65,0
419,65,0
1,66,0
413,66,0
1,67,0
413,67,0
1,68,0
411,68,0
1,69,0
401,69,0
1,70,0
401,70,0
1,71,0
397,71,0
1,72,0
383,72,0
1,73,0
379,73,0
1,74,0
363,74,0
1,75,0
363,75,0
1,76,0
357,76,0
1,77,0
343,77,0
1,78,0
339,78,0
1,79,0
339,79,0
1,80,0
335,80,0
1,81,0
321,81,0
1,82,0
315,82,0
1,83,0
313,83,0
1,84,0
311,84,0
1,85,0
309,85,0
1,86,0
303,86,0
1,87,0
303,87,0
1,88,0
295,88,0
1,89,0
295,89,0
1,90,0
295,90,0
1,91,0
293,91,0
1,92,0
291,92,0
1,93,0
279,93,0
1,94,0
279,94,0
1,95,0
277,95,0
1,96,0
277,96,0
1,97,0
273,97,0
1,98,0
273,98,0
1,99,0
271,99,0
1,100,0
271,100,0
1,101,0
267,101,0
1,102,0
265,102,0
1,103,0
265,103,0
1,104,0
265,104,0
1,105,0
259,105,0
1,106,0
255,106,0
1,107,0
251,107,0
1,108,0
251,108,0
1,109,0
247,109,0
1,110,0
247,110,0
1,111,0
247,111,0
1,112,0
245,112,0
1,113,0
235,113,0
1,114,0
233,114,0
1,115,0
227,115,0
1,116,0
227,116,0
1,117,0
223,117,0
1,118,0
223,118,0
1,119,0
223,119,0
1,120,0
223,120,0
1,121,0
221,121,0
1,122,0
221,122,0
1,123,0
221,123,0
1,124,0
221,124,0
1,125,0
207,125,0
1,126,0
207,126,0
1,127,0
207,127,0
1,128,0
203,128,0
1,129,0
199,129,0
1,130,0
199,130,0
1,131,0
195,131,0
1,132,0
195,132,0
1,133,0
195,133,0
1,134,0
193,134,0
1,135,0
191,135,0
1,136,0
191,136,0
1,137,0
187,137,0
1,138,0
187,138,0
1,139,0
187,139,0
1,140,0
185,140,0
1,141,0
181,141,0
1,142,0
177,142,0
1,143,0
175,143,0
1,144,0
175,144,0
1,145,0
173,145,0
1,146,0
173,146,0
1,147,0
169,147,0
1,148,0
163,148,0
1,149,0
163,149,0
1,150,0
161,150,0
1,151,0
161,151,0
1,152,0
161,152,0
1,153,0
161,153,0
1,154,0
159,154,0
1,155,0
159,155,0
1,156,0
157,156,0
1,157,0
155,157,0
1,158,0
155,158,0
1,159,0
153,159,0
1,160,0
153,160,0
1,161,0
153,161,0
1,162,0
153,162,0
1,163,0
153,163,0
1,164,0
153,164,0
1,165,0
153,165,0
1,166,0
153,166,0
1,167,0
153,167,0
1,168,0
151,168,0
1,169,0
151,169,0
1,170,0
151,170,0
1,171,0
145,171,0
1,172,0
145,172,0
1,173,0
141,173,0
1,174,0
141,174,0
1,175,0
141,175,0
1,176,0
141,176,0
1,177,0
141,177,0
1,178,0
139,178,0
1,179,0
139,179,0
1,180,0
135,180,0
1,181,0
135,181,0
1,182,0
135,182,0
1,183,0
133,183,0
1,184,0
129,184,0
1,185,0
127,185,0
1,186,0
127,186,0
1,187,0
127,187,0
1,188,0
127,188,0
1,189,0
125,189,0
1,190,0
125,190,0
1,191,0
125,191,0
1,192,0
125,192,0
1,193,0
125,193,0
1,194,0
123,194,0
1,195,0
121,195,0
1,196,0
121,196,0
1,197,0
121,197,0
1,198,0
121,198,0
1,199,0
119,199,0
1,200,0
119,200,0
1,201,0
119,201,0
1,202,0
119,202,0
1,203,0
119,203,0
1,204,0
119,204,0
1,205,0
119,205,0
1,206,0
117,206,0
1,207,0
115,207,0
1,208,0
113,208,0
1,209,0
113,209,0
1,210,0
113,210,0
1,211,0
113,211,0
1,212,0
113,212,0
1,213,0
113,213,0
1,214,0
113,214,0
1,215,0
113,215,0
1,216,0
111,216,0
1,217,0
111,217,0
1,218,0
111,218,0
1,219,0
111,219,0
1,220,0
109,220,0
1,221,0
109,221,0
1,222,0
109,222,0
1,223,0
109,223,0
1,224,0
109,224,0
1,225,0
109,225,0
1,226,0
109,226,0
1,227,0
109,227,0
1,228,0
107,228,0
1,229,0
107,229,0
1,230,0
107,230,0
1,231,0
107,231,0
1,232,0
105,232,0
1,233,0
105,233,0
1,234,0
105,234,0
1,235,0
103,235,0
1,236,0
103,236,0
1,237,0
101,237,0
1,238,0
101,238,0
1,239,0
101,239,0
1,240,0
101,240,0
1,241,0
101,241,0
1,242,0
101,242,0
1,243,0
101,243,0
1,244,0
101,244,0
1,245,0
101,245,0
1,246,0
101,246,0
1,247,0
101,247,0
1,248,0
101,248,0
1,249,0
101,249,0
1,250,0
101,250,0
1,251,0
101,251,0
1,252,0
99,252,0
1,253,0
97,253,0
1,254,0
97,254,0
1,255,0
97,255,0
1,256,0
97,256,0
1,257,0
97,257,0
1,258,0
95,258,0
1,259,0
95,259,0
1,260,0
93,260,0
1,261,0
93,261,0
1,262,0
93,262,0
1,263,0
93,263,0
1,264,0
93,264,0
1,265,0
93,265,0
1,266,0
93,266,0
1,267,0
89,267,0
1,268,0
89,268,0
1,269,0
89,269,0
1,270,0
89,270,0
1,271,0
87,271,0
1,272,0
87,272,0
1,273,0
87,273,0
1,274,0
85,274,0
1,275,0
83,275,0
1,276,0
81,276,0
1,277,0
81,277,0
1,278,0
81,278,0
1,279,0
81,279,0
1,280,0
77,280,0
1,281,0
73,281,0
1,282,0
71,282,0
1,283,0
69,283,0
1,284,0
69,284,0
1,285,0
69,285,0
1,286,0
69,286,0
1,287,0
69,287,0
1,288,0
69,288,0
1,289,0
69,289,0
1,290,0
69,290,0
1,291,0
69,291,0
1,292,0
69,292,0
1,293,0
69,293,0
1,294,0
69,294,0
1,295,0
69,295,0
1,296,0
69,296,0
1,297,0
69,297,0
1,298,0
69,298,0
1,299,0
69,299,0
1,300,0
69,300,0
1,301,0
67,301,0
1,302,0
67,302,0
1,303,0
67,303,0
1,304,0
67,304,0
1,305,0
65,305,0
1,306,0
65,306,0
1,307,0
65,307,0
1,308,0
65,308,0
1,309,0
63,309,0
1,310,0
63,310,0
1,311,0
61,311,0
1,312,0
61,312,0
1,313,0
59,313,0
1,314,0
59,314,0
1,315,0
59,315,0
1,316,0
59,316,0
1,317,0
59,317,0
1,318,0
59,318,0
1,319,0
59,319,0
1,320,0
59,320,0
1,321,0
59,321,0
1,322,0
57,322,0
1,323,0
57,323,0
1,324,0
57,324,0
1,325,0
55,325,0
1,326,0
55,326,0
1,327,0
53,327,0
1,328,0
51,328,0
1,329,0
51,329,0
1,330,0
51,330,0
1,331,0
51,331,0
1,332,0
51,332,0
1,333,0
51,333,0
1,334,0
51,334,0
1,335,0
49,335,0
1,336,0
49,336,0
1,337,0
49,337,0
1,338,0
49,338,0
1,339,0
49,339,0
1,340,0
49,340,0
1,341,0
47,341,0
1,342,0
47,342,0
1,343,0
47,343,0
1,344,0
47,344,0
1,345,0
47,345,0
1,346,0
47,346,0
1,347,0
47,347,0
1,348,0
47,348,0
1,349,0
47,349,0
1,350,0
47,350,0
1,351,0
47,351,0
1,352,0
47,352,0
1,353,0
47,353,0
1,354,0
47,354,0
1,355,0
47,355,0
1,356,0
47,356,0
1,357,0
45,357,0
1,358,0
43,358,0
1,359,0
43,359,0
1,360,0
43,360,0
1,361,0
43,361,0
1,362,0
43,362,0
1,363,0
43,363,0
1,364,0
43,364,0
1,365,0
43,365,0
1,366,0
41,366,0
1,367,0
41,367,0
1,368,0
41,368,0
1,369,0
41,369,0
1,370,0
41,370,0
1,371,0
41,371,0
1,372,0
41,372,0
1,373,0
41,373,0
1,374,0
41,374,0
1,375,0
41,375,0
1,376,0
41,376,0
1,377,0
41,377,0
1,378,0
41,378,0
1,379,0
41,379,0
1,380,0
41,380,0
1,381,0
41,381,0
1,382,0
41,382,0
1,383,0
41,383,0
1,384,0
41,384,0
1,385,0
41,385,0
1,386,0
41,386,0
1,387,0
41,387,0
1,388,0
41,388,0
1,389,0
41,389,0
1,390,0
41,390,0
1,391,0
41,391,0
1,392,0
41,392,0
1,393,0
37,393,0
1,394,0
37,394,0
1,395,0
37,395,0
1,396,0
35,396,0
1,397,0
35,397,0
1,398,0
35,398,0
1,399,0
35,399,0
1,400,0
35,400,0
1,401,0
35,401,0
1,402,0
35,402,0
1,403,0
35,403,0
1,404,0
35,404,0
1,405,0
35,405,0
1,406,0
35,406,0
1,407,0
35,407,0
1,408,0
35,408,0
1,409,0
35,409,0
1,410,0
33,410,0
1,411,0
33,411,0
1,412,0
33,412,0
1,413,0
33,413,0
1,414,0
33,414,0
1,415,0
31,415,0
1,416,0
31,416,0
1,417,0
31,417,0
1,418,0
31,418,0
1,419,0
31,419,0
1,420,0
31,420,0
1,421,0
31,421,0
1,422,0
31,422,0
1,423,0
31,423,0
1,424,0
31,424,0
1,425,0
31,425,0
1,426,0
31,426,0
1,427,0
31,427,0
1,428,0
31,428,0
1,429,0
31,429,0
1,430,0
31,430,0
1,431,0
31,431,0
1,432,0
29,432,0
1,433,0
29,433,0
1,434,0
27,434,0
1,435,0
27,435,0
1,436,0
27,436,0
1,437,0
27,437,0
1,438,0
27,438,0
1,439,0
27,439,0
1,440,0
27,440,0
1,441,0
27,441,0
1,442,0
27,442,0
1,443,0
27,443,0
1,444,0
27,444,0
1,445,0
27,445,0
1,446,0
27,446,0
1,447,0
27,447,0
1,448,0
25,448,0
1,449,0
25,449,0
1,450,0
25,450,0
1,451,0
25,451,0
1,452,0
25,452,0
1,453,0
25,453,0
1,454,0
25,454,0
1,455,0
23,455,0
1,456,0
23,456,0
1,457,0
23,457,0
1,458,0
23,458,0
1,459,0
23,459,0
1,460,0
23,460,0
1,461,0
23,461,0
1,462,0
23,462,0
1,463,0
23,463,0
1,464,0
23,464,0
1,465,0
23,465,0
1,466,0
23,466,0
1,467,0
23,467,0
1,468,0
23,468,0
1,469,0
23,469,0
1,470,0
23,470,0
1,471,0
23,471,0
1,472,0
23,472,0
1,473,0
23,473,0
1,474,0
23,474,0
1,475,0
21,475,0
1,476,0
21,476,0
1,477,0
21,477,0
1,478,0
21,478,0
1,479,0
21,479,0
1,480,0
21,480,0
1,481,0
21,481,0
1,482,0
21,482,0
1,483,0
21,483,0
1,484,0
21,484,0
1,485,0
21,485,0
1,486,0
19,486,0
1,487,0
19,487,0
1,488,0
19,488,0
1,489,0
19,489,0
1,490,0
19,490,0
1,491,0
19,491,0
1,492,0
19,492,0
1,493,0
17,493,0
1,494,0
17,494,0
1,495,0
17,495,0
1,496,0
17,496,0
1,497,0
17,497,0
1,498,0
17,498,0
1,499,0
17,499,0
1,500,0
17,500,0
1,501,0
17,501,0
1,502,0
17,502,0
1,503,0
17,503,0
1,504,0
17,504,0
1,505,0
17,505,0
1,506,0
17,506,0
1,507,0
17,507,0
1,508,0
17,508,0
1,509,0
17,509,0
1,510,0
17,510,0
1,511,0
17,511,0
1,512,0
17,512,0
1,513,0
17,513,0
1,514,0
17,514,0
1,515,0
17,515,0
1,516,0
17,516,0
1,517,0
17,517,0
1,518,0
17,518,0
1,519,0
17,519,0
1,520,0
17,520,0
1,521,0
17,521,0
1,522,0
17,522,0
1,523,0
17,523,0
1,524,0
17,524,0
1,525,0
17,525,0
1,526,0
15,526,0
1,527,0
15,527,0
1,528,0
13,528,0
1,529,0
13,529,0
1,530,0
13,530,0
1,531,0
13,531,0
1,532,0
13,532,0
1,533,0
13,533,0
1,534,0
13,534,0
1,535,0
13,535,0
1,536,0
13,536,0
1,537,0
13,537,0
1,538,0
13,538,0
1,539,0
13,539,0
1,540,0
13,540,0
1,541,0
13,541,0
1,542,0
13,542,0
1,543,0
13,543,0
1,544,0
13,544,0
1,545,0
13,545,0
1,546,0
13,546,0
1,547,0
13,547,0
1,548,0
13,548,0
1,549,0
13,549,0
1,550,0
13,550,0
1,551,0
13,551,0
1,552,0
13,552,0
1,553,0
11,553,0
1,554,0
11,554,0
1,555,0
11,555,0
1,556,0
11,556,0
1,557,0
11,557,0
1,558,0
11,558,0
1,559,0
11,559,0
1,560,0
11,560,0
1,561,0
11,561,0
1,562,0
11,562,0
1,563,0
11,563,0
1,564,0
11,564,0
1,565,0
11,565,0
1,566,0
11,566,0
1,567,0
11,567,0
1,568,0
11,568,0
1,569,0
11,569,0
1,570,0
11,570,0
1,571,0
11,571,0
1,572,0
11,572,0
1,573,0
11,573,0
1,574,0
11,574,0
1,575,0
11,575,0
1,576,0
11,576,0
1,577,0
11,577,0
1,578,0
11,578,0
1,579,0
11,579,0
1,580,0
11,580,0
1,581,0
11,581,0
1,582,0
11,582,0
1,583,0
9,583,0
1,584,0
9,584,0
1,585,0
9,585,0
1,586,0
9,586,0
1,587,0
9,587,0
1,588,0
9,588,0
1,589,0
9,589,0
1,590,0
9,590,0
1,591,0
9,591,0
1,592,0
9,592,0
1,593,0
9,593,0
1,594,0
5,594,0
1,595,0
5,595,0
1,596,0
5,596,0
1,597,0
5,597,0
1,598,0
5,598,0
1,599,0
5,599,0
1,600,0
5,600,0
1,601,0
5,601,0
1,602,0
5,602,0
1,603,0
5,603,0
1,604,0
5,604,0
1,605,0
5,605,0
1,606,0
5,606,0
1,607,0
5,607,0
1,608,0
5,608,0
1,609,0
5,609,0
1,610,0
5,610,0
1,611,0
5,611,0
1,612,0
5,612,0
1,613,0
5,613,0
1,614,0
5,614,0
1,615,0
3,615,0
1,616,0
3,616,0
1,617,0
3,617,0
1,618,0
3,618,0
1,619,0
3,619,0
1,620,0
3,620,0
1,621,0
3,621,0
1,622,0
3,622,0
1,623,0
3,623,0
1,624,0
1,624,0
1,625,0
1,625,0
1,626,0
1,626,0
1,627,0
1,627,0
1,628,0
1,628,0
1,629,0
1,629,0
1,630,0
1,630,0
