1,2,0
1,2,0
1,3,0
2,3,0
1,4,0
3,4,0
1,5,0
4,5,0
1,6,0
5,6,0
1,7,0
6,7,0
1,8,0
7,8,0
1,9,0
8,9,0
1,10,0
9,10,0
1,11,0
10,11,0
1,12,0
11,12,0
1,13,0
12,13,0
1,14,0
13,14,0
1,15,0
14,15,0
1,16,0
15,16,0
1,17,0
16,17,0
1,18,0
17,18,0
1,19,0
18,19,0
1,20,0
19,20,0
1,21,0
20,21,0
1,22,0
21,22,0
1,23,0
22,23,0
1,24,0
23,24,0
1,25,0
24,25,0
1,26,0
25,26,0
1,27,0
26,27,0
1,28,0
27,28,0
1,29,0
28,29,0
1,30,0
29,30,0
1,31,0
30,31,0
1,32,0
31,32,0
1,33,0
32,33,0
1,34,0
33,34,0
1,35,0
34,35,0
1,36,0
35,36,0
1,37,0
36,37,0
1,38,0
37,38,0
1,39,0
38,39,0
1,40,0
39,40,0
1,41,0
40,41,0
1,42,0
41,42,0
1,43,0
42,43,0
1,44,0
43,44,0
1,45,0
44,45,0
1,46,0
45,46,0
1,47,0
46,47,0
1,48,0
47,48,0
1,49,0
48,49,0
1,50,0
49,50,0
1,51,0
50,51,0
1,52,0
51,52,0
1,53,0
52,53,0
1,54,0
53,54,0
1,55,0
54,55,0
1,56,0
55,56,0
1,57,0
54,57,0
1,58,0
51,58,0
1,59,0
48,59,0
1,60,0
47,60,0
1,61,0
47,61,0
1,62,0
47,62,0
1,63,0
47,63,0
1,64,0
47,64,0
1,65,0
43,65,0
1,66,0
43,66,0
1,67,0
42,67,0
1,68,0
42,68,0
1,69,0
42,69,0
1,70,0
42,70,0
1,71,0
42,71,0
1,72,0
42,72,0
1,73,0
42,73,0
1,74,0
41,74,0
1,75,0
41,75,0
1,76,0
40,76,0
1,77,0
38,77,0
1,78,0
37,78,0
1,79,0
36,79,0
1,80,0
36,80,0
1,81,0
36,81,0
1,82,0
36,82,0
1,83,0
36,83,0
1,84,0
35,84,0
1,85,0
35,85,0
1,86,0
34,86,0
1,87,0
34,87,0
1,88,0
34,88,0
1,89,0
34,89,0
1,90,0
33,90,0
1,91,0
33,91,0
1,92,0
33,92,0
1,93,0
32,93,0
1,94,0
32,94,0
1,95,0
32,95,0
1,96,0
32,96,0
1,97,0
32,97,0
1,98,0
31,98,0
1,99,0
30,99,0
1,100,0
28,100,0
1,101,0
27,101,0
1,102,0
27,102,0
1,103,0
25,103,0
1,104,0
25,104,0
1,105,0
25,105,0
1,106,0
25,106,0
1,107,0
25,107,0
1,108,0
24,108,0
1,109,0
24,109,0
1,110,0
23,110,0
1,111,0
23,111,0
1,112,0
23,112,0
1,113,0
23,113,0
1,114,0
22,114,0
1,115,0
22,115,0
1,116,0
22,116,0
1,117,0
21,117,0
1,118,0
21,118,0
1,119,0
21,119,0
1,120,0
19,120,0
1,121,0
19,121,0
1,122,0
19,122,0
1,123,0
19,123,0
1,124,0
18,124,0
1,125,0
18,125,0
1,126,0
18,126,0
1,127,0
16,127,0
1,128,0
16,128,0
1,129,0
16,129,0
1,130,0
16,130,0
1,131,0
16,131,0
1,132,0
14,132,0
1,133,0
14,133,0
1,134,0
14,134,0
1,135,0
14,135,0
1,136,0
14,136,0
1,137,0
14,137,0
1,138,0
14,138,0
1,139,0
14,139,0
1,140,0
13,140,0
1,141,0
13,141,0
1,142,0
13,142,0
1,143,0
13,143,0
1,144,0
13,144,0
1,145,0
13,145,0
1,146,0
13,146,0
1,147,0
13,147,0
1,148,0
13,148,0
1,149,0
13,149,0
1,150,0
13,150,0
1,151,0
13,151,0
1,152,0
13,152,0
1,153,0
13,153,0
1,154,0
12,154,0
1,155,0
12,155,0
1,156,0
12,156,0
1,157,0
11,157,0
1,158,0
11,158,0
1,159,0
11,159,0
1,160,0
11,160,0
1,161,0
11,161,0
1,162,0
10,162,0
1,163,0
10,163,0
1,164,0
10,164,0
1,165,0
10,165,0
1,166,0
10,166,0
1,167,0
9,167,0
1,168,0
9,168,0
1,169,0
9,169,0
1,170,0
9,170,0
1,171,0
9,171,0
1,172,0
9,172,0
1,173,0
9,173,0
1,174,0
9,174,0
1,175,0
9,175,0
1,176,0
8,176,0
1,177,0
8,177,0
1,178,0
8,178,0
1,179,0
8,179,0
1,180,0
8,180,0
1,181,0
8,181,0
1,182,0
8,182,0
1,183,0
8,183,0
1,184,0
6,184,0
1,185,0
6,185,0
1,186,0
6,186,0
1,187,0
6,187,0
1,188,0
6,188,0
1,189,0
6,189,0
1,190,0
6,190,0
1,191,0
6,191,0
1,192,0
6,192,0
1,193,0
6,193,0
1,194,0
6,194,0
1,195,0
6,195,0
1,196,0
6,196,0
1,197,0
6,197,0
1,198,0
6,198,0
1,199,0
6,199,0
1,200,0
6,200,0
1,201,0
5,201,0
1,202,0
5,202,0
1,203,0
5,203,0
1,204,0
5,204,0
1,205,0
5,205,0
1,206,0
5,206,0
1,207,0
5,207,0
1,208,0
5,208,0
1,209,0
4,209,0
1,210,0
4,210,0
1,211,0
4,211,0
1,212,0
4,212,0
1,213,0
4,213,0
1,214,0
4,214,0
1,215,0
4,215,0
1,216,0
4,216,0
1,217,0
4,217,0
1,218,0
4,218,0
1,219,0
4,219,0
1,220,0
4,220,0
1,221,0
4,221,0
1,222,0
4,222,0
1,223,0
4,223,0
1,224,0
4,224,0
1,225,0
4,225,0
1,226,0
4,226,0
1,227,0
4,227,0
1,228,0
4,228,0
1,229,0
4,229,0
1,230,0
4,230,0
1,231,0
4,231,0
1,232,0
4,232,0
1,233,0
4,233,0
1,234,0
4,234,0
1,235,0
4,235,0
1,236,0
4,236,0
1,237,0
4,237,0
1,238,0
4,238,0
1,239,0
4,239,0
1,240,0
4,240,0
1,241,0
4,241,0
1,242,0
2,242,0
1,243,0
2,243,0
1,244,0
2,244,0
1,245,0
2,245,0
1,246,0
2,246,0
1,247,0
2,247,0
1,248,0
2,248,0
1,249,0
2,249,0
1,250,0
2,250,0
1,251,0
2,251,0
1,252,0
2,252,0
1,253,0
2,253,0
1,254,0
2,254,0
1,255,0
2,255,0
1,256,0
2,256,0
1,257,0
2,257,0
1,258,0
2,258,0
1,259,0
2,259,0
1,260,0
2,260,0
1,261,0
2,261,0
1,262,0
2,262,0
1,263,0
2,263,0
1,264,0
2,264,0
1,265,0
2,265,0
1,266,0
2,266,0
1,267,0
2,267,0
1,268,0
2,268,0
1,269,0
2,269,0
1,270,0
2,270,0
1,271,0
2,271,0
1,272,0
2,272,0
1,273,0
2,273,0
1,274,0
2,274,0
1,275,0
2,275,0
1,276,0
2,276,0
1,277,0
2,277,0
1,278,0
2,278,0
1,279,0
2,279,0
1,280,0
2,280,0
1,281,0
2,281,0
1,282,0
2,282,0
1,283,0
2,283,0
1,284,0
2,284,0
1,285,0
2,285,0
1,286,0
2,286,0
1,287,0
2,287,0
1,288,0
2,288,0
1,289,0
2,289,0
1,290,0
2,290,0
1,291,0
2,291,0
1,292,0
2,292,0
1,293,0
2,293,0
1,294,0
2,294,0
1,295,0
2,295,0
1,296,0
2,296,0
1,297,0
2,297,0
1,298,0
2,298,0
1,299,0
2,299,0
1,300,0
2,300,0
1,301,0
2,301,0
1,302,0
2,302,0
1,303,0
2,303,0
1,304,0
2,304,0
1,305,0
2,305,0
1,306,0
2,306,0
1,307,0
2,307,0
1,308,0
2,308,0
1,309,0
2,309,0
1,310,0
2,310,0
1,311,0
2,311,0
1,312,0
2,312,0
1,313,0
2,313,0
1,314,0
2,314,0
1,315,0
2,315,0
1,316,0
2,316,0
1,317,0
2,317,0
1,318,0
2,318,0
1,319,0
2,319,0
1,320,0
2,320,0
1,321,0
2,321,0
1,322,0
2,322,0
1,323,0
2,323,0
1,324,0
2,324,0
1,325,0
2,325,0
1,326,0
2,326,0
1,327,0
2,327,0
1,328,0
2,328,0
1,329,0
2,329,0
1,330,0
2,330,0
1,331,0
2,331,0
1,332,0
2,332,0
1,333,0
2,333,0
1,334,0
2,334,0
1,335,0
2,335,0
1,336,0
2,336,0
1,337,0
2,337,0
1,338,0
2,338,0
1,339,0
2,339,0
1,340,0
2,340,0
1,341,0
2,341,0
1,342,0
2,342,0
1,343,0
2,343,0
1,344,0
2,344,0
1,345,0
2,345,0
1,346,0
2,346,0
1,347,0
2,347,0
1,348,0
2,348,0
1,349,0
2,349,0
1,350,0
1,350,0
1,351,0
1,351,0
1,352,0
1,352,0
1,353,0
1,353,0
1,354,0
1,354,0
