2,2,0
2,2,0
2,3,0
4,3,0
2,4,0
6,4,0
2,5,0
8,5,0
2,6,0
10,6,0
2,7,0
12,7,0
2,8,0
14,8,0
2,9,0
16,9,0
2,10,0
18,10,0
2,11,0
20,11,0
2,12,0
22,12,0
2,13,0
24,13,0
2,14,0
26,14,0
2,15,0
28,15,0
2,16,0
30,16,0
2,17,0
32,17,0
2,18,0
34,18,0
2,19,0
36,19,0
2,20,0
38,20,0
2,21,0
40,21,0
2,22,0
42,22,0
2,23,0
44,23,0
2,24,0
46,24,0
2,25,0
48,25,0
2,26,0
50,26,0
2,27,0
52,27,0
2,28,0
54,28,0
2,29,0
56,29,0
2,30,0
58,30,0
2,31,0
60,31,0
2,32,0
62,32,0
2,33,0
64,33,0
2,34,0
66,34,0
2,35,0
68,35,0
2,36,0
70,36,0
2,37,0
72,37,0
2,38,0
74,38,0
2,39,0
76,39,0
2,40,0
78,40,0
2,41,0
80,41,0
2,42,0
82,42,0
2,43,0
84,43,0
2,44,0
86,44,0
2,45,0
88,45,0
2,46,0
90,46,0
2,47,0
92,47,0
2,48,0
94,48,0
2,49,0
96,49,0
2,50,0
98,50,0
2,51,0
100,51,0
2,52,0
102,52,0
2,53,0
104,53,0
2,54,0
106,54,0
2,55,0
108,55,0
2,56,0
110,56,0
2,57,0
112,57,0
2,58,0
114,58,0
2,59,0
116,59,0
2,60,0
118,60,0
2,61,0
120,61,0
2,62,0
122,62,0
2,63,0
124,63,0
2,64,0
126,64,0
2,65,0
128,65,0
2,66,0
130,66,0
2,67,0
132,67,0
2,68,0
134,68,0
2,69,0
136,69,0
2,70,0
138,70,0
2,71,0
140,71,0
2,72,0
142,72,0
2,73,0
144,73,0
2,74,0
146,74,0
2,75,0
148,75,0
2,76,0
150,76,0
2,77,0
152,77,0
2,78,0
154,78,0
2,79,0
156,79,0
2,80,0
158,80,0
2,81,0
160,81,0
2,82,0
162,82,0
2,83,0
164,83,0
2,84,0
166,84,0
2,85,0
168,85,0
2,86,0
170,86,0
2,87,0
172,87,0
2,88,0
174,88,0
2,89,0
176,89,0
2,90,0
178,90,0
2,91,0
180,91,0
2,92,0
182,92,0
2,93,0
184,93,0
2,94,0
186,94,0
2,95,0
188,95,0
2,96,0
190,96,0
2,97,0
192,97,0
2,98,0
194,98,0
2,99,0
196,99,0
2,100,0
198,100,0
2,101,0
200,101,0
2,102,0
202,102,0
2,103,0
204,103,0
2,104,0
206,104,0
2,105,0
208,105,0
2,106,0
210,106,0
2,107,0
212,107,0
2,108,0
214,108,0
2,109,0
216,109,0
2,110,0
218,110,0
2,111,0
220,111,0
2,112,0
222,112,0
2,113,0
224,113,0
2,114,0
226,114,0
2,115,0
228,115,0
2,116,0
230,116,0
2,117,0
232,117,0
2,118,0
234,118,0
2,119,0
236,119,0
2,120,0
232,120,0
2,121,0
224,121,0
2,122,0
222,122,0
2,123,0
216,123,0
2,124,0
216,124,0
2,125,0
216,125,0
2,126,0
216,126,0
2,127,0
216,127,0
2,128,0
214,128,0
2,129,0
210,129,0
2,130,0
210,130,0
2,131,0
208,131,0
2,132,0
204,132,0
2,133,0
202,133,0
2,134,0
202,134,0
2,135,0
202,135,0
2,136,0
200,136,0
2,137,0
194,137,0
2,138,0
192,138,0
2,139,0
192,139,0
2,140,0
192,140,0
2,141,0
190,141,0
2,142,0
188,142,0
2,143,0
188,143,0
2,144,0
186,144,0
2,145,0
184,145,0
2,146,0
184,146,0
2,147,0
184,147,0
2,148,0
184,148,0
2,149,0
182,149,0
2,150,0
182,150,0
2,151,0
182,151,0
2,152,0
182,152,0
2,153,0
180,153,0
2,154,0
180,154,0
2,155,0
180,155,0
2,156,0
180,156,0
2,157,0
180,157,0
2,158,0
178,158,0
2,159,0
176,159,0
2,160,0
176,160,0
2,161,0
176,161,0
2,162,0
176,162,0
2,163,0
176,163,0
2,164,0
174,164,0
2,165,0
174,165,0
2,166,0
170,166,0
2,167,0
170,167,0
2,168,0
170,168,0
2,169,0
170,169,0
2,170,0
170,170,0
2,171,0
170,171,0
2,172,0
170,172,0
2,173,0
170,173,0
2,174,0
170,174,0
2,175,0
164,175,0
2,176,0
160,176,0
2,177,0
158,177,0
2,178,0
156,178,0
2,179,0
156,179,0
2,180,0
156,180,0
2,181,0
156,181,0
2,182,0
156,182,0
2,183,0
156,183,0
2,184,0
156,184,0
2,185,0
156,185,0
2,186,0
156,186,0
2,187,0
154,187,0
2,188,0
154,188,0
2,189,0
154,189,0
2,190,0
154,190,0
2,191,0
154,191,0
2,192,0
154,192,0
2,193,0
154,193,0
2,194,0
154,194,0
2,195,0
154,195,0
2,196,0
152,196,0
2,197,0
152,197,0
2,198,0
152,198,0
2,199,0
150,199,0
2,200,0
150,200,0
2,201,0
144,201,0
2,202,0
142,202,0
2,203,0
142,203,0
2,204,0
138,204,0
2,205,0
138,205,0
2,206,0
138,206,0
2,207,0
136,207,0
2,208,0
136,208,0
2,209,0
132,209,0
2,210,0
132,210,0
2,211,0
132,211,0
2,212,0
132,212,0
2,213,0
132,213,0
2,214,0
132,214,0
2,215,0
132,215,0
2,216,0
132,216,0
2,217,0
132,217,0
2,218,0
124,218,0
2,219,0
122,219,0
2,220,0
122,220,0
2,221,0
122,221,0
2,222,0
122,222,0
2,223,0
122,223,0
2,224,0
122,224,0
2,225,0
122,225,0
2,226,0
122,226,0
2,227,0
120,227,0
2,228,0
118,228,0
2,229,0
118,229,0
2,230,0
118,230,0
2,231,0
116,231,0
2,232,0
116,232,0
2,233,0
116,233,0
2,234,0
116,234,0
2,235,0
112,235,0
2,236,0
112,236,0
2,237,0
112,237,0
2,238,0
112,238,0
2,239,0
112,239,0
2,240,0
112,240,0
2,241,0
108,241,0
2,242,0
108,242,0
2,243,0
106,243,0
2,244,0
102,244,0
2,245,0
102,245,0
2,246,0
102,246,0
2,247,0
98,247,0
2,248,0
98,248,0
2,249,0
98,249,0
2,250,0
96,250,0
2,251,0
96,251,0
2,252,0
96,252,0
2,253,0
96,253,0
2,254,0
96,254,0
2,255,0
96,255,0
2,256,0
94,256,0
2,257,0
92,257,0
2,258,0
92,258,0
2,259,0
90,259,0
2,260,0
90,260,0
2,261,0
90,261,0
2,262,0
90,262,0
2,263,0
90,263,0
2,264,0
90,264,0
2,265,0
90,265,0
2,266,0
90,266,0
2,267,0
90,267,0
2,268,0
90,268,0
2,269,0
88,269,0
2,270,0
86,270,0
2,271,0
86,271,0
2,272,0
82,272,0
2,273,0
82,273,0
2,274,0
82,274,0
2,275,0
82,275,0
2,276,0
82,276,0
2,277,0
82,277,0
2,278,0
82,278,0
2,279,0
82,279,0
2,280,0
82,280,0
2,281,0
82,281,0
2,282,0
80,282,0
2,283,0
80,283,0
2,284,0
80,284,0
2,285,0
80,285,0
2,286,0
80,286,0
2,287,0
80,287,0
2,288,0
80,288,0
2,289,0
80,289,0
2,290,0
80,290,0
2,291,0
80,291,0
2,292,0
80,292,0
2,293,0
80,293,0
2,294,0
80,294,0
2,295,0
76,295,0
2,296,0
76,296,0
2,297,0
74,297,0
2,298,0
74,298,0
2,299,0
74,299,0
2,300,0
74,300,0
2,301,0
72,301,0
2,302,0
72,302,0
2,303,0
72,303,0
2,304,0
70,304,0
2,305,0
70,305,0
2,306,0
70,306,0
2,307,0
68,307,0
2,308,0
68,308,0
2,309,0
68,309,0
2,310,0
68,310,0
2,311,0
68,311,0
2,312,0
68,312,0
2,313,0
68,313,0
2,314,0
68,314,0
2,315,0
68,315,0
2,316,0
68,316,0
2,317,0
68,317,0
2,318,0
66,318,0
2,319,0
66,319,0
2,320,0
66,320,0
2,321,0
66,321,0
2,322,0
64,322,0
2,323,0
64,323,0
2,324,0
64,324,0
2,325,0
64,325,0
2,326,0
64,326,0
2,327,0
64,327,0
2,328,0
64,328,0
2,329,0
64,329,0
2,330,0
64,330,0
2,331,0
64,331,0
2,332,0
64,332,0
2,333,0
64,333,0
2,334,0
62,334,0
2,335,0
62,335,0
2,336,0
62,336,0
2,337,0
62,337,0
2,338,0
62,338,0
2,339,0
62,339,0
2,340,0
60,340,0
2,341,0
60,341,0
2,342,0
60,342,0
2,343,0
60,343,0
2,344,0
60,344,0
2,345,0
60,345,0
2,346,0
60,346,0
2,347,0
60,347,0
2,348,0
60,348,0
2,349,0
60,349,0
2,350,0
58,350,0
2,351,0
56,351,0
2,352,0
50,352,0
2,353,0
50,353,0
2,354,0
50,354,0
2,355,0
50,355,0
2,356,0
50,356,0
2,357,0
50,357,0
2,358,0
50,358,0
2,359,0
50,359,0
2,360,0
50,360,0
2,361,0
50,361,0
2,362,0
48,362,0
2,363,0
46,363,0
2,364,0
46,364,0
2,365,0
44,365,0
2,366,0
40,366,0
2,367,0
40,367,0
2,368,0
40,368,0
2,369,0
40,369,0
2,370,0
40,370,0
2,371,0
40,371,0
2,372,0
40,372,0
2,373,0
40,373,0
2,374,0
40,374,0
2,375,0
40,375,0
2,376,0
40,376,0
2,377,0
40,377,0
2,378,0
40,378,0
2,379,0
38,379,0
2,380,0
38,380,0
2,381,0
38,381,0
2,382,0
38,382,0
2,383,0
36,383,0
2,384,0
36,384,0
2,385,0
36,385,0
2,386,0
36,386,0
2,387,0
36,387,0
2,388,0
36,388,0
2,389,0
36,389,0
2,390,0
34,390,0
2,391,0
34,391,0
2,392,0
34,392,0
2,393,0
34,393,0
2,394,0
34,394,0
2,395,0
34,395,0
2,396,0
34,396,0
2,397,0
34,397,0
2,398,0
34,398,0
2,399,0
34,399,0
2,400,0
34,400,0
2,401,0
32,401,0
2,402,0
32,402,0
2,403,0
32,403,0
2,404,0
32,404,0
2,405,0
32,405,0
2,406,0
32,406,0
2,407,0
32,407,0
2,408,0
32,408,0
2,409,0
30,409,0
2,410,0
30,410,0
2,411,0
30,411,0
2,412,0
30,412,0
2,413,0
30,413,0
2,414,0
30,414,0
2,415,0
30,415,0
2,416,0
30,416,0
2,417,0
30,417,0
2,418,0
30,418,0
2,419,0
30,419,0
2,420,0
30,420,0
2,421,0
30,421,0
2,422,0
30,422,0
2,423,0
30,423,0
2,424,0
30,424,0
2,425,0
30,425,0
2,426,0
28,426,0
2,427,0
28,427,0
2,428,0
28,428,0
2,429,0
28,429,0
2,430,0
28,430,0
2,431,0
28,431,0
2,432,0
28,432,0
2,433,0
28,433,0
2,434,0
28,434,0
2,435,0
28,435,0
2,436,0
26,436,0
2,437,0
26,437,0
2,438,0
26,438,0
2,439,0
26,439,0
2,440,0
26,440,0
2,441,0
26,441,0
2,442,0
26,442,0
2,443,0
26,443,0
2,444,0
26,444,0
2,445,0
24,445,0
2,446,0
24,446,0
2,447,0
24,447,0
2,448,0
24,448,0
2,449,0
24,449,0
2,450,0
24,450,0
2,451,0
24,451,0
2,452,0
24,452,0
2,453,0
24,453,0
2,454,0
24,454,0
2,455,0
22,455,0
2,456,0
22,456,0
2,457,0
22,457,0
2,458,0
22,458,0
2,459,0
22,459,0
2,460,0
22,460,0
2,461,0
22,461,0
2,462,0
22,462,0
2,463,0
22,463,0
2,464,0
22,464,0
2,465,0
22,465,0
2,466,0
22,466,0
2,467,0
22,467,0
2,468,0
22,468,0
2,469,0
22,469,0
2,470,0
22,470,0
2,471,0
22,471,0
2,472,0
22,472,0
2,473,0
22,473,0
2,474,0
22,474,0
2,475,0
20,475,0
2,476,0
20,476,0
2,477,0
20,477,0
2,478,0
20,478,0
2,479,0
20,479,0
2,480,0
20,480,0
2,481,0
20,481,0
2,482,0
20,482,0
2,483,0
18,483,0
2,484,0
18,484,0
2,485,0
18,485,0
2,486,0
18,486,0
2,487,0
18,487,0
2,488,0
18,488,0
2,489,0
18,489,0
2,490,0
18,490,0
2,491,0
18,491,0
2,492,0
18,492,0
2,493,0
16,493,0
2,494,0
16,494,0
2,495,0
16,495,0
2,496,0
16,496,0
2,497,0
16,497,0
2,498,0
16,498,0
2,499,0
16,499,0
2,500,0
16,500,0
2,501,0
16,501,0
2,502,0
16,502,0
2,503,0
16,503,0
2,504,0
14,504,0
2,505,0
14,505,0
2,506,0
14,506,0
2,507,0
14,507,0
2,508,0
14,508,0
2,509,0
14,509,0
2,510,0
14,510,0
2,511,0
14,511,0
2,512,0
14,512,0
2,513,0
14,513,0
2,514,0
14,514,0
2,515,0
14,515,0
2,516,0
14,516,0
2,517,0
14,517,0
2,518,0
14,518,0
2,519,0
14,519,0
2,520,0
12,520,0
2,521,0
12,521,0
2,522,0
12,522,0
2,523,0
12,523,0
2,524,0
12,524,0
2,525,0
12,525,0
2,526,0
12,526,0
2,527,0
12,527,0
2,528,0
12,528,0
2,529,0
12,529,0
2,530,0
12,530,0
2,531,0
12,531,0
2,532,0
10,532,0
2,533,0
10,533,0
2,534,0
10,534,0
2,535,0
10,535,0
2,536,0
10,536,0
2,537,0
10,537,0
2,538,0
10,538,0
2,539,0
10,539,0
2,540,0
10,540,0
2,541,0
10,541,0
2,542,0
10,542,0
2,543,0
10,543,0
2,544,0
10,544,0
2,545,0
10,545,0
2,546,0
10,546,0
2,547,0
10,547,0
2,548,0
8,548,0
2,549,0
8,549,0
2,550,0
8,550,0
2,551,0
8,551,0
2,552,0
8,552,0
2,553,0
8,553,0
2,554,0
8,554,0
2,555,0
8,555,0
2,556,0
8,556,0
2,557,0
8,557,0
2,558,0
8,558,0
2,559,0
8,559,0
2,560,0
8,560,0
2,561,0
8,561,0
2,562,0
8,562,0
2,563,0
8,563,0
2,564,0
8,564,0
2,565,0
8,565,0
2,566,0
8,566,0
2,567,0
8,567,0
2,568,0
8,568,0
2,569,0
8,569,0
2,570,0
8,570,0
2,571,0
8,571,0
2,572,0
8,572,0
2,573,0
8,573,0
2,574,0
8,574,0
2,575,0
8,575,0
2,576,0
8,576,0
2,577,0
8,577,0
2,578,0
8,578,0
2,579,0
8,579,0
2,580,0
8,580,0
2,581,0
8,581,0
2,582,0
8,582,0
2,583,0
8,583,0
2,584,0
8,584,0
2,585,0
8,585,0
2,586,0
8,586,0
2,587,0
8,587,0
2,588,0
8,588,0
2,589,0
8,589,0
2,590,0
8,590,0
2,591,0
8,591,0
2,592,0
8,592,0
2,593,0
8,593,0
2,594,0
8,594,0
2,595,0
8,595,0
2,596,0
8,596,0
2,597,0
8,597,0
2,598,0
8,598,0
2,599,0
8,599,0
2,600,0
8,600,0
2,601,0
8,601,0
2,602,0
8,602,0
2,603,0
8,603,0
2,604,0
8,604,0
2,605,0
8,605,0
2,606,0
8,606,0
2,607,0
8,607,0
2,608,0
8,608,0
2,609,0
8,609,0
2,610,0
8,610,0
2,611,0
8,611,0
2,612,0
8,612,0
2,613,0
8,613,0
2,614,0
8,614,0
2,615,0
8,615,0
2,616,0
8,616,0
2,617,0
6,617,0
2,618,0
6,618,0
2,619,0
6,619,0
2,620,0
6,620,0
2,621,0
6,621,0
2,622,0
6,622,0
2,623,0
6,623,0
2,624,0
6,624,0
2,625,0
6,625,0
2,626,0
6,626,0
2,627,0
6,627,0
2,628,0
6,628,0
2,629,0
6,629,0
2,630,0
6,630,0
2,631,0
6,631,0
2,632,0
6,632,0
2,633,0
6,633,0
2,634,0
6,634,0
2,635,0
6,635,0
2,636,0
6,636,0
2,637,0
6,637,0
2,638,0
6,638,0
2,639,0
6,639,0
2,640,0
6,640,0
2,641,0
6,641,0
2,642,0
6,642,0
2,643,0
6,643,0
2,644,0
6,644,0
2,645,0
6,645,0
2,646,0
6,646,0
2,647,0
6,647,0
2,648,0
6,648,0
2,649,0
6,649,0
2,650,0
6,650,0
2,651,0
6,651,0
2,652,0
6,652,0
2,653,0
6,653,0
2,654,0
6,654,0
2,655,0
4,655,0
2,656,0
4,656,0
2,657,0
4,657,0
2,658,0
4,658,0
2,659,0
4,659,0
2,660,0
4,660,0
2,661,0
4,661,0
2,662,0
4,662,0
2,663,0
4,663,0
2,664,0
4,664,0
2,665,0
4,665,0
2,666,0
4,666,0
2,667,0
4,667,0
2,668,0
4,668,0
2,669,0
4,669,0
2,670,0
4,670,0
2,671,0
4,671,0
2,672,0
4,672,0
2,673,0
4,673,0
2,674,0
4,674,0
2,675,0
4,675,0
2,676,0
4,676,0
2,677,0
2,677,0
2,678,0
2,678,0
2,679,0
2,679,0
2,680,0
2,680,0
2,681,0
2,681,0
2,682,0
2,682,0
2,683,0
2,683,0
2,684,0
2,684,0
2,685,0
2,685,0
2,686,0
2,686,0
2,687,0
2,687,0
2,688,0
2,688,0
2,689,0
2,689,0
2,690,0
2,690,0
2,691,0
2,691,0
2,692,0
2,692,0
2,693,0
2,693,0
2,694,0
2,694,0
2,695,0
2,695,0
2,696,0
2,696,0
2,697,0
2,697,0
2,698,0
2,698,0
2,699,0
2,699,0
2,700,0
2,700,0
2,701,0
2,701,0
2,702,0
2,702,0
2,703,0
2,703,0
2,704,0
2,704,0
2,705,0
2,705,0
2,706,0
2,706,0
2,707,0
2,707,0
2,708,0
2,708,0
2,709,0
2,709,0
2,710,0
2,710,0
2,711,0
2,711,0
2,712,0
2,712,0
2,713,0
2,713,0
2,714,0
2,714,0
2,715,0
2,715,0
2,716,0
2,716,0
2,717,0
2,717,0
2,718,0
2,718,0
2,719,0
2,719,0
2,720,0
2,720,0
2,721,0
2,721,0
2,722,0
2,722,0
2,723,0
2,723,0
2,724,0
2,724,0
2,725,0
2,725,0
2,726,0
2,726,0
2,727,0
2,727,0
2,728,0
2,728,0
