1,1,0
1455,1,0
1,2,0
1337,2,0
1,3,0
1273,3,0
1,4,0
1247,4,0
1,5,0
1229,5,0
1,6,0
1219,6,0
1,7,0
1209,7,0
1,8,0
1151,8,0
1,9,0
1099,9,0
1,10,0
1093,10,0
1,11,0
961,11,0
1,12,0
937,12,0
1,13,0
909,13,0
1,14,0
909,14,0
1,15,0
885,15,0
1,16,0
881,16,0
1,17,0
825,17,0
1,18,0
783,18,0
1,19,0
765,19,0
1,20,0
753,20,0
1,21,0
713,21,0
1,22,0
711,22,0
1,23,0
699,23,0
1,24,0
683,24,0
1,25,0
603,25,0
1,26,0
597,26,0
1,27,0
591,27,0
1,28,0
591,28,0
1,29,0
589,29,0
1,30,0
575,30,0
1,31,0
569,31,0
1,32,0
567,32,0
1,33,0
561,33,0
1,34,0
557,34,0
1,35,0
543,35,0
1,36,0
543,36,0
1,37,0
543,37,0
1,38,0
539,38,0
1,39,0
537,39,0
1,40,0
527,40,0
1,41,0
523,41,0
1,42,0
523,42,0
1,43,0
499,43,0
1,44,0
493,44,0
1,45,0
491,45,0
1,46,0
487,46,0
1,47,0
487,47,0
1,48,0
483,48,0
1,49,0
481,49,0
1,50,0
473,50,0
1,51,0
469,51,0
1,52,0
467,52,0
1,53,0
467,53,0
1,54,0
461,54,0
1,55,0
459,55,0
1,56,0
457,56,0
1,57,0
447,57,0
1,58,0
445,58,0
1,59,0
437,59,0
1,60,0
437,60,0
1,61,0
431,61,0
1,62,0
431,62,0
1,63,0
429,63,0
1,64,0
425,64,0
1,65,0
425,65,0
1,66,0
419,66,0
1,67,0
419,67,0
1,68,0
419,68,0
1,69,0
417,69,0
1,70,0
405,70,0
1,71,0
401,71,0
1,72,0
401,72,0
1,73,0
397,73,0
1,74,0
397,74,0
1,75,0
397,75,0
1,76,0
389,76,0
1,77,0
389,77,0
1,78,0
385,78,0
1,79,0
381,79,0
1,80,0
379,80,0
1,81,0
377,81,0
1,82,0
365,82,0
1,83,0
365,83,0
1,84,0
359,84,0
1,85,0
359,85,0
1,86,0
353,86,0
1,87,0
353,87,0
1,88,0
349,88,0
1,89,0
347,89,0
1,90,0
347,90,0
1,91,0
345,91,0
1,92,0
345,92,0
1,93,0
341,93,0
1,94,0
341,94,0
1,95,0
325,95,0
1,96,0
323,96,0
1,97,0
319,97,0
1,98,0
319,98,0
1,99,0
315,99,0
1,100,0
313,100,0
1,101,0
313,101,0
1,102,0
313,102,0
1,103,0
311,103,0
1,104,0
307,104,0
1,105,0
307,105,0
1,106,0
303,106,0
1,107,0
283,107,0
1,108,0
283,108,0
1,109,0
273,109,0
1,110,0
271,110,0
1,111,0
271,111,0
1,112,0
269,112,0
1,113,0
267,113,0
1,114,0
265,114,0
1,115,0
263,115,0
1,116,0
259,116,0
1,117,0
257,117,0
1,118,0
255,118,0
1,119,0
247,119,0
1,120,0
245,120,0
1,121,0
243,121,0
1,122,0
241,122,0
1,123,0
233,123,0
1,124,0
233,124,0
1,125,0
233,125,0
1,126,0
233,126,0
1,127,0
233,127,0
1,128,0
229,128,0
1,129,0
227,129,0
1,130,0
225,130,0
1,131,0
215,131,0
1,132,0
215,132,0
1,133,0
211,133,0
1,134,0
211,134,0
1,135,0
211,135,0
1,136,0
211,136,0
1,137,0
205,137,0
1,138,0
203,138,0
1,139,0
191,139,0
1,140,0
191,140,0
1,141,0
191,141,0
1,142,0
191,142,0
1,143,0
191,143,0
1,144,0
191,144,0
1,145,0
191,145,0
1,146,0
187,146,0
1,147,0
183,147,0
1,148,0
183,148,0
1,149,0
183,149,0
1,150,0
177,150,0
1,151,0
177,151,0
1,152,0
177,152,0
1,153,0
177,153,0
1,154,0
177,154,0
1,155,0
175,155,0
1,156,0
173,156,0
1,157,0
173,157,0
1,158,0
173,158,0
1,159,0
173,159,0
1,160,0
173,160,0
1,161,0
173,161,0
1,162,0
171,162,0
1,163,0
167,163,0
1,164,0
167,164,0
1,165,0
165,165,0
1,166,0
163,166,0
1,167,0
159,167,0
1,168,0
157,168,0
1,169,0
153,169,0
1,170,0
153,170,0
1,171,0
153,171,0
1,172,0
153,172,0
1,173,0
149,173,0
1,174,0
149,174,0
1,175,0
147,175,0
1,176,0
145,176,0
1,177,0
145,177,0
1,178,0
145,178,0
1,179,0
145,179,0
1,180,0
145,180,0
1,181,0
145,181,0
1,182,0
143,182,0
1,183,0
143,183,0
1,184,0
143,184,0
1,185,0
137,185,0
1,186,0
137,186,0
1,187,0
137,187,0
1,188,0
137,188,0
1,189,0
137,189,0
1,190,0
137,190,0
1,191,0
137,191,0
1,192,0
133,192,0
1,193,0
133,193,0
1,194,0
133,194,0
1,195,0
133,195,0
1,196,0
131,196,0
1,197,0
131,197,0
1,198,0
131,198,0
1,199,0
131,199,0
1,200,0
131,200,0
1,201,0
131,201,0
1,202,0
131,202,0
1,203,0
131,203,0
1,204,0
129,204,0
1,205,0
129,205,0
1,206,0
129,206,0
1,207,0
125,207,0
1,208,0
121,208,0
1,209,0
119,209,0
1,210,0
119,210,0
1,211,0
117,211,0
1,212,0
117,212,0
1,213,0
117,213,0
1,214,0
117,214,0
1,215,0
117,215,0
1,216,0
113,216,0
1,217,0
113,217,0
1,218,0
113,218,0
1,219,0
111,219,0
1,220,0
111,220,0
1,221,0
111,221,0
1,222,0
107,222,0
1,223,0
107,223,0
1,224,0
107,224,0
1,225,0
107,225,0
1,226,0
107,226,0
1,227,0
107,227,0
1,228,0
99,228,0
1,229,0
99,229,0
1,230,0
97,230,0
1,231,0
97,231,0
1,232,0
95,232,0
1,233,0
91,233,0
1,234,0
91,234,0
1,235,0
91,235,0
1,236,0
91,236,0
1,237,0
91,237,0
1,238,0
91,238,0
1,239,0
91,239,0
1,240,0
91,240,0
1,241,0
91,241,0
1,242,0
91,242,0
1,243,0
87,243,0
1,244,0
87,244,0
1,245,0
87,245,0
1,246,0
87,246,0
1,247,0
87,247,0
1,248,0
85,248,0
1,249,0
85,249,0
1,250,0
85,250,0
1,251,0
83,251,0
1,252,0
83,252,0
1,253,0
83,253,0
1,254,0
83,254,0
1,255,0
83,255,0
1,256,0
83,256,0
1,257,0
81,257,0
1,258,0
81,258,0
1,259,0
81,259,0
1,260,0
81,260,0
1,261,0
81,261,0
1,262,0
79,262,0
1,263,0
77,263,0
1,264,0
77,264,0
1,265,0
77,265,0
1,266,0
77,266,0
1,267,0
77,267,0
1,268,0
77,268,0
1,269,0
75,269,0
1,270,0
75,270,0
1,271,0
75,271,0
1,272,0
75,272,0
1,273,0
73,273,0
1,274,0
73,274,0
1,275,0
73,275,0
1,276,0
73,276,0
1,277,0
73,277,0
1,278,0
73,278,0
1,279,0
73,279,0
1,280,0
71,280,0
1,281,0
71,281,0
1,282,0
71,282,0
1,283,0
71,283,0
1,284,0
71,284,0
1,285,0
71,285,0
1,286,0
71,286,0
1,287,0
71,287,0
1,288,0
71,288,0
1,289,0
71,289,0
1,290,0
71,290,0
1,291,0
71,291,0
1,292,0
71,292,0
1,293,0
71,293,0
1,294,0
71,294,0
1,295,0
71,295,0
1,296,0
71,296,0
1,297,0
71,297,0
1,298,0
71,298,0
1,299,0
71,299,0
1,300,0
69,300,0
1,301,0
69,301,0
1,302,0
69,302,0
1,303,0
69,303,0
1,304,0
69,304,0
1,305,0
67,305,0
1,306,0
67,306,0
1,307,0
67,307,0
1,308,0
67,308,0
1,309,0
67,309,0
1,310,0
67,310,0
1,311,0
67,311,0
1,312,0
67,312,0
1,313,0
67,313,0
1,314,0
67,314,0
1,315,0
67,315,0
1,316,0
67,316,0
1,317,0
67,317,0
1,318,0
67,318,0
1,319,0
61,319,0
1,320,0
61,320,0
1,321,0
61,321,0
1,322,0
61,322,0
1,323,0
59,323,0
1,324,0
59,324,0
1,325,0
59,325,0
1,326,0
59,326,0
1,327,0
59,327,0
1,328,0
59,328,0
1,329,0
59,329,0
1,330,0
59,330,0
1,331,0
59,331,0
1,332,0
59,332,0
1,333,0
59,333,0
1,334,0
59,334,0
1,335,0
59,335,0
1,336,0
59,336,0
1,337,0
59,337,0
1,338,0
57,338,0
1,339,0
57,339,0
1,340,0
57,340,0
1,341,0
57,341,0
1,342,0
57,342,0
1,343,0
57,343,0
1,344,0
57,344,0
1,345,0
57,345,0
1,346,0
57,346,0
1,347,0
57,347,0
1,348,0
57,348,0
1,349,0
57,349,0
1,350,0
57,350,0
1,351,0
57,351,0
1,352,0
55,352,0
1,353,0
55,353,0
1,354,0
55,354,0
1,355,0
55,355,0
1,356,0
55,356,0
1,357,0
55,357,0
1,358,0
55,358,0
1,359,0
55,359,0
1,360,0
53,360,0
1,361,0
53,361,0
1,362,0
53,362,0
1,363,0
53,363,0
1,364,0
53,364,0
1,365,0
53,365,0
1,366,0
53,366,0
1,367,0
53,367,0
1,368,0
53,368,0
1,369,0
53,369,0
1,370,0
53,370,0
1,371,0
51,371,0
1,372,0
51,372,0
1,373,0
49,373,0
1,374,0
47,374,0
1,375,0
47,375,0
1,376,0
47,376,0
1,377,0
47,377,0
1,378,0
47,378,0
1,379,0
47,379,0
1,380,0
47,380,0
1,381,0
47,381,0
1,382,0
47,382,0
1,383,0
45,383,0
1,384,0
45,384,0
1,385,0
45,385,0
1,386,0
45,386,0
1,387,0
45,387,0
1,388,0
45,388,0
1,389,0
45,389,0
1,390,0
45,390,0
1,391,0
45,391,0
1,392,0
45,392,0
1,393,0
45,393,0
1,394,0
45,394,0
1,395,0
45,395,0
1,396,0
45,396,0
1,397,0
45,397,0
1,398,0
45,398,0
1,399,0
45,399,0
1,400,0
45,400,0
1,401,0
45,401,0
1,402,0
45,402,0
1,403,0
45,403,0
1,404,0
45,404,0
1,405,0
45,405,0
1,406,0
45,406,0
1,407,0
45,407,0
1,408,0
45,408,0
1,409,0
45,409,0
1,410,0
45,410,0
1,411,0
45,411,0
1,412,0
45,412,0
1,413,0
45,413,0
1,414,0
45,414,0
1,415,0
45,415,0
1,416,0
45,416,0
1,417,0
45,417,0
1,418,0
45,418,0
1,419,0
45,419,0
1,420,0
45,420,0
1,421,0
43,421,0
1,422,0
43,422,0
1,423,0
43,423,0
1,424,0
43,424,0
1,425,0
43,425,0
1,426,0
43,426,0
1,427,0
43,427,0
1,428,0
43,428,0
1,429,0
43,429,0
1,430,0
43,430,0
1,431,0
43,431,0
1,432,0
43,432,0
1,433,0
43,433,0
1,434,0
43,434,0
1,435,0
43,435,0
1,436,0
43,436,0
1,437,0
43,437,0
1,438,0
43,438,0
1,439,0
43,439,0
1,440,0
43,440,0
1,441,0
43,441,0
1,442,0
43,442,0
1,443,0
43,443,0
1,444,0
43,444,0
1,445,0
43,445,0
1,446,0
43,446,0
1,447,0
43,447,0
1,448,0
43,448,0
1,449,0
41,449,0
1,450,0
41,450,0
1,451,0
41,451,0
1,452,0
41,452,0
1,453,0
41,453,0
1,454,0
41,454,0
1,455,0
39,455,0
1,456,0
39,456,0
1,457,0
39,457,0
1,458,0
39,458,0
1,459,0
39,459,0
1,460,0
39,460,0
1,461,0
39,461,0
1,462,0
39,462,0
1,463,0
39,463,0
1,464,0
39,464,0
1,465,0
39,465,0
1,466,0
39,466,0
1,467,0
39,467,0
1,468,0
39,468,0
1,469,0
39,469,0
1,470,0
39,470,0
1,471,0
37,471,0
1,472,0
37,472,0
1,473,0
37,473,0
1,474,0
37,474,0
1,475,0
37,475,0
1,476,0
37,476,0
1,477,0
37,477,0
1,478,0
37,478,0
1,479,0
35,479,0
1,480,0
35,480,0
1,481,0
35,481,0
1,482,0
35,482,0
1,483,0
35,483,0
1,484,0
35,484,0
1,485,0
35,485,0
1,486,0
35,486,0
1,487,0
35,487,0
1,488,0
33,488,0
1,489,0
33,489,0
1,490,0
33,490,0
1,491,0
33,491,0
1,492,0
33,492,0
1,493,0
33,493,0
1,494,0
33,494,0
1,495,0
33,495,0
1,496,0
33,496,0
1,497,0
33,497,0
1,498,0
33,498,0
1,499,0
31,499,0
1,500,0
31,500,0
1,501,0
31,501,0
1,502,0
31,502,0
1,503,0
31,503,0
1,504,0
31,504,0
1,505,0
31,505,0
1,506,0
31,506,0
1,507,0
31,507,0
1,508,0
31,508,0
1,509,0
31,509,0
1,510,0
31,510,0
1,511,0
31,511,0
1,512,0
31,512,0
1,513,0
31,513,0
1,514,0
31,514,0
1,515,0
31,515,0
1,516,0
31,516,0
1,517,0
31,517,0
1,518,0
31,518,0
1,519,0
31,519,0
1,520,0
29,520,0
1,521,0
29,521,0
1,522,0
29,522,0
1,523,0
29,523,0
1,524,0
29,524,0
1,525,0
29,525,0
1,526,0
29,526,0
1,527,0
29,527,0
1,528,0
29,528,0
1,529,0
29,529,0
1,530,0
29,530,0
1,531,0
29,531,0
1,532,0
29,532,0
1,533,0
29,533,0
1,534,0
29,534,0
1,535,0
29,535,0
1,536,0
29,536,0
1,537,0
29,537,0
1,538,0
27,538,0
1,539,0
27,539,0
1,540,0
27,540,0
1,541,0
27,541,0
1,542,0
27,542,0
1,543,0
25,543,0
1,544,0
25,544,0
1,545,0
25,545,0
1,546,0
25,546,0
1,547,0
25,547,0
1,548,0
25,548,0
1,549,0
25,549,0
1,550,0
25,550,0
1,551,0
25,551,0
1,552,0
25,552,0
1,553,0
25,553,0
1,554,0
25,554,0
1,555,0
25,555,0
1,556,0
25,556,0
1,557,0
25,557,0
1,558,0
25,558,0
1,559,0
25,559,0
1,560,0
25,560,0
1,561,0
25,561,0
1,562,0
25,562,0
1,563,0
23,563,0
1,564,0
23,564,0
1,565,0
23,565,0
1,566,0
23,566,0
1,567,0
23,567,0
1,568,0
23,568,0
1,569,0
23,569,0
1,570,0
23,570,0
1,571,0
23,571,0
1,572,0
23,572,0
1,573,0
21,573,0
1,574,0
21,574,0
1,575,0
21,575,0
1,576,0
21,576,0
1,577,0
21,577,0
1,578,0
19,578,0
1,579,0
19,579,0
1,580,0
19,580,0
1,581,0
19,581,0
1,582,0
19,582,0
1,583,0
19,583,0
1,584,0
19,584,0
1,585,0
19,585,0
1,586,0
19,586,0
1,587,0
19,587,0
1,588,0
19,588,0
1,589,0
19,589,0
1,590,0
19,590,0
1,591,0
19,591,0
1,592,0
19,592,0
1,593,0
19,593,0
1,594,0
19,594,0
1,595,0
19,595,0
1,596,0
19,596,0
1,597,0
19,597,0
1,598,0
19,598,0
1,599,0
19,599,0
1,600,0
19,600,0
1,601,0
19,601,0
1,602,0
19,602,0
1,603,0
19,603,0
1,604,0
19,604,0
1,605,0
17,605,0
1,606,0
17,606,0
1,607,0
17,607,0
1,608,0
17,608,0
1,609,0
17,609,0
1,610,0
17,610,0
1,611,0
17,611,0
1,612,0
17,612,0
1,613,0
17,613,0
1,614,0
17,614,0
1,615,0
17,615,0
1,616,0
17,616,0
1,617,0
17,617,0
1,618,0
17,618,0
1,619,0
17,619,0
1,620,0
17,620,0
1,621,0
17,621,0
1,622,0
17,622,0
1,623,0
17,623,0
1,624,0
17,624,0
1,625,0
17,625,0
1,626,0
17,626,0
1,627,0
17,627,0
1,628,0
17,628,0
1,629,0
17,629,0
1,630,0
17,630,0
1,631,0
17,631,0
1,632,0
17,632,0
1,633,0
17,633,0
1,634,0
17,634,0
1,635,0
17,635,0
1,636,0
17,636,0
1,637,0
17,637,0
1,638,0
17,638,0
1,639,0
17,639,0
1,640,0
17,640,0
1,641,0
15,641,0
1,642,0
15,642,0
1,643,0
13,643,0
1,644,0
13,644,0
1,645,0
13,645,0
1,646,0
13,646,0
1,647,0
13,647,0
1,648,0
13,648,0
1,649,0
13,649,0
1,650,0
11,650,0
1,651,0
11,651,0
1,652,0
11,652,0
1,653,0
11,653,0
1,654,0
11,654,0
1,655,0
11,655,0
1,656,0
11,656,0
1,657,0
11,657,0
1,658,0
11,658,0
1,659,0
11,659,0
1,660,0
11,660,0
1,661,0
11,661,0
1,662,0
11,662,0
1,663,0
11,663,0
1,664,0
11,664,0
1,665,0
11,665,0
1,666,0
11,666,0
1,667,0
11,667,0
1,668,0
11,668,0
1,669,0
11,669,0
1,670,0
11,670,0
1,671,0
11,671,0
1,672,0
11,672,0
1,673,0
11,673,0
1,674,0
11,674,0
1,675,0
11,675,0
1,676,0
11,676,0
1,677,0
11,677,0
1,678,0
11,678,0
1,679,0
11,679,0
1,680,0
11,680,0
1,681,0
11,681,0
1,682,0
11,682,0
1,683,0
11,683,0
1,684,0
11,684,0
1,685,0
11,685,0
1,686,0
11,686,0
1,687,0
11,687,0
1,688,0
11,688,0
1,689,0
11,689,0
1,690,0
11,690,0
1,691,0
11,691,0
1,692,0
11,692,0
1,693,0
11,693,0
1,694,0
11,694,0
1,695,0
11,695,0
1,696,0
11,696,0
1,697,0
11,697,0
1,698,0
11,698,0
1,699,0
11,699,0
1,700,0
11,700,0
1,701,0
11,701,0
1,702,0
11,702,0
1,703,0
11,703,0
1,704,0
11,704,0
1,705,0
11,705,0
1,706,0
11,706,0
1,707,0
11,707,0
1,708,0
11,708,0
1,709,0
11,709,0
1,710,0
11,710,0
1,711,0
11,711,0
1,712,0
11,712,0
1,713,0
11,713,0
1,714,0
11,714,0
1,715,0
11,715,0
1,716,0
11,716,0
1,717,0
11,717,0
1,718,0
11,718,0
1,719,0
11,719,0
1,720,0
11,720,0
1,721,0
11,721,0
1,722,0
11,722,0
1,723,0
11,723,0
1,724,0
11,724,0
1,725,0
11,725,0
1,726,0
11,726,0
1,727,0
11,727,0
1,728,0
11,728,0
1,729,0
11,729,0
1,730,0
11,730,0
1,731,0
11,731,0
1,732,0
11,732,0
1,733,0
11,733,0
1,734,0
11,734,0
1,735,0
11,735,0
1,736,0
11,736,0
1,737,0
9,737,0
1,738,0
9,738,0
1,739,0
9,739,0
1,740,0
9,740,0
1,741,0
9,741,0
1,742,0
9,742,0
1,743,0
9,743,0
1,744,0
9,744,0
1,745,0
9,745,0
1,746,0
9,746,0
1,747,0
9,747,0
1,748,0
9,748,0
1,749,0
9,749,0
1,750,0
9,750,0
1,751,0
9,751,0
1,752,0
9,752,0
1,753,0
9,753,0
1,754,0
9,754,0
1,755,0
9,755,0
1,756,0
9,756,0
1,757,0
9,757,0
1,758,0
9,758,0
1,759,0
7,759,0
1,760,0
7,760,0
1,761,0
7,761,0
1,762,0
7,762,0
1,763,0
7,763,0
1,764,0
7,764,0
1,765,0
7,765,0
1,766,0
7,766,0
1,767,0
7,767,0
1,768,0
7,768,0
1,769,0
7,769,0
1,770,0
7,770,0
1,771,0
7,771,0
1,772,0
7,772,0
1,773,0
5,773,0
1,774,0
5,774,0
1,775,0
5,775,0
1,776,0
5,776,0
1,777,0
5,777,0
1,778,0
5,778,0
1,779,0
5,779,0
1,780,0
5,780,0
1,781,0
5,781,0
1,782,0
5,782,0
1,783,0
5,783,0
1,784,0
5,784,0
1,785,0
5,785,0
1,786,0
5,786,0
1,787,0
5,787,0
1,788,0
3,788,0
1,789,0
3,789,0
1,790,0
3,790,0
1,791,0
3,791,0
1,792,0
3,792,0
1,793,0
3,793,0
1,794,0
3,794,0
1,795,0
3,795,0
1,796,0
3,796,0
1,797,0
3,797,0
1,798,0
3,798,0
1,799,0
3,799,0
1,800,0
3,800,0
1,801,0
3,801,0
1,802,0
3,802,0
1,803,0
3,803,0
1,804,0
3,804,0
1,805,0
3,805,0
1,806,0
3,806,0
1,807,0
3,807,0
1,808,0
3,808,0
1,809,0
3,809,0
1,810,0
3,810,0
1,811,0
3,811,0
1,812,0
3,812,0
1,813,0
3,813,0
1,814,0
3,814,0
1,815,0
3,815,0
1,816,0
3,816,0
1,817,0
3,817,0
1,818,0
3,818,0
1,819,0
1,819,0
1,820,0
1,820,0
1,821,0
1,821,0
1,822,0
1,822,0
1,823,0
1,823,0
1,824,0
1,824,0
1,825,0
1,825,0
1,826,0
1,826,0
1,827,0
1,827,0
1,828,0
1,828,0
1,829,0
1,829,0
1,830,0
1,830,0
1,831,0
1,831,0
1,832,0
1,832,0
1,833,0
1,833,0
1,834,0
1,834,0
1,835,0
1,835,0
1,836,0
1,836,0
1,837,0
1,837,0
1,838,0
1,838,0
1,839,0
1,839,0
1,840,0
1,840,0
1,841,0
1,841,0
1,842,0
1,842,0
1,843,0
1,843,0
1,844,0
1,844,0
1,845,0
1,845,0
1,846,0
1,846,0
1,847,0
1,847,0
1,848,0
1,848,0
1,849,0
1,849,0
1,850,0
1,850,0
1,851,0
1,851,0
1,852,0
1,852,0
1,853,0
1,853,0
1,854,0
1,854,0
1,855,0
1,855,0
1,856,0
1,856,0
1,857,0
1,857,0
1,858,0
1,858,0
1,859,0
1,859,0
1,860,0
1,860,0
1,861,0
1,861,0
1,862,0
1,862,0
1,863,0
1,863,0
1,864,0
1,864,0
1,865,0
1,865,0
1,866,0
1,866,0
1,867,0
1,867,0
1,868,0
1,868,0
1,869,0
1,869,0
1,870,0
1,870,0
1,871,0
1,871,0
1,872,0
1,872,0
1,873,0
1,873,0
1,874,0
1,874,0
1,875,0
1,875,0
1,876,0
1,876,0
1,877,0
1,877,0
1,878,0
1,878,0
1,879,0
1,879,0
1,880,0
1,880,0
1,881,0
1,881,0
1,882,0
1,882,0
