1,1,0
2239,1,0
1,2,0
2231,2,0
1,3,0
1559,3,0
1,4,0
1370,4,0
1,5,0
1231,5,0
1,6,0
1205,6,0
1,7,0
1202,7,0
1,8,0
1161,8,0
1,9,0
1150,9,0
1,10,0
1148,10,0
1,11,0
1125,11,0
1,12,0
1109,12,0
1,13,0
1094,13,0
1,14,0
1089,14,0
1,15,0
1074,15,0
1,16,0
1062,16,0
1,17,0
1038,17,0
1,18,0
1037,18,0
1,19,0
1031,19,0
1,20,0
1016,20,0
1,21,0
999,21,0
1,22,0
991,22,0
1,23,0
989,23,0
1,24,0
953,24,0
1,25,0
948,25,0
1,26,0
944,26,0
1,27,0
893,27,0
1,28,0
869,28,0
1,29,0
857,29,0
1,30,0
851,30,0
1,31,0
842,31,0
1,32,0
835,32,0
1,33,0
828,33,0
1,34,0
804,34,0
1,35,0
796,35,0
1,36,0
793,36,0
1,37,0
784,37,0
1,38,0
752,38,0
1,39,0
747,39,0
1,40,0
744,40,0
1,41,0
739,41,0
1,42,0
724,42,0
1,43,0
716,43,0
1,44,0
714,44,0
1,45,0
706,45,0
1,46,0
699,46,0
1,47,0
688,47,0
1,48,0
684,48,0
1,49,0
682,49,0
1,50,0
681,50,0
1,51,0
678,51,0
1,52,0
675,52,0
1,53,0
669,53,0
1,54,0
647,54,0
1,55,0
641,55,0
1,56,0
637,56,0
1,57,0
630,57,0
1,58,0
624,58,0
1,59,0
623,59,0
1,60,0
620,60,0
1,61,0
612,61,0
1,62,0
606,62,0
1,63,0
604,63,0
1,64,0
595,64,0
1,65,0
581,65,0
1,66,0
574,66,0
1,67,0
572,67,0
1,68,0
570,68,0
1,69,0
559,69,0
1,70,0
558,70,0
1,71,0
554,71,0
1,72,0
552,72,0
1,73,0
551,73,0
1,74,0
545,74,0
1,75,0
544,75,0
1,76,0
543,76,0
1,77,0
541,77,0
1,78,0
540,78,0
1,79,0
526,79,0
1,80,0
515,80,0
1,81,0
511,81,0
1,82,0
510,82,0
1,83,0
507,83,0
1,84,0
506,84,0
1,85,0
500,85,0
1,86,0
498,86,0
1,87,0
474,87,0
1,88,0
469,88,0
1,89,0
466,89,0
1,90,0
465,90,0
1,91,0
464,91,0
1,92,0
445,92,0
1,93,0
441,93,0
1,94,0
439,94,0
1,95,0
429,95,0
1,96,0
424,96,0
1,97,0
403,97,0
1,98,0
394,98,0
1,99,0
392,99,0
1,100,0
386,100,0
1,101,0
385,101,0
1,102,0
380,102,0
1,103,0
373,103,0
1,104,0
370,104,0
1,105,0
369,105,0
1,106,0
366,106,0
1,107,0
364,107,0
1,108,0
358,108,0
1,109,0
354,109,0
1,110,0
351,110,0
1,111,0
344,111,0
1,112,0
342,112,0
1,113,0
332,113,0
1,114,0
327,114,0
1,115,0
324,115,0
1,116,0
323,116,0
1,117,0
322,117,0
1,118,0
318,118,0
1,119,0
315,119,0
1,120,0
303,120,0
1,121,0
302,121,0
1,122,0
299,122,0
1,123,0
297,123,0
1,124,0
295,124,0
1,125,0
292,125,0
1,126,0
289,126,0
1,127,0
288,127,0
1,128,0
286,128,0
1,129,0
282,129,0
1,130,0
281,130,0
1,131,0
275,131,0
1,132,0
268,132,0
1,133,0
266,133,0
1,134,0
261,134,0
1,135,0
259,135,0
1,136,0
256,136,0
1,137,0
255,137,0
1,138,0
254,138,0
1,139,0
239,139,0
1,140,0
237,140,0
1,141,0
235,141,0
1,142,0
231,142,0
1,143,0
229,143,0
1,144,0
228,144,0
1,145,0
227,145,0
1,146,0
219,146,0
1,147,0
218,147,0
1,148,0
217,148,0
1,149,0
214,149,0
1,150,0
210,150,0
1,151,0
201,151,0
1,152,0
197,152,0
1,153,0
194,153,0
1,154,0
193,154,0
1,155,0
191,155,0
1,156,0
190,156,0
1,157,0
187,157,0
1,158,0
185,158,0
1,159,0
183,159,0
1,160,0
182,160,0
1,161,0
181,161,0
1,162,0
178,162,0
1,163,0
176,163,0
1,164,0
174,164,0
1,165,0
173,165,0
1,166,0
167,166,0
1,167,0
166,167,0
1,168,0
164,168,0
1,169,0
160,169,0
1,170,0
159,170,0
1,171,0
158,171,0
1,172,0
155,172,0
1,173,0
153,173,0
1,174,0
151,174,0
1,175,0
150,175,0
1,176,0
149,176,0
1,177,0
145,177,0
1,178,0
142,178,0
1,179,0
141,179,0
1,180,0
138,180,0
1,181,0
137,181,0
1,182,0
136,182,0
1,183,0
131,183,0
1,184,0
128,184,0
1,185,0
126,185,0
1,186,0
125,186,0
1,187,0
122,187,0
1,188,0
121,188,0
1,189,0
115,189,0
1,190,0
111,190,0
1,191,0
109,191,0
1,192,0
107,192,0
1,193,0
104,193,0
1,194,0
103,194,0
1,195,0
102,195,0
1,196,0
100,196,0
1,197,0
94,197,0
1,198,0
92,198,0
1,199,0
90,199,0
1,200,0
87,200,0
1,201,0
86,201,0
1,202,0
85,202,0
1,203,0
84,203,0
1,204,0
83,204,0
1,205,0
82,205,0
1,206,0
77,206,0
1,207,0
76,207,0
1,208,0
72,208,0
1,209,0
66,209,0
1,210,0
65,210,0
1,211,0
64,211,0
1,212,0
63,212,0
1,213,0
62,213,0
1,214,0
61,214,0
1,215,0
60,215,0
1,216,0
55,216,0
1,217,0
54,217,0
1,218,0
52,218,0
1,219,0
51,219,0
1,220,0
49,220,0
1,221,0
48,221,0
1,222,0
47,222,0
1,223,0
46,223,0
1,224,0
40,224,0
1,225,0
37,225,0
1,226,0
36,226,0
1,227,0
33,227,0
1,228,0
27,228,0
1,229,0
26,229,0
1,230,0
25,230,0
1,231,0
23,231,0
1,232,0
19,232,0
1,233,0
18,233,0
1,234,0
15,234,0
1,235,0
11,235,0
1,236,0
7,236,0
1,237,0
5,237,0
1,238,0
4,238,0
1,239,0
2,239,0
