1,1,0
114,1,0
1,2,0
114,2,0
1,3,0
113,3,0
1,4,0
113,4,0
1,5,0
112,5,0
1,6,0
112,6,0
1,7,0
111,7,0
1,8,0
111,8,0
1,9,0
110,9,0
1,10,0
110,10,0
1,11,0
109,11,0
1,12,0
109,12,0
1,13,0
108,13,0
1,14,0
108,14,0
1,15,0
107,15,0
1,16,0
106,16,0
1,17,0
106,17,0
1,18,0
105,18,0
1,19,0
105,19,0
1,20,0
104,20,0
1,21,0
103,21,0
1,22,0
102,22,0
1,23,0
101,23,0
1,24,0
101,24,0
1,25,0
101,25,0
1,26,0
101,26,0
1,27,0
100,27,0
1,28,0
99,28,0
1,29,0
99,29,0
1,30,0
99,30,0
1,31,0
99,31,0
1,32,0
98,32,0
1,33,0
98,33,0
1,34,0
97,34,0
1,35,0
96,35,0
1,36,0
96,36,0
1,37,0
95,37,0
1,38,0
94,38,0
1,39,0
94,39,0
1,40,0
94,40,0
1,41,0
94,41,0
1,42,0
93,42,0
1,43,0
93,43,0
1,44,0
93,44,0
1,45,0
93,45,0
1,46,0
92,46,0
1,47,0
92,47,0
1,48,0
91,48,0
1,49,0
90,49,0
1,50,0
89,50,0
1,51,0
89,51,0
1,52,0
89,52,0
1,53,0
89,53,0
1,54,0
88,54,0
1,55,0
87,55,0
1,56,0
87,56,0
1,57,0
87,57,0
1,58,0
86,58,0
1,59,0
86,59,0
1,60,0
85,60,0
1,61,0
84,61,0
1,62,0
83,62,0
1,63,0
82,63,0
1,64,0
82,64,0
1,65,0
82,65,0
1,66,0
81,66,0
1,67,0
80,67,0
1,68,0
80,68,0
1,69,0
79,69,0
1,70,0
78,70,0
1,71,0
78,71,0
1,72,0
78,72,0
1,73,0
77,73,0
1,74,0
76,74,0
1,75,0
76,75,0
1,76,0
76,76,0
1,77,0
76,77,0
1,78,0
76,78,0
1,79,0
76,79,0
1,80,0
76,80,0
1,81,0
76,81,0
1,82,0
75,82,0
1,83,0
74,83,0
1,84,0
74,84,0
1,85,0
74,85,0
1,86,0
74,86,0
1,87,0
74,87,0
1,88,0
74,88,0
1,89,0
74,89,0
1,90,0
73,90,0
1,91,0
73,91,0
1,92,0
73,92,0
1,93,0
73,93,0
1,94,0
72,94,0
1,95,0
72,95,0
1,96,0
71,96,0
1,97,0
71,97,0
1,98,0
70,98,0
1,99,0
69,99,0
1,100,0
69,100,0
1,101,0
69,101,0
1,102,0
69,102,0
1,103,0
69,103,0
1,104,0
69,104,0
1,105,0
69,105,0
1,106,0
69,106,0
1,107,0
69,107,0
1,108,0
69,108,0
1,109,0
69,109,0
1,110,0
69,110,0
1,111,0
68,111,0
1,112,0
68,112,0
1,113,0
68,113,0
1,114,0
68,114,0
1,115,0
68,115,0
1,116,0
68,116,0
1,117,0
68,117,0
1,118,0
67,118,0
1,119,0
67,119,0
1,120,0
67,120,0
1,121,0
67,121,0
1,122,0
67,122,0
1,123,0
66,123,0
1,124,0
66,124,0
1,125,0
66,125,0
1,126,0
66,126,0
1,127,0
66,127,0
1,128,0
66,128,0
1,129,0
65,129,0
1,130,0
65,130,0
1,131,0
65,131,0
1,132,0
65,132,0
1,133,0
64,133,0
1,134,0
64,134,0
1,135,0
64,135,0
1,136,0
63,136,0
1,137,0
62,137,0
1,138,0
62,138,0
1,139,0
61,139,0
1,140,0
61,140,0
1,141,0
61,141,0
1,142,0
60,142,0
1,143,0
60,143,0
1,144,0
60,144,0
1,145,0
60,145,0
1,146,0
59,146,0
1,147,0
59,147,0
1,148,0
59,148,0
1,149,0
59,149,0
1,150,0
59,150,0
1,151,0
59,151,0
1,152,0
58,152,0
1,153,0
58,153,0
1,154,0
58,154,0
1,155,0
58,155,0
1,156,0
58,156,0
1,157,0
58,157,0
1,158,0
58,158,0
1,159,0
58,159,0
1,160,0
58,160,0
1,161,0
58,161,0
1,162,0
57,162,0
1,163,0
56,163,0
1,164,0
55,164,0
1,165,0
55,165,0
1,166,0
54,166,0
1,167,0
54,167,0
1,168,0
54,168,0
1,169,0
54,169,0
1,170,0
54,170,0
1,171,0
54,171,0
1,172,0
54,172,0
1,173,0
54,173,0
1,174,0
53,174,0
1,175,0
52,175,0
1,176,0
52,176,0
1,177,0
52,177,0
1,178,0
51,178,0
1,179,0
51,179,0
1,180,0
51,180,0
1,181,0
51,181,0
1,182,0
51,182,0
1,183,0
51,183,0
1,184,0
50,184,0
1,185,0
49,185,0
1,186,0
48,186,0
1,187,0
48,187,0
1,188,0
48,188,0
1,189,0
48,189,0
1,190,0
48,190,0
1,191,0
48,191,0
1,192,0
47,192,0
1,193,0
47,193,0
1,194,0
46,194,0
1,195,0
46,195,0
1,196,0
46,196,0
1,197,0
45,197,0
1,198,0
45,198,0
1,199,0
45,199,0
1,200,0
45,200,0
1,201,0
45,201,0
1,202,0
45,202,0
1,203,0
44,203,0
1,204,0
44,204,0
1,205,0
44,205,0
1,206,0
44,206,0
1,207,0
44,207,0
1,208,0
43,208,0
1,209,0
43,209,0
1,210,0
43,210,0
1,211,0
43,211,0
1,212,0
43,212,0
1,213,0
43,213,0
1,214,0
43,214,0
1,215,0
43,215,0
1,216,0
42,216,0
1,217,0
42,217,0
1,218,0
42,218,0
1,219,0
42,219,0
1,220,0
42,220,0
1,221,0
42,221,0
1,222,0
42,222,0
1,223,0
41,223,0
1,224,0
41,224,0
1,225,0
40,225,0
1,226,0
40,226,0
1,227,0
40,227,0
1,228,0
40,228,0
1,229,0
40,229,0
1,230,0
40,230,0
1,231,0
40,231,0
1,232,0
40,232,0
1,233,0
40,233,0
1,234,0
40,234,0
1,235,0
40,235,0
1,236,0
40,236,0
1,237,0
40,237,0
1,238,0
40,238,0
1,239,0
40,239,0
1,240,0
40,240,0
1,241,0
40,241,0
1,242,0
40,242,0
1,243,0
40,243,0
1,244,0
40,244,0
1,245,0
40,245,0
1,246,0
40,246,0
1,247,0
40,247,0
1,248,0
40,248,0
1,249,0
40,249,0
1,250,0
40,250,0
1,251,0
40,251,0
1,252,0
40,252,0
1,253,0
40,253,0
1,254,0
40,254,0
1,255,0
39,255,0
1,256,0
39,256,0
1,257,0
39,257,0
1,258,0
38,258,0
1,259,0
38,259,0
1,260,0
38,260,0
1,261,0
38,261,0
1,262,0
38,262,0
1,263,0
38,263,0
1,264,0
38,264,0
1,265,0
38,265,0
1,266,0
38,266,0
1,267,0
37,267,0
1,268,0
37,268,0
1,269,0
37,269,0
1,270,0
37,270,0
1,271,0
37,271,0
1,272,0
37,272,0
1,273,0
37,273,0
1,274,0
37,274,0
1,275,0
37,275,0
1,276,0
37,276,0
1,277,0
37,277,0
1,278,0
37,278,0
1,279,0
37,279,0
1,280,0
37,280,0
1,281,0
37,281,0
1,282,0
37,282,0
1,283,0
37,283,0
1,284,0
37,284,0
1,285,0
37,285,0
1,286,0
37,286,0
1,287,0
37,287,0
1,288,0
37,288,0
1,289,0
37,289,0
1,290,0
37,290,0
1,291,0
37,291,0
1,292,0
36,292,0
1,293,0
36,293,0
1,294,0
36,294,0
1,295,0
36,295,0
1,296,0
36,296,0
1,297,0
36,297,0
1,298,0
36,298,0
1,299,0
36,299,0
1,300,0
36,300,0
1,301,0
35,301,0
1,302,0
35,302,0
1,303,0
35,303,0
1,304,0
35,304,0
1,305,0
35,305,0
1,306,0
35,306,0
1,307,0
35,307,0
1,308,0
35,308,0
1,309,0
35,309,0
1,310,0
35,310,0
1,311,0
35,311,0
1,312,0
35,312,0
1,313,0
35,313,0
1,314,0
35,314,0
1,315,0
35,315,0
1,316,0
34,316,0
1,317,0
34,317,0
1,318,0
34,318,0
1,319,0
34,319,0
1,320,0
34,320,0
1,321,0
34,321,0
1,322,0
33,322,0
1,323,0
32,323,0
1,324,0
32,324,0
1,325,0
32,325,0
1,326,0
32,326,0
1,327,0
32,327,0
1,328,0
32,328,0
1,329,0
32,329,0
1,330,0
32,330,0
1,331,0
32,331,0
1,332,0
32,332,0
1,333,0
32,333,0
1,334,0
31,334,0
1,335,0
31,335,0
1,336,0
31,336,0
1,337,0
31,337,0
1,338,0
31,338,0
1,339,0
31,339,0
1,340,0
30,340,0
1,341,0
30,341,0
1,342,0
30,342,0
1,343,0
30,343,0
1,344,0
30,344,0
1,345,0
30,345,0
1,346,0
30,346,0
1,347,0
30,347,0
1,348,0
30,348,0
1,349,0
30,349,0
1,350,0
30,350,0
1,351,0
30,351,0
1,352,0
29,352,0
1,353,0
29,353,0
1,354,0
29,354,0
1,355,0
29,355,0
1,356,0
29,356,0
1,357,0
29,357,0
1,358,0
29,358,0
1,359,0
29,359,0
1,360,0
28,360,0
1,361,0
28,361,0
1,362,0
28,362,0
1,363,0
28,363,0
1,364,0
27,364,0
1,365,0
27,365,0
1,366,0
27,366,0
1,367,0
26,367,0
1,368,0
26,368,0
1,369,0
26,369,0
1,370,0
26,370,0
1,371,0
26,371,0
1,372,0
26,372,0
1,373,0
25,373,0
1,374,0
25,374,0
1,375,0
25,375,0
1,376,0
25,376,0
1,377,0
25,377,0
1,378,0
25,378,0
1,379,0
25,379,0
1,380,0
25,380,0
1,381,0
25,381,0
1,382,0
25,382,0
1,383,0
24,383,0
1,384,0
24,384,0
1,385,0
24,385,0
1,386,0
24,386,0
1,387,0
24,387,0
1,388,0
24,388,0
1,389,0
24,389,0
1,390,0
24,390,0
1,391,0
24,391,0
1,392,0
24,392,0
1,393,0
24,393,0
1,394,0
24,394,0
1,395,0
23,395,0
1,396,0
22,396,0
1,397,0
22,397,0
1,398,0
22,398,0
1,399,0
22,399,0
1,400,0
22,400,0
1,401,0
22,401,0
1,402,0
22,402,0
1,403,0
22,403,0
1,404,0
22,404,0
1,405,0
22,405,0
1,406,0
22,406,0
1,407,0
22,407,0
1,408,0
21,408,0
1,409,0
21,409,0
1,410,0
21,410,0
1,411,0
21,411,0
1,412,0
21,412,0
1,413,0
21,413,0
1,414,0
21,414,0
1,415,0
21,415,0
1,416,0
21,416,0
1,417,0
21,417,0
1,418,0
21,418,0
1,419,0
21,419,0
1,420,0
21,420,0
1,421,0
21,421,0
1,422,0
21,422,0
1,423,0
21,423,0
1,424,0
21,424,0
1,425,0
20,425,0
1,426,0
20,426,0
1,427,0
20,427,0
1,428,0
20,428,0
1,429,0
20,429,0
1,430,0
20,430,0
1,431,0
19,431,0
1,432,0
19,432,0
1,433,0
19,433,0
1,434,0
19,434,0
1,435,0
19,435,0
1,436,0
19,436,0
1,437,0
18,437,0
1,438,0
18,438,0
1,439,0
18,439,0
1,440,0
17,440,0
1,441,0
17,441,0
1,442,0
17,442,0
1,443,0
17,443,0
1,444,0
17,444,0
1,445,0
17,445,0
1,446,0
17,446,0
1,447,0
17,447,0
1,448,0
17,448,0
1,449,0
17,449,0
1,450,0
17,450,0
1,451,0
16,451,0
1,452,0
16,452,0
1,453,0
16,453,0
1,454,0
16,454,0
1,455,0
16,455,0
1,456,0
16,456,0
1,457,0
16,457,0
1,458,0
15,458,0
1,459,0
15,459,0
1,460,0
15,460,0
1,461,0
15,461,0
1,462,0
15,462,0
1,463,0
15,463,0
1,464,0
15,464,0
1,465,0
15,465,0
1,466,0
15,466,0
1,467,0
15,467,0
1,468,0
15,468,0
1,469,0
15,469,0
1,470,0
15,470,0
1,471,0
15,471,0
1,472,0
15,472,0
1,473,0
15,473,0
1,474,0
14,474,0
1,475,0
14,475,0
1,476,0
14,476,0
1,477,0
14,477,0
1,478,0
14,478,0
1,479,0
14,479,0
1,480,0
14,480,0
1,481,0
14,481,0
1,482,0
13,482,0
1,483,0
13,483,0
1,484,0
13,484,0
1,485,0
13,485,0
1,486,0
12,486,0
1,487,0
12,487,0
1,488,0
12,488,0
1,489,0
12,489,0
1,490,0
12,490,0
1,491,0
12,491,0
1,492,0
12,492,0
1,493,0
12,493,0
1,494,0
12,494,0
1,495,0
11,495,0
1,496,0
11,496,0
1,497,0
10,497,0
1,498,0
10,498,0
1,499,0
10,499,0
1,500,0
10,500,0
1,501,0
10,501,0
1,502,0
10,502,0
1,503,0
10,503,0
1,504,0
9,504,0
1,505,0
9,505,0
1,506,0
9,506,0
1,507,0
9,507,0
1,508,0
9,508,0
1,509,0
9,509,0
1,510,0
9,510,0
1,511,0
9,511,0
1,512,0
9,512,0
1,513,0
9,513,0
1,514,0
9,514,0
1,515,0
9,515,0
1,516,0
9,516,0
1,517,0
9,517,0
1,518,0
9,518,0
1,519,0
9,519,0
1,520,0
9,520,0
1,521,0
9,521,0
1,522,0
9,522,0
1,523,0
8,523,0
1,524,0
8,524,0
1,525,0
8,525,0
1,526,0
8,526,0
1,527,0
8,527,0
1,528,0
8,528,0
1,529,0
8,529,0
1,530,0
8,530,0
1,531,0
8,531,0
1,532,0
8,532,0
1,533,0
8,533,0
1,534,0
8,534,0
1,535,0
8,535,0
1,536,0
8,536,0
1,537,0
8,537,0
1,538,0
8,538,0
1,539,0
7,539,0
1,540,0
7,540,0
1,541,0
7,541,0
1,542,0
7,542,0
1,543,0
7,543,0
1,544,0
7,544,0
1,545,0
7,545,0
1,546,0
7,546,0
1,547,0
7,547,0
1,548,0
7,548,0
1,549,0
7,549,0
1,550,0
7,550,0
1,551,0
7,551,0
1,552,0
7,552,0
1,553,0
7,553,0
1,554,0
7,554,0
1,555,0
7,555,0
1,556,0
7,556,0
1,557,0
7,557,0
1,558,0
7,558,0
1,559,0
7,559,0
1,560,0
7,560,0
1,561,0
7,561,0
1,562,0
7,562,0
1,563,0
7,563,0
1,564,0
7,564,0
1,565,0
7,565,0
1,566,0
7,566,0
1,567,0
7,567,0
1,568,0
7,568,0
1,569,0
7,569,0
1,570,0
7,570,0
1,571,0
7,571,0
1,572,0
7,572,0
1,573,0
7,573,0
1,574,0
6,574,0
1,575,0
6,575,0
1,576,0
6,576,0
1,577,0
6,577,0
1,578,0
6,578,0
1,579,0
6,579,0
1,580,0
6,580,0
1,581,0
6,581,0
1,582,0
6,582,0
1,583,0
6,583,0
1,584,0
6,584,0
1,585,0
6,585,0
1,586,0
6,586,0
1,587,0
6,587,0
1,588,0
6,588,0
1,589,0
6,589,0
1,590,0
6,590,0
1,591,0
5,591,0
1,592,0
4,592,0
1,593,0
4,593,0
1,594,0
4,594,0
1,595,0
4,595,0
1,596,0
4,596,0
1,597,0
4,597,0
1,598,0
4,598,0
1,599,0
4,599,0
1,600,0
4,600,0
1,601,0
4,601,0
1,602,0
4,602,0
1,603,0
4,603,0
1,604,0
4,604,0
1,605,0
4,605,0
1,606,0
4,606,0
1,607,0
4,607,0
1,608,0
4,608,0
1,609,0
4,609,0
1,610,0
4,610,0
1,611,0
4,611,0
1,612,0
4,612,0
1,613,0
4,613,0
1,614,0
4,614,0
1,615,0
4,615,0
1,616,0
4,616,0
1,617,0
4,617,0
1,618,0
4,618,0
1,619,0
4,619,0
1,620,0
4,620,0
1,621,0
4,621,0
1,622,0
4,622,0
1,623,0
4,623,0
1,624,0
4,624,0
1,625,0
4,625,0
1,626,0
4,626,0
1,627,0
4,627,0
1,628,0
4,628,0
1,629,0
4,629,0
1,630,0
4,630,0
1,631,0
4,631,0
1,632,0
4,632,0
1,633,0
4,633,0
1,634,0
4,634,0
1,635,0
4,635,0
1,636,0
4,636,0
1,637,0
4,637,0
1,638,0
4,638,0
1,639,0
4,639,0
1,640,0
4,640,0
1,641,0
4,641,0
1,642,0
4,642,0
1,643,0
4,643,0
1,644,0
4,644,0
1,645,0
4,645,0
1,646,0
4,646,0
1,647,0
4,647,0
1,648,0
4,648,0
1,649,0
4,649,0
1,650,0
4,650,0
1,651,0
4,651,0
1,652,0
4,652,0
1,653,0
4,653,0
1,654,0
4,654,0
1,655,0
4,655,0
1,656,0
4,656,0
1,657,0
4,657,0
1,658,0
4,658,0
1,659,0
4,659,0
1,660,0
4,660,0
1,661,0
4,661,0
1,662,0
4,662,0
1,663,0
4,663,0
1,664,0
4,664,0
1,665,0
4,665,0
1,666,0
4,666,0
1,667,0
4,667,0
1,668,0
4,668,0
1,669,0
4,669,0
1,670,0
4,670,0
1,671,0
4,671,0
1,672,0
3,672,0
1,673,0
3,673,0
1,674,0
3,674,0
1,675,0
3,675,0
1,676,0
3,676,0
1,677,0
3,677,0
1,678,0
3,678,0
1,679,0
3,679,0
1,680,0
3,680,0
1,681,0
3,681,0
1,682,0
3,682,0
1,683,0
3,683,0
1,684,0
3,684,0
1,685,0
3,685,0
1,686,0
3,686,0
1,687,0
3,687,0
1,688,0
3,688,0
1,689,0
3,689,0
1,690,0
3,690,0
1,691,0
3,691,0
1,692,0
3,692,0
1,693,0
3,693,0
1,694,0
3,694,0
1,695,0
3,695,0
1,696,0
3,696,0
1,697,0
3,697,0
1,698,0
3,698,0
1,699,0
3,699,0
1,700,0
3,700,0
1,701,0
3,701,0
1,702,0
3,702,0
1,703,0
3,703,0
1,704,0
3,704,0
1,705,0
3,705,0
1,706,0
3,706,0
1,707,0
3,707,0
1,708,0
3,708,0
1,709,0
3,709,0
1,710,0
3,710,0
1,711,0
3,711,0
1,712,0
3,712,0
1,713,0
3,713,0
1,714,0
3,714,0
1,715,0
3,715,0
1,716,0
3,716,0
1,717,0
3,717,0
1,718,0
3,718,0
1,719,0
3,719,0
1,720,0
3,720,0
1,721,0
3,721,0
1,722,0
3,722,0
1,723,0
3,723,0
1,724,0
3,724,0
1,725,0
3,725,0
1,726,0
3,726,0
1,727,0
3,727,0
1,728,0
3,728,0
1,729,0
3,729,0
1,730,0
3,730,0
1,731,0
3,731,0
1,732,0
3,732,0
1,733,0
3,733,0
1,734,0
3,734,0
1,735,0
3,735,0
1,736,0
3,736,0
1,737,0
3,737,0
1,738,0
3,738,0
1,739,0
3,739,0
1,740,0
3,740,0
1,741,0
3,741,0
1,742,0
3,742,0
1,743,0
3,743,0
1,744,0
3,744,0
1,745,0
3,745,0
1,746,0
3,746,0
1,747,0
3,747,0
1,748,0
3,748,0
1,749,0
3,749,0
1,750,0
3,750,0
1,751,0
3,751,0
1,752,0
3,752,0
1,753,0
3,753,0
1,754,0
3,754,0
1,755,0
3,755,0
1,756,0
3,756,0
1,757,0
3,757,0
1,758,0
3,758,0
1,759,0
3,759,0
1,760,0
3,760,0
1,761,0
3,761,0
1,762,0
3,762,0
1,763,0
3,763,0
1,764,0
3,764,0
1,765,0
3,765,0
1,766,0
3,766,0
1,767,0
3,767,0
1,768,0
3,768,0
1,769,0
3,769,0
1,770,0
3,770,0
1,771,0
3,771,0
1,772,0
3,772,0
1,773,0
3,773,0
1,774,0
3,774,0
1,775,0
3,775,0
1,776,0
3,776,0
1,777,0
3,777,0
1,778,0
3,778,0
1,779,0
3,779,0
1,780,0
3,780,0
1,781,0
3,781,0
1,782,0
3,782,0
1,783,0
3,783,0
1,784,0
3,784,0
1,785,0
3,785,0
1,786,0
3,786,0
1,787,0
3,787,0
1,788,0
3,788,0
1,789,0
3,789,0
1,790,0
3,790,0
1,791,0
3,791,0
1,792,0
3,792,0
1,793,0
3,793,0
1,794,0
3,794,0
1,795,0
3,795,0
1,796,0
3,796,0
1,797,0
3,797,0
1,798,0
3,798,0
1,799,0
3,799,0
1,800,0
3,800,0
1,801,0
3,801,0
1,802,0
3,802,0
1,803,0
3,803,0
1,804,0
3,804,0
1,805,0
3,805,0
1,806,0
2,806,0
1,807,0
2,807,0
1,808,0
2,808,0
1,809,0
2,809,0
1,810,0
2,810,0
1,811,0
2,811,0
1,812,0
2,812,0
1,813,0
2,813,0
1,814,0
2,814,0
1,815,0
2,815,0
1,816,0
2,816,0
1,817,0
2,817,0
1,818,0
2,818,0
1,819,0
2,819,0
1,820,0
2,820,0
1,821,0
2,821,0
1,822,0
2,822,0
1,823,0
2,823,0
1,824,0
2,824,0
1,825,0
2,825,0
1,826,0
2,826,0
1,827,0
2,827,0
1,828,0
2,828,0
1,829,0
2,829,0
1,830,0
2,830,0
1,831,0
2,831,0
1,832,0
2,832,0
1,833,0
2,833,0
1,834,0
2,834,0
1,835,0
2,835,0
1,836,0
2,836,0
1,837,0
2,837,0
1,838,0
2,838,0
1,839,0
2,839,0
1,840,0
2,840,0
1,841,0
2,841,0
1,842,0
2,842,0
1,843,0
2,843,0
1,844,0
2,844,0
1,845,0
2,845,0
1,846,0
2,846,0
1,847,0
2,847,0
1,848,0
2,848,0
1,849,0
2,849,0
1,850,0
2,850,0
1,851,0
2,851,0
1,852,0
2,852,0
1,853,0
2,853,0
1,854,0
2,854,0
1,855,0
2,855,0
1,856,0
2,856,0
1,857,0
2,857,0
1,858,0
2,858,0
1,859,0
2,859,0
1,860,0
2,860,0
1,861,0
2,861,0
1,862,0
2,862,0
1,863,0
2,863,0
1,864,0
2,864,0
1,865,0
2,865,0
1,866,0
2,866,0
1,867,0
2,867,0
1,868,0
2,868,0
1,869,0
2,869,0
1,870,0
2,870,0
1,871,0
2,871,0
1,872,0
2,872,0
1,873,0
2,873,0
1,874,0
2,874,0
1,875,0
2,875,0
1,876,0
2,876,0
1,877,0
2,877,0
1,878,0
2,878,0
1,879,0
2,879,0
1,880,0
2,880,0
1,881,0
2,881,0
1,882,0
2,882,0
1,883,0
2,883,0
1,884,0
2,884,0
1,885,0
2,885,0
1,886,0
2,886,0
1,887,0
2,887,0
1,888,0
2,888,0
1,889,0
2,889,0
1,890,0
2,890,0
1,891,0
2,891,0
1,892,0
2,892,0
1,893,0
2,893,0
1,894,0
2,894,0
1,895,0
2,895,0
1,896,0
2,896,0
1,897,0
2,897,0
1,898,0
2,898,0
1,899,0
2,899,0
1,900,0
2,900,0
1,901,0
2,901,0
1,902,0
2,902,0
1,903,0
2,903,0
1,904,0
2,904,0
1,905,0
2,905,0
1,906,0
2,906,0
1,907,0
2,907,0
1,908,0
2,908,0
1,909,0
2,909,0
1,910,0
2,910,0
1,911,0
2,911,0
1,912,0
2,912,0
1,913,0
2,913,0
1,914,0
2,914,0
1,915,0
2,915,0
1,916,0
2,916,0
1,917,0
2,917,0
1,918,0
2,918,0
1,919,0
2,919,0
1,920,0
2,920,0
1,921,0
2,921,0
1,922,0
2,922,0
1,923,0
2,923,0
1,924,0
2,924,0
1,925,0
2,925,0
1,926,0
2,926,0
1,927,0
2,927,0
1,928,0
2,928,0
1,929,0
2,929,0
1,930,0
2,930,0
1,931,0
2,931,0
1,932,0
2,932,0
1,933,0
2,933,0
1,934,0
2,934,0
1,935,0
2,935,0
1,936,0
2,936,0
1,937,0
2,937,0
1,938,0
2,938,0
1,939,0
2,939,0
1,940,0
2,940,0
1,941,0
2,941,0
1,942,0
2,942,0
1,943,0
2,943,0
1,944,0
2,944,0
1,945,0
2,945,0
1,946,0
2,946,0
1,947,0
2,947,0
1,948,0
2,948,0
1,949,0
2,949,0
1,950,0
2,950,0
1,951,0
2,951,0
1,952,0
2,952,0
1,953,0
2,953,0
1,954,0
2,954,0
1,955,0
2,955,0
1,956,0
2,956,0
1,957,0
2,957,0
1,958,0
2,958,0
1,959,0
2,959,0
1,960,0
2,960,0
1,961,0
2,961,0
1,962,0
2,962,0
1,963,0
2,963,0
1,964,0
2,964,0
1,965,0
2,965,0
1,966,0
2,966,0
1,967,0
2,967,0
1,968,0
2,968,0
1,969,0
2,969,0
1,970,0
2,970,0
1,971,0
2,971,0
1,972,0
2,972,0
1,973,0
2,973,0
1,974,0
2,974,0
1,975,0
2,975,0
1,976,0
2,976,0
1,977,0
2,977,0
1,978,0
2,978,0
1,979,0
2,979,0
1,980,0
2,980,0
1,981,0
2,981,0
1,982,0
2,982,0
1,983,0
2,983,0
1,984,0
2,984,0
1,985,0
2,985,0
1,986,0
2,986,0
1,987,0
2,987,0
1,988,0
2,988,0
1,989,0
2,989,0
1,990,0
2,990,0
1,991,0
2,991,0
1,992,0
2,992,0
1,993,0
2,993,0
1,994,0
2,994,0
1,995,0
2,995,0
1,996,0
2,996,0
1,997,0
2,997,0
1,998,0
2,998,0
1,999,0
2,999,0
1,1000,0
2,1000,0
1,1001,0
2,1001,0
1,1002,0
2,1002,0
1,1003,0
2,1003,0
1,1004,0
2,1004,0
1,1005,0
2,1005,0
1,1006,0
2,1006,0
1,1007,0
2,1007,0
1,1008,0
2,1008,0
1,1009,0
2,1009,0
1,1010,0
2,1010,0
1,1011,0
2,1011,0
1,1012,0
2,1012,0
1,1013,0
2,1013,0
1,1014,0
2,1014,0
1,1015,0
2,1015,0
1,1016,0
2,1016,0
1,1017,0
2,1017,0
1,1018,0
2,1018,0
1,1019,0
2,1019,0
1,1020,0
2,1020,0
1,1021,0
2,1021,0
1,1022,0
2,1022,0
1,1023,0
2,1023,0
1,1024,0
2,1024,0
1,1025,0
2,1025,0
1,1026,0
2,1026,0
1,1027,0
2,1027,0
1,1028,0
2,1028,0
1,1029,0
2,1029,0
1,1030,0
2,1030,0
1,1031,0
2,1031,0
1,1032,0
2,1032,0
1,1033,0
2,1033,0
1,1034,0
2,1034,0
1,1035,0
2,1035,0
1,1036,0
2,1036,0
1,1037,0
2,1037,0
1,1038,0
2,1038,0
1,1039,0
2,1039,0
1,1040,0
2,1040,0
1,1041,0
2,1041,0
1,1042,0
2,1042,0
1,1043,0
2,1043,0
1,1044,0
2,1044,0
1,1045,0
2,1045,0
1,1046,0
2,1046,0
1,1047,0
2,1047,0
1,1048,0
2,1048,0
1,1049,0
2,1049,0
1,1050,0
2,1050,0
1,1051,0
2,1051,0
1,1052,0
2,1052,0
1,1053,0
2,1053,0
1,1054,0
2,1054,0
1,1055,0
2,1055,0
1,1056,0
2,1056,0
1,1057,0
2,1057,0
1,1058,0
2,1058,0
1,1059,0
2,1059,0
1,1060,0
2,1060,0
1,1061,0
2,1061,0
1,1062,0
2,1062,0
1,1063,0
2,1063,0
1,1064,0
2,1064,0
1,1065,0
2,1065,0
1,1066,0
2,1066,0
1,1067,0
2,1067,0
1,1068,0
2,1068,0
1,1069,0
2,1069,0
1,1070,0
2,1070,0
1,1071,0
2,1071,0
1,1072,0
2,1072,0
1,1073,0
2,1073,0
1,1074,0
2,1074,0
1,1075,0
2,1075,0
1,1076,0
2,1076,0
1,1077,0
2,1077,0
1,1078,0
2,1078,0
1,1079,0
2,1079,0
1,1080,0
2,1080,0
1,1081,0
2,1081,0
1,1082,0
2,1082,0
1,1083,0
2,1083,0
1,1084,0
2,1084,0
1,1085,0
2,1085,0
1,1086,0
2,1086,0
1,1087,0
2,1087,0
1,1088,0
2,1088,0
1,1089,0
2,1089,0
1,1090,0
2,1090,0
1,1091,0
2,1091,0
1,1092,0
2,1092,0
1,1093,0
2,1093,0
1,1094,0
2,1094,0
1,1095,0
2,1095,0
1,1096,0
2,1096,0
1,1097,0
2,1097,0
1,1098,0
2,1098,0
1,1099,0
2,1099,0
1,1100,0
2,1100,0
1,1101,0
2,1101,0
1,1102,0
2,1102,0
1,1103,0
2,1103,0
1,1104,0
2,1104,0
1,1105,0
2,1105,0
1,1106,0
2,1106,0
1,1107,0
2,1107,0
1,1108,0
2,1108,0
1,1109,0
2,1109,0
1,1110,0
2,1110,0
1,1111,0
2,1111,0
1,1112,0
2,1112,0
1,1113,0
2,1113,0
1,1114,0
2,1114,0
1,1115,0
2,1115,0
1,1116,0
2,1116,0
1,1117,0
2,1117,0
1,1118,0
2,1118,0
1,1119,0
2,1119,0
1,1120,0
2,1120,0
1,1121,0
2,1121,0
1,1122,0
2,1122,0
1,1123,0
2,1123,0
1,1124,0
2,1124,0
1,1125,0
2,1125,0
1,1126,0
2,1126,0
1,1127,0
2,1127,0
1,1128,0
2,1128,0
1,1129,0
2,1129,0
1,1130,0
2,1130,0
1,1131,0
2,1131,0
1,1132,0
2,1132,0
1,1133,0
2,1133,0
1,1134,0
2,1134,0
1,1135,0
2,1135,0
1,1136,0
2,1136,0
1,1137,0
2,1137,0
1,1138,0
2,1138,0
1,1139,0
2,1139,0
1,1140,0
2,1140,0
1,1141,0
2,1141,0
1,1142,0
2,1142,0
1,1143,0
2,1143,0
1,1144,0
2,1144,0
1,1145,0
2,1145,0
1,1146,0
2,1146,0
1,1147,0
2,1147,0
1,1148,0
2,1148,0
1,1149,0
2,1149,0
1,1150,0
2,1150,0
1,1151,0
2,1151,0
1,1152,0
2,1152,0
1,1153,0
2,1153,0
1,1154,0
2,1154,0
1,1155,0
2,1155,0
1,1156,0
2,1156,0
1,1157,0
2,1157,0
1,1158,0
2,1158,0
1,1159,0
2,1159,0
1,1160,0
2,1160,0
1,1161,0
2,1161,0
1,1162,0
2,1162,0
1,1163,0
2,1163,0
1,1164,0
2,1164,0
1,1165,0
2,1165,0
1,1166,0
2,1166,0
1,1167,0
2,1167,0
1,1168,0
2,1168,0
1,1169,0
2,1169,0
1,1170,0
2,1170,0
1,1171,0
2,1171,0
1,1172,0
2,1172,0
1,1173,0
2,1173,0
1,1174,0
2,1174,0
1,1175,0
2,1175,0
1,1176,0
2,1176,0
1,1177,0
2,1177,0
1,1178,0
2,1178,0
1,1179,0
2,1179,0
1,1180,0
2,1180,0
1,1181,0
2,1181,0
1,1182,0
2,1182,0
1,1183,0
2,1183,0
1,1184,0
2,1184,0
1,1185,0
2,1185,0
1,1186,0
2,1186,0
1,1187,0
2,1187,0
1,1188,0
2,1188,0
1,1189,0
2,1189,0
1,1190,0
2,1190,0
1,1191,0
2,1191,0
1,1192,0
2,1192,0
1,1193,0
2,1193,0
1,1194,0
2,1194,0
1,1195,0
2,1195,0
1,1196,0
2,1196,0
1,1197,0
2,1197,0
1,1198,0
2,1198,0
1,1199,0
2,1199,0
1,1200,0
2,1200,0
1,1201,0
2,1201,0
1,1202,0
2,1202,0
1,1203,0
2,1203,0
1,1204,0
2,1204,0
1,1205,0
2,1205,0
1,1206,0
2,1206,0
1,1207,0
2,1207,0
1,1208,0
2,1208,0
1,1209,0
2,1209,0
1,1210,0
2,1210,0
1,1211,0
2,1211,0
1,1212,0
2,1212,0
1,1213,0
2,1213,0
1,1214,0
2,1214,0
1,1215,0
2,1215,0
1,1216,0
2,1216,0
1,1217,0
2,1217,0
1,1218,0
2,1218,0
1,1219,0
2,1219,0
1,1220,0
2,1220,0
1,1221,0
2,1221,0
1,1222,0
2,1222,0
1,1223,0
2,1223,0
1,1224,0
2,1224,0
1,1225,0
2,1225,0
1,1226,0
2,1226,0
1,1227,0
2,1227,0
1,1228,0
2,1228,0
1,1229,0
2,1229,0
1,1230,0
2,1230,0
1,1231,0
2,1231,0
1,1232,0
2,1232,0
1,1233,0
2,1233,0
1,1234,0
2,1234,0
1,1235,0
2,1235,0
1,1236,0
2,1236,0
1,1237,0
2,1237,0
1,1238,0
2,1238,0
1,1239,0
2,1239,0
1,1240,0
2,1240,0
1,1241,0
2,1241,0
1,1242,0
2,1242,0
1,1243,0
2,1243,0
1,1244,0
2,1244,0
1,1245,0
1,1245,0
1,1246,0
1,1246,0
1,1247,0
1,1247,0
1,1248,0
1,1248,0
1,1249,0
1,1249,0
1,1250,0
1,1250,0
1,1251,0
1,1251,0
1,1252,0
1,1252,0
1,1253,0
1,1253,0
1,1254,0
1,1254,0
1,1255,0
1,1255,0
1,1256,0
1,1256,0
1,1257,0
1,1257,0
1,1258,0
1,1258,0
1,1259,0
1,1259,0
1,1260,0
1,1260,0
1,1261,0
1,1261,0
1,1262,0
1,1262,0
1,1263,0
1,1263,0
1,1264,0
1,1264,0
1,1265,0
1,1265,0
1,1266,0
1,1266,0
1,1267,0
1,1267,0
1,1268,0
1,1268,0
1,1269,0
1,1269,0
1,1270,0
1,1270,0
1,1271,0
1,1271,0
1,1272,0
1,1272,0
1,1273,0
1,1273,0
1,1274,0
1,1274,0
1,1275,0
1,1275,0
1,1276,0
1,1276,0
1,1277,0
1,1277,0
1,1278,0
1,1278,0
1,1279,0
1,1279,0
1,1280,0
1,1280,0
1,1281,0
1,1281,0
1,1282,0
1,1282,0
1,1283,0
1,1283,0
1,1284,0
1,1284,0
1,1285,0
1,1285,0
1,1286,0
1,1286,0
1,1287,0
1,1287,0
1,1288,0
1,1288,0
1,1289,0
1,1289,0
1,1290,0
1,1290,0
1,1291,0
1,1291,0
1,1292,0
1,1292,0
1,1293,0
1,1293,0
1,1294,0
1,1294,0
1,1295,0
1,1295,0
1,1296,0
1,1296,0
1,1297,0
1,1297,0
1,1298,0
1,1298,0
1,1299,0
1,1299,0
1,1300,0
1,1300,0
1,1301,0
1,1301,0
1,1302,0
1,1302,0
1,1303,0
1,1303,0
1,1304,0
1,1304,0
1,1305,0
1,1305,0
1,1306,0
1,1306,0
1,1307,0
1,1307,0
1,1308,0
1,1308,0
1,1309,0
1,1309,0
1,1310,0
1,1310,0
1,1311,0
1,1311,0
1,1312,0
1,1312,0
1,1313,0
1,1313,0
1,1314,0
1,1314,0
1,1315,0
1,1315,0
1,1316,0
1,1316,0
1,1317,0
1,1317,0
1,1318,0
1,1318,0
1,1319,0
1,1319,0
1,1320,0
1,1320,0
1,1321,0
1,1321,0
1,1322,0
1,1322,0
1,1323,0
1,1323,0
1,1324,0
1,1324,0
1,1325,0
1,1325,0
1,1326,0
1,1326,0
1,1327,0
1,1327,0
1,1328,0
1,1328,0
1,1329,0
1,1329,0
1,1330,0
1,1330,0
1,1331,0
1,1331,0
1,1332,0
1,1332,0
1,1333,0
1,1333,0
1,1334,0
1,1334,0
1,1335,0
1,1335,0
1,1336,0
1,1336,0
1,1337,0
1,1337,0
1,1338,0
1,1338,0
1,1339,0
1,1339,0
1,1340,0
1,1340,0
1,1341,0
1,1341,0
1,1342,0
1,1342,0
1,1343,0
1,1343,0
1,1344,0
1,1344,0
1,1345,0
1,1345,0
1,1346,0
1,1346,0
1,1347,0
1,1347,0
1,1348,0
1,1348,0
1,1349,0
1,1349,0
1,1350,0
1,1350,0
1,1351,0
1,1351,0
1,1352,0
1,1352,0
1,1353,0
1,1353,0
1,1354,0
1,1354,0
1,1355,0
1,1355,0
1,1356,0
1,1356,0
1,1357,0
1,1357,0
1,1358,0
1,1358,0
1,1359,0
1,1359,0
1,1360,0
1,1360,0
1,1361,0
1,1361,0
1,1362,0
1,1362,0
1,1363,0
1,1363,0
1,1364,0
1,1364,0
1,1365,0
1,1365,0
1,1366,0
1,1366,0
1,1367,0
1,1367,0
1,1368,0
1,1368,0
1,1369,0
1,1369,0
1,1370,0
1,1370,0
1,1371,0
1,1371,0
1,1372,0
1,1372,0
1,1373,0
1,1373,0
1,1374,0
1,1374,0
1,1375,0
1,1375,0
1,1376,0
1,1376,0
1,1377,0
1,1377,0
1,1378,0
1,1378,0
1,1379,0
1,1379,0
1,1380,0
1,1380,0
1,1381,0
1,1381,0
1,1382,0
1,1382,0
1,1383,0
1,1383,0
1,1384,0
1,1384,0
1,1385,0
1,1385,0
1,1386,0
1,1386,0
1,1387,0
1,1387,0
1,1388,0
1,1388,0
1,1389,0
1,1389,0
1,1390,0
1,1390,0
1,1391,0
1,1391,0
1,1392,0
1,1392,0
1,1393,0
1,1393,0
1,1394,0
1,1394,0
1,1395,0
1,1395,0
1,1396,0
1,1396,0
1,1397,0
1,1397,0
1,1398,0
1,1398,0
1,1399,0
1,1399,0
1,1400,0
1,1400,0
1,1401,0
1,1401,0
1,1402,0
1,1402,0
1,1403,0
1,1403,0
1,1404,0
1,1404,0
1,1405,0
1,1405,0
1,1406,0
1,1406,0
1,1407,0
1,1407,0
1,1408,0
1,1408,0
1,1409,0
1,1409,0
1,1410,0
1,1410,0
1,1411,0
1,1411,0
1,1412,0
1,1412,0
1,1413,0
1,1413,0
1,1414,0
1,1414,0
1,1415,0
1,1415,0
1,1416,0
1,1416,0
1,1417,0
1,1417,0
1,1418,0
1,1418,0
1,1419,0
1,1419,0
1,1420,0
1,1420,0
1,1421,0
1,1421,0
1,1422,0
1,1422,0
1,1423,0
1,1423,0
1,1424,0
1,1424,0
1,1425,0
1,1425,0
1,1426,0
1,1426,0
1,1427,0
1,1427,0
1,1428,0
1,1428,0
1,1429,0
1,1429,0
1,1430,0
1,1430,0
1,1431,0
1,1431,0
1,1432,0
1,1432,0
1,1433,0
1,1433,0
1,1434,0
1,1434,0
1,1435,0
1,1435,0
1,1436,0
1,1436,0
1,1437,0
1,1437,0
1,1438,0
1,1438,0
1,1439,0
1,1439,0
1,1440,0
1,1440,0
1,1441,0
1,1441,0
1,1442,0
1,1442,0
1,1443,0
1,1443,0
1,1444,0
1,1444,0
1,1445,0
1,1445,0
1,1446,0
1,1446,0
1,1447,0
1,1447,0
1,1448,0
1,1448,0
1,1449,0
1,1449,0
1,1450,0
1,1450,0
1,1451,0
1,1451,0
1,1452,0
1,1452,0
1,1453,0
1,1453,0
1,1454,0
1,1454,0
1,1455,0
1,1455,0
1,1456,0
1,1456,0
1,1457,0
1,1457,0
1,1458,0
1,1458,0
1,1459,0
1,1459,0
1,1460,0
1,1460,0
1,1461,0
1,1461,0
1,1462,0
1,1462,0
1,1463,0
1,1463,0
1,1464,0
1,1464,0
1,1465,0
1,1465,0
1,1466,0
1,1466,0
1,1467,0
1,1467,0
1,1468,0
1,1468,0
1,1469,0
1,1469,0
1,1470,0
1,1470,0
1,1471,0
1,1471,0
1,1472,0
1,1472,0
1,1473,0
1,1473,0
1,1474,0
1,1474,0
1,1475,0
1,1475,0
1,1476,0
1,1476,0
1,1477,0
1,1477,0
1,1478,0
1,1478,0
1,1479,0
1,1479,0
1,1480,0
1,1480,0
1,1481,0
1,1481,0
1,1482,0
1,1482,0
1,1483,0
1,1483,0
1,1484,0
1,1484,0
1,1485,0
1,1485,0
1,1486,0
1,1486,0
1,1487,0
1,1487,0
1,1488,0
1,1488,0
1,1489,0
1,1489,0
1,1490,0
1,1490,0
1,1491,0
1,1491,0
1,1492,0
1,1492,0
1,1493,0
1,1493,0
1,1494,0
1,1494,0
1,1495,0
1,1495,0
1,1496,0
1,1496,0
1,1497,0
1,1497,0
1,1498,0
1,1498,0
1,1499,0
1,1499,0
1,1500,0
1,1500,0
1,1501,0
1,1501,0
1,1502,0
1,1502,0
1,1503,0
1,1503,0
1,1504,0
1,1504,0
1,1505,0
1,1505,0
1,1506,0
1,1506,0
1,1507,0
1,1507,0
1,1508,0
1,1508,0
1,1509,0
1,1509,0
1,1510,0
1,1510,0
1,1511,0
1,1511,0
1,1512,0
1,1512,0
1,1513,0
1,1513,0
1,1514,0
1,1514,0
1,1515,0
1,1515,0
1,1516,0
1,1516,0
1,1517,0
1,1517,0
1,1518,0
1,1518,0
1,1519,0
1,1519,0
1,1520,0
1,1520,0
1,1521,0
1,1521,0
1,1522,0
1,1522,0
1,1523,0
1,1523,0
1,1524,0
1,1524,0
1,1525,0
1,1525,0
1,1526,0
1,1526,0
1,1527,0
1,1527,0
1,1528,0
1,1528,0
1,1529,0
1,1529,0
1,1530,0
1,1530,0
1,1531,0
1,1531,0
1,1532,0
1,1532,0
1,1533,0
1,1533,0
1,1534,0
1,1534,0
1,1535,0
1,1535,0
1,1536,0
1,1536,0
1,1537,0
1,1537,0
1,1538,0
1,1538,0
1,1539,0
1,1539,0
1,1540,0
1,1540,0
1,1541,0
1,1541,0
1,1542,0
1,1542,0
1,1543,0
1,1543,0
1,1544,0
1,1544,0
1,1545,0
1,1545,0
1,1546,0
1,1546,0
1,1547,0
1,1547,0
1,1548,0
1,1548,0
1,1549,0
1,1549,0
1,1550,0
1,1550,0
1,1551,0
1,1551,0
1,1552,0
1,1552,0
1,1553,0
1,1553,0
1,1554,0
1,1554,0
1,1555,0
1,1555,0
1,1556,0
1,1556,0
1,1557,0
1,1557,0
1,1558,0
1,1558,0
1,1559,0
1,1559,0
1,1560,0
1,1560,0
1,1561,0
1,1561,0
1,1562,0
1,1562,0
1,1563,0
1,1563,0
1,1564,0
1,1564,0
1,1565,0
1,1565,0
1,1566,0
1,1566,0
1,1567,0
1,1567,0
1,1568,0
1,1568,0
1,1569,0
1,1569,0
1,1570,0
1,1570,0
1,1571,0
1,1571,0
1,1572,0
1,1572,0
1,1573,0
1,1573,0
1,1574,0
1,1574,0
1,1575,0
1,1575,0
1,1576,0
1,1576,0
1,1577,0
1,1577,0
1,1578,0
1,1578,0
1,1579,0
1,1579,0
1,1580,0
1,1580,0
1,1581,0
1,1581,0
1,1582,0
1,1582,0
1,1583,0
1,1583,0
1,1584,0
1,1584,0
1,1585,0
1,1585,0
1,1586,0
1,1586,0
1,1587,0
1,1587,0
1,1588,0
1,1588,0
1,1589,0
1,1589,0
1,1590,0
1,1590,0
1,1591,0
1,1591,0
1,1592,0
1,1592,0
