2,2,0
2,2,0
2,3,0
4,3,0
2,4,0
6,4,0
2,5,0
8,5,0
2,6,0
10,6,0
2,7,0
12,7,0
2,8,0
14,8,0
2,9,0
16,9,0
2,10,0
18,10,0
2,11,0
20,11,0
2,12,0
22,12,0
2,13,0
24,13,0
2,14,0
26,14,0
2,15,0
28,15,0
2,16,0
30,16,0
2,17,0
32,17,0
2,18,0
34,18,0
2,19,0
36,19,0
2,20,0
38,20,0
2,21,0
40,21,0
2,22,0
42,22,0
2,23,0
44,23,0
2,24,0
46,24,0
2,25,0
48,25,0
2,26,0
50,26,0
2,27,0
52,27,0
2,28,0
54,28,0
2,29,0
56,29,0
2,30,0
58,30,0
2,31,0
60,31,0
2,32,0
62,32,0
2,33,0
64,33,0
2,34,0
66,34,0
2,35,0
68,35,0
2,36,0
70,36,0
2,37,0
72,37,0
2,38,0
74,38,0
2,39,0
76,39,0
2,40,0
78,40,0
2,41,0
80,41,0
2,42,0
82,42,0
2,43,0
84,43,0
2,44,0
86,44,0
2,45,0
88,45,0
2,46,0
90,46,0
2,47,0
92,47,0
2,48,0
94,48,0
2,49,0
96,49,0
2,50,0
98,50,0
2,51,0
100,51,0
2,52,0
102,52,0
2,53,0
104,53,0
2,54,0
106,54,0
2,55,0
108,55,0
2,56,0
110,56,0
2,57,0
112,57,0
2,58,0
114,58,0
2,59,0
116,59,0
2,60,0
118,60,0
2,61,0
120,61,0
2,62,0
122,62,0
2,63,0
124,63,0
2,64,0
126,64,0
2,65,0
128,65,0
2,66,0
130,66,0
2,67,0
132,67,0
2,68,0
134,68,0
2,69,0
136,69,0
2,70,0
138,70,0
2,71,0
140,71,0
2,72,0
142,72,0
2,73,0
144,73,0
2,74,0
146,74,0
2,75,0
148,75,0
2,76,0
150,76,0
2,77,0
152,77,0
2,78,0
154,78,0
2,79,0
156,79,0
2,80,0
158,80,0
2,81,0
160,81,0
2,82,0
162,82,0
2,83,0
164,83,0
2,84,0
166,84,0
2,85,0
168,85,0
2,86,0
170,86,0
2,87,0
172,87,0
2,88,0
174,88,0
2,89,0
176,89,0
2,90,0
178,90,0
2,91,0
180,91,0
2,92,0
182,92,0
2,93,0
184,93,0
2,94,0
186,94,0
2,95,0
188,95,0
2,96,0
190,96,0
2,97,0
192,97,0
2,98,0
194,98,0
2,99,0
196,99,0
2,100,0
198,100,0
2,101,0
200,101,0
2,102,0
202,102,0
2,103,0
204,103,0
2,104,0
206,104,0
2,105,0
208,105,0
2,106,0
210,106,0
2,107,0
212,107,0
2,108,0
214,108,0
2,109,0
216,109,0
2,110,0
218,110,0
2,111,0
220,111,0
2,112,0
222,112,0
2,113,0
224,113,0
2,114,0
226,114,0
2,115,0
228,115,0
2,116,0
230,116,0
2,117,0
232,117,0
2,118,0
234,118,0
2,119,0
236,119,0
2,120,0
238,120,0
2,121,0
240,121,0
2,122,0
242,122,0
2,123,0
244,123,0
2,124,0
238,124,0
2,125,0
236,125,0
2,126,0
236,126,0
2,127,0
236,127,0
2,128,0
236,128,0
2,129,0
236,129,0
2,130,0
236,130,0
2,131,0
236,131,0
2,132,0
234,132,0
2,133,0
232,133,0
2,134,0
230,134,0
2,135,0
228,135,0
2,136,0
226,136,0
2,137,0
226,137,0
2,138,0
226,138,0
2,139,0
222,139,0
2,140,0
222,140,0
2,141,0
222,141,0
2,142,0
222,142,0
2,143,0
216,143,0
2,144,0
214,144,0
2,145,0
212,145,0
2,146,0
212,146,0
2,147,0
212,147,0
2,148,0
210,148,0
2,149,0
210,149,0
2,150,0
210,150,0
2,151,0
206,151,0
2,152,0
206,152,0
2,153,0
202,153,0
2,154,0
202,154,0
2,155,0
202,155,0
2,156,0
202,156,0
2,157,0
202,157,0
2,158,0
200,158,0
2,159,0
198,159,0
2,160,0
196,160,0
2,161,0
194,161,0
2,162,0
194,162,0
2,163,0
192,163,0
2,164,0
192,164,0
2,165,0
192,165,0
2,166,0
192,166,0
2,167,0
184,167,0
2,168,0
182,168,0
2,169,0
174,169,0
2,170,0
174,170,0
2,171,0
172,171,0
2,172,0
170,172,0
2,173,0
170,173,0
2,174,0
170,174,0
2,175,0
168,175,0
2,176,0
166,176,0
2,177,0
166,177,0
2,178,0
166,178,0
2,179,0
166,179,0
2,180,0
166,180,0
2,181,0
164,181,0
2,182,0
164,182,0
2,183,0
164,183,0
2,184,0
162,184,0
2,185,0
162,185,0
2,186,0
160,186,0
2,187,0
160,187,0
2,188,0
156,188,0
2,189,0
156,189,0
2,190,0
150,190,0
2,191,0
146,191,0
2,192,0
142,192,0
2,193,0
142,193,0
2,194,0
142,194,0
2,195,0
142,195,0
2,196,0
142,196,0
2,197,0
138,197,0
2,198,0
136,198,0
2,199,0
136,199,0
2,200,0
134,200,0
2,201,0
134,201,0
2,202,0
134,202,0
2,203,0
132,203,0
2,204,0
132,204,0
2,205,0
132,205,0
2,206,0
130,206,0
2,207,0
130,207,0
2,208,0
128,208,0
2,209,0
128,209,0
2,210,0
128,210,0
2,211,0
128,211,0
2,212,0
128,212,0
2,213,0
128,213,0
2,214,0
128,214,0
2,215,0
128,215,0
2,216,0
126,216,0
2,217,0
126,217,0
2,218,0
126,218,0
2,219,0
126,219,0
2,220,0
126,220,0
2,221,0
126,221,0
2,222,0
126,222,0
2,223,0
126,223,0
2,224,0
126,224,0
2,225,0
124,225,0
2,226,0
124,226,0
2,227,0
122,227,0
2,228,0
122,228,0
2,229,0
120,229,0
2,230,0
120,230,0
2,231,0
120,231,0
2,232,0
120,232,0
2,233,0
120,233,0
2,234,0
120,234,0
2,235,0
120,235,0
2,236,0
120,236,0
2,237,0
120,237,0
2,238,0
120,238,0
2,239,0
118,239,0
2,240,0
116,240,0
2,241,0
116,241,0
2,242,0
112,242,0
2,243,0
112,243,0
2,244,0
110,244,0
2,245,0
110,245,0
2,246,0
108,246,0
2,247,0
108,247,0
2,248,0
108,248,0
2,249,0
108,249,0
2,250,0
108,250,0
2,251,0
108,251,0
2,252,0
106,252,0
2,253,0
106,253,0
2,254,0
106,254,0
2,255,0
106,255,0
2,256,0
106,256,0
2,257,0
106,257,0
2,258,0
106,258,0
2,259,0
102,259,0
2,260,0
102,260,0
2,261,0
102,261,0
2,262,0
102,262,0
2,263,0
102,263,0
2,264,0
102,264,0
2,265,0
102,265,0
2,266,0
102,266,0
2,267,0
100,267,0
2,268,0
98,268,0
2,269,0
96,269,0
2,270,0
96,270,0
2,271,0
96,271,0
2,272,0
96,272,0
2,273,0
96,273,0
2,274,0
96,274,0
2,275,0
96,275,0
2,276,0
96,276,0
2,277,0
96,277,0
2,278,0
96,278,0
2,279,0
96,279,0
2,280,0
96,280,0
2,281,0
96,281,0
2,282,0
94,282,0
2,283,0
94,283,0
2,284,0
94,284,0
2,285,0
94,285,0
2,286,0
94,286,0
2,287,0
94,287,0
2,288,0
94,288,0
2,289,0
94,289,0
2,290,0
94,290,0
2,291,0
94,291,0
2,292,0
94,292,0
2,293,0
94,293,0
2,294,0
94,294,0
2,295,0
92,295,0
2,296,0
92,296,0
2,297,0
92,297,0
2,298,0
92,298,0
2,299,0
92,299,0
2,300,0
90,300,0
2,301,0
90,301,0
2,302,0
88,302,0
2,303,0
88,303,0
2,304,0
88,304,0
2,305,0
86,305,0
2,306,0
82,306,0
2,307,0
80,307,0
2,308,0
80,308,0
2,309,0
80,309,0
2,310,0
80,310,0
2,311,0
80,311,0
2,312,0
80,312,0
2,313,0
80,313,0
2,314,0
80,314,0
2,315,0
80,315,0
2,316,0
78,316,0
2,317,0
78,317,0
2,318,0
78,318,0
2,319,0
78,319,0
2,320,0
78,320,0
2,321,0
78,321,0
2,322,0
78,322,0
2,323,0
78,323,0
2,324,0
78,324,0
2,325,0
78,325,0
2,326,0
78,326,0
2,327,0
78,327,0
2,328,0
78,328,0
2,329,0
78,329,0
2,330,0
76,330,0
2,331,0
76,331,0
2,332,0
76,332,0
2,333,0
76,333,0
2,334,0
76,334,0
2,335,0
74,335,0
2,336,0
74,336,0
2,337,0
74,337,0
2,338,0
74,338,0
2,339,0
72,339,0
2,340,0
70,340,0
2,341,0
70,341,0
2,342,0
70,342,0
2,343,0
70,343,0
2,344,0
70,344,0
2,345,0
70,345,0
2,346,0
70,346,0
2,347,0
70,347,0
2,348,0
68,348,0
2,349,0
68,349,0
2,350,0
66,350,0
2,351,0
66,351,0
2,352,0
66,352,0
2,353,0
66,353,0
2,354,0
64,354,0
2,355,0
64,355,0
2,356,0
64,356,0
2,357,0
64,357,0
2,358,0
64,358,0
2,359,0
64,359,0
2,360,0
64,360,0
2,361,0
64,361,0
2,362,0
64,362,0
2,363,0
64,363,0
2,364,0
64,364,0
2,365,0
64,365,0
2,366,0
64,366,0
2,367,0
64,367,0
2,368,0
60,368,0
2,369,0
58,369,0
2,370,0
58,370,0
2,371,0
56,371,0
2,372,0
56,372,0
2,373,0
56,373,0
2,374,0
56,374,0
2,375,0
56,375,0
2,376,0
56,376,0
2,377,0
56,377,0
2,378,0
56,378,0
2,379,0
56,379,0
2,380,0
56,380,0
2,381,0
56,381,0
2,382,0
56,382,0
2,383,0
56,383,0
2,384,0
54,384,0
2,385,0
54,385,0
2,386,0
54,386,0
2,387,0
54,387,0
2,388,0
54,388,0
2,389,0
54,389,0
2,390,0
54,390,0
2,391,0
54,391,0
2,392,0
54,392,0
2,393,0
54,393,0
2,394,0
50,394,0
2,395,0
50,395,0
2,396,0
50,396,0
2,397,0
50,397,0
2,398,0
50,398,0
2,399,0
50,399,0
2,400,0
50,400,0
2,401,0
50,401,0
2,402,0
50,402,0
2,403,0
50,403,0
2,404,0
50,404,0
2,405,0
50,405,0
2,406,0
50,406,0
2,407,0
50,407,0
2,408,0
50,408,0
2,409,0
48,409,0
2,410,0
48,410,0
2,411,0
48,411,0
2,412,0
48,412,0
2,413,0
48,413,0
2,414,0
48,414,0
2,415,0
48,415,0
2,416,0
48,416,0
2,417,0
48,417,0
2,418,0
48,418,0
2,419,0
48,419,0
2,420,0
48,420,0
2,421,0
48,421,0
2,422,0
48,422,0
2,423,0
48,423,0
2,424,0
48,424,0
2,425,0
48,425,0
2,426,0
48,426,0
2,427,0
48,427,0
2,428,0
48,428,0
2,429,0
48,429,0
2,430,0
46,430,0
2,431,0
46,431,0
2,432,0
46,432,0
2,433,0
42,433,0
2,434,0
40,434,0
2,435,0
38,435,0
2,436,0
38,436,0
2,437,0
38,437,0
2,438,0
36,438,0
2,439,0
36,439,0
2,440,0
36,440,0
2,441,0
36,441,0
2,442,0
36,442,0
2,443,0
36,443,0
2,444,0
34,444,0
2,445,0
34,445,0
2,446,0
34,446,0
2,447,0
34,447,0
2,448,0
34,448,0
2,449,0
34,449,0
2,450,0
34,450,0
2,451,0
34,451,0
2,452,0
30,452,0
2,453,0
30,453,0
2,454,0
30,454,0
2,455,0
30,455,0
2,456,0
30,456,0
2,457,0
30,457,0
2,458,0
28,458,0
2,459,0
28,459,0
2,460,0
28,460,0
2,461,0
28,461,0
2,462,0
28,462,0
2,463,0
26,463,0
2,464,0
26,464,0
2,465,0
26,465,0
2,466,0
26,466,0
2,467,0
26,467,0
2,468,0
26,468,0
2,469,0
26,469,0
2,470,0
26,470,0
2,471,0
26,471,0
2,472,0
26,472,0
2,473,0
26,473,0
2,474,0
26,474,0
2,475,0
26,475,0
2,476,0
26,476,0
2,477,0
26,477,0
2,478,0
26,478,0
2,479,0
26,479,0
2,480,0
26,480,0
2,481,0
26,481,0
2,482,0
24,482,0
2,483,0
24,483,0
2,484,0
24,484,0
2,485,0
24,485,0
2,486,0
24,486,0
2,487,0
24,487,0
2,488,0
24,488,0
2,489,0
24,489,0
2,490,0
22,490,0
2,491,0
22,491,0
2,492,0
22,492,0
2,493,0
22,493,0
2,494,0
22,494,0
2,495,0
22,495,0
2,496,0
22,496,0
2,497,0
22,497,0
2,498,0
22,498,0
2,499,0
22,499,0
2,500,0
22,500,0
2,501,0
22,501,0
2,502,0
22,502,0
2,503,0
22,503,0
2,504,0
20,504,0
2,505,0
20,505,0
2,506,0
20,506,0
2,507,0
20,507,0
2,508,0
20,508,0
2,509,0
20,509,0
2,510,0
20,510,0
2,511,0
20,511,0
2,512,0
20,512,0
2,513,0
20,513,0
2,514,0
20,514,0
2,515,0
20,515,0
2,516,0
20,516,0
2,517,0
20,517,0
2,518,0
20,518,0
2,519,0
20,519,0
2,520,0
18,520,0
2,521,0
18,521,0
2,522,0
18,522,0
2,523,0
18,523,0
2,524,0
16,524,0
2,525,0
16,525,0
2,526,0
14,526,0
2,527,0
14,527,0
2,528,0
14,528,0
2,529,0
14,529,0
2,530,0
14,530,0
2,531,0
14,531,0
2,532,0
14,532,0
2,533,0
14,533,0
2,534,0
14,534,0
2,535,0
14,535,0
2,536,0
14,536,0
2,537,0
14,537,0
2,538,0
12,538,0
2,539,0
10,539,0
2,540,0
10,540,0
2,541,0
10,541,0
2,542,0
10,542,0
2,543,0
10,543,0
2,544,0
10,544,0
2,545,0
10,545,0
2,546,0
10,546,0
2,547,0
10,547,0
2,548,0
10,548,0
2,549,0
10,549,0
2,550,0
10,550,0
2,551,0
10,551,0
2,552,0
10,552,0
2,553,0
10,553,0
2,554,0
10,554,0
2,555,0
10,555,0
2,556,0
10,556,0
2,557,0
8,557,0
2,558,0
8,558,0
2,559,0
8,559,0
2,560,0
8,560,0
2,561,0
8,561,0
2,562,0
8,562,0
2,563,0
8,563,0
2,564,0
8,564,0
2,565,0
6,565,0
2,566,0
6,566,0
2,567,0
6,567,0
2,568,0
6,568,0
2,569,0
6,569,0
2,570,0
6,570,0
2,571,0
6,571,0
2,572,0
6,572,0
2,573,0
6,573,0
2,574,0
6,574,0
2,575,0
6,575,0
2,576,0
6,576,0
2,577,0
6,577,0
2,578,0
6,578,0
2,579,0
6,579,0
2,580,0
6,580,0
2,581,0
6,581,0
2,582,0
6,582,0
2,583,0
6,583,0
2,584,0
6,584,0
2,585,0
6,585,0
2,586,0
6,586,0
2,587,0
6,587,0
2,588,0
6,588,0
2,589,0
6,589,0
2,590,0
6,590,0
2,591,0
6,591,0
2,592,0
6,592,0
2,593,0
6,593,0
2,594,0
6,594,0
2,595,0
6,595,0
2,596,0
6,596,0
2,597,0
6,597,0
2,598,0
6,598,0
2,599,0
6,599,0
2,600,0
6,600,0
2,601,0
6,601,0
2,602,0
6,602,0
2,603,0
6,603,0
2,604,0
6,604,0
2,605,0
6,605,0
2,606,0
4,606,0
2,607,0
4,607,0
2,608,0
4,608,0
2,609,0
4,609,0
2,610,0
4,610,0
2,611,0
4,611,0
2,612,0
4,612,0
2,613,0
4,613,0
2,614,0
4,614,0
2,615,0
4,615,0
2,616,0
4,616,0
2,617,0
4,617,0
2,618,0
4,618,0
2,619,0
4,619,0
2,620,0
4,620,0
2,621,0
4,621,0
