1,1,0
1542,1,0
1,2,0
1456,2,0
1,3,0
1296,3,0
1,4,0
1295,4,0
1,5,0
1206,5,0
1,6,0
1189,6,0
1,7,0
1176,7,0
1,8,0
1134,8,0
1,9,0
1085,9,0
1,10,0
1076,10,0
1,11,0
1069,11,0
1,12,0
1050,12,0
1,13,0
1045,13,0
1,14,0
1043,14,0
1,15,0
976,15,0
1,16,0
963,16,0
1,17,0
958,17,0
1,18,0
955,18,0
1,19,0
941,19,0
1,20,0
936,20,0
1,21,0
915,21,0
1,22,0
898,22,0
1,23,0
894,23,0
1,24,0
879,24,0
1,25,0
868,25,0
1,26,0
859,26,0
1,27,0
855,27,0
1,28,0
835,28,0
1,29,0
834,29,0
1,30,0
828,30,0
1,31,0
826,31,0
1,32,0
819,32,0
1,33,0
818,33,0
1,34,0
817,34,0
1,35,0
785,35,0
1,36,0
776,36,0
1,37,0
765,37,0
1,38,0
758,38,0
1,39,0
752,39,0
1,40,0
748,40,0
1,41,0
744,41,0
1,42,0
742,42,0
1,43,0
739,43,0
1,44,0
737,44,0
1,45,0
736,45,0
1,46,0
735,46,0
1,47,0
730,47,0
1,48,0
726,48,0
1,49,0
715,49,0
1,50,0
693,50,0
1,51,0
689,51,0
1,52,0
673,52,0
1,53,0
666,53,0
1,54,0
665,54,0
1,55,0
664,55,0
1,56,0
653,56,0
1,57,0
651,57,0
1,58,0
637,58,0
1,59,0
635,59,0
1,60,0
632,60,0
1,61,0
617,61,0
1,62,0
615,62,0
1,63,0
611,63,0
1,64,0
610,64,0
1,65,0
604,65,0
1,66,0
589,66,0
1,67,0
585,67,0
1,68,0
580,68,0
1,69,0
569,69,0
1,70,0
566,70,0
1,71,0
562,71,0
1,72,0
553,72,0
1,73,0
552,73,0
1,74,0
550,74,0
1,75,0
542,75,0
1,76,0
537,76,0
1,77,0
536,77,0
1,78,0
530,78,0
1,79,0
526,79,0
1,80,0
511,80,0
1,81,0
508,81,0
1,82,0
498,82,0
1,83,0
490,83,0
1,84,0
488,84,0
1,85,0
477,85,0
1,86,0
476,86,0
1,87,0
473,87,0
1,88,0
471,88,0
1,89,0
469,89,0
1,90,0
465,90,0
1,91,0
463,91,0
1,92,0
460,92,0
1,93,0
459,93,0
1,94,0
453,94,0
1,95,0
444,95,0
1,96,0
430,96,0
1,97,0
428,97,0
1,98,0
414,98,0
1,99,0
413,99,0
1,100,0
411,100,0
1,101,0
408,101,0
1,102,0
406,102,0
1,103,0
402,103,0
1,104,0
393,104,0
1,105,0
389,105,0
1,106,0
388,106,0
1,107,0
384,107,0
1,108,0
376,108,0
1,109,0
374,109,0
1,110,0
367,110,0
1,111,0
358,111,0
1,112,0
355,112,0
1,113,0
353,113,0
1,114,0
350,114,0
1,115,0
349,115,0
1,116,0
348,116,0
1,117,0
347,117,0
1,118,0
344,118,0
1,119,0
341,119,0
1,120,0
339,120,0
1,121,0
338,121,0
1,122,0
327,122,0
1,123,0
321,123,0
1,124,0
318,124,0
1,125,0
317,125,0
1,126,0
314,126,0
1,127,0
308,127,0
1,128,0
298,128,0
1,129,0
293,129,0
1,130,0
284,130,0
1,131,0
283,131,0
1,132,0
280,132,0
1,133,0
278,133,0
1,134,0
274,134,0
1,135,0
271,135,0
1,136,0
267,136,0
1,137,0
261,137,0
1,138,0
258,138,0
1,139,0
256,139,0
1,140,0
254,140,0
1,141,0
252,141,0
1,142,0
251,142,0
1,143,0
249,143,0
1,144,0
243,144,0
1,145,0
241,145,0
1,146,0
240,146,0
1,147,0
239,147,0
1,148,0
237,148,0
1,149,0
235,149,0
1,150,0
234,150,0
1,151,0
233,151,0
1,152,0
231,152,0
1,153,0
226,153,0
1,154,0
225,154,0
1,155,0
224,155,0
1,156,0
223,156,0
1,157,0
219,157,0
1,158,0
216,158,0
1,159,0
212,159,0
1,160,0
211,160,0
1,161,0
204,161,0
1,162,0
201,162,0
1,163,0
199,163,0
1,164,0
196,164,0
1,165,0
195,165,0
1,166,0
191,166,0
1,167,0
189,167,0
1,168,0
183,168,0
1,169,0
182,169,0
1,170,0
180,170,0
1,171,0
178,171,0
1,172,0
174,172,0
1,173,0
170,173,0
1,174,0
168,174,0
1,175,0
165,175,0
1,176,0
162,176,0
1,177,0
159,177,0
1,178,0
158,178,0
1,179,0
157,179,0
1,180,0
156,180,0
1,181,0
155,181,0
1,182,0
154,182,0
1,183,0
153,183,0
1,184,0
151,184,0
1,185,0
149,185,0
1,186,0
147,186,0
1,187,0
146,187,0
1,188,0
145,188,0
1,189,0
141,189,0
1,190,0
140,190,0
1,191,0
133,191,0
1,192,0
132,192,0
1,193,0
130,193,0
1,194,0
125,194,0
1,195,0
122,195,0
1,196,0
119,196,0
1,197,0
118,197,0
1,198,0
116,198,0
1,199,0
115,199,0
1,200,0
113,200,0
1,201,0
112,201,0
1,202,0
110,202,0
1,203,0
108,203,0
1,204,0
102,204,0
1,205,0
100,205,0
1,206,0
99,206,0
1,207,0
98,207,0
1,208,0
95,208,0
1,209,0
94,209,0
1,210,0
93,210,0
1,211,0
92,211,0
1,212,0
88,212,0
1,213,0
85,213,0
1,214,0
81,214,0
1,215,0
74,215,0
1,216,0
72,216,0
1,217,0
71,217,0
1,218,0
69,218,0
1,219,0
67,219,0
1,220,0
66,220,0
1,221,0
65,221,0
1,222,0
64,222,0
1,223,0
63,223,0
1,224,0
58,224,0
1,225,0
57,225,0
1,226,0
56,226,0
1,227,0
54,227,0
1,228,0
50,228,0
1,229,0
48,229,0
1,230,0
46,230,0
1,231,0
41,231,0
1,232,0
39,232,0
1,233,0
30,233,0
1,234,0
28,234,0
1,235,0
26,235,0
1,236,0
24,236,0
1,237,0
22,237,0
1,238,0
14,238,0
1,239,0
10,239,0
1,240,0
8,240,0
1,241,0
6,241,0
1,242,0
5,242,0
1,243,0
4,243,0
1,244,0
3,244,0
1,245,0
2,245,0
1,246,0
1,246,0
