2,2,0
2,2,0
2,3,0
4,3,0
2,4,0
6,4,0
2,5,0
8,5,0
2,6,0
10,6,0
2,7,0
12,7,0
2,8,0
14,8,0
2,9,0
16,9,0
2,10,0
18,10,0
2,11,0
20,11,0
2,12,0
22,12,0
2,13,0
24,13,0
2,14,0
26,14,0
2,15,0
28,15,0
2,16,0
30,16,0
2,17,0
32,17,0
2,18,0
34,18,0
2,19,0
36,19,0
2,20,0
38,20,0
2,21,0
40,21,0
2,22,0
42,22,0
2,23,0
44,23,0
2,24,0
46,24,0
2,25,0
48,25,0
2,26,0
50,26,0
2,27,0
52,27,0
2,28,0
54,28,0
2,29,0
56,29,0
2,30,0
58,30,0
2,31,0
60,31,0
2,32,0
62,32,0
2,33,0
64,33,0
2,34,0
66,34,0
2,35,0
68,35,0
2,36,0
70,36,0
2,37,0
72,37,0
2,38,0
74,38,0
2,39,0
76,39,0
2,40,0
78,40,0
2,41,0
80,41,0
2,42,0
82,42,0
2,43,0
84,43,0
2,44,0
86,44,0
2,45,0
88,45,0
2,46,0
90,46,0
2,47,0
92,47,0
2,48,0
94,48,0
2,49,0
96,49,0
2,50,0
98,50,0
2,51,0
100,51,0
2,52,0
102,52,0
2,53,0
104,53,0
2,54,0
106,54,0
2,55,0
108,55,0
2,56,0
110,56,0
2,57,0
112,57,0
2,58,0
114,58,0
2,59,0
116,59,0
2,60,0
118,60,0
2,61,0
120,61,0
2,62,0
122,62,0
2,63,0
124,63,0
2,64,0
126,64,0
2,65,0
128,65,0
2,66,0
130,66,0
2,67,0
132,67,0
2,68,0
134,68,0
2,69,0
136,69,0
2,70,0
138,70,0
2,71,0
140,71,0
2,72,0
142,72,0
2,73,0
144,73,0
2,74,0
146,74,0
2,75,0
148,75,0
2,76,0
150,76,0
2,77,0
152,77,0
2,78,0
154,78,0
2,79,0
156,79,0
2,80,0
158,80,0
2,81,0
160,81,0
2,82,0
162,82,0
2,83,0
164,83,0
2,84,0
166,84,0
2,85,0
168,85,0
2,86,0
170,86,0
2,87,0
172,87,0
2,88,0
174,88,0
2,89,0
176,89,0
2,90,0
178,90,0
2,91,0
180,91,0
2,92,0
182,92,0
2,93,0
184,93,0
2,94,0
186,94,0
2,95,0
188,95,0
2,96,0
190,96,0
2,97,0
192,97,0
2,98,0
194,98,0
2,99,0
196,99,0
2,100,0
198,100,0
2,101,0
200,101,0
2,102,0
202,102,0
2,103,0
204,103,0
2,104,0
206,104,0
2,105,0
208,105,0
2,106,0
210,106,0
2,107,0
212,107,0
2,108,0
214,108,0
2,109,0
216,109,0
2,110,0
218,110,0
2,111,0
220,111,0
2,112,0
222,112,0
2,113,0
224,113,0
2,114,0
226,114,0
2,115,0
228,115,0
2,116,0
230,116,0
2,117,0
232,117,0
2,118,0
234,118,0
2,119,0
228,119,0
2,120,0
224,120,0
2,121,0
222,121,0
2,122,0
220,122,0
2,123,0
212,123,0
2,124,0
210,124,0
2,125,0
206,125,0
2,126,0
200,126,0
2,127,0
200,127,0
2,128,0
200,128,0
2,129,0
200,129,0
2,130,0
198,130,0
2,131,0
198,131,0
2,132,0
198,132,0
2,133,0
198,133,0
2,134,0
198,134,0
2,135,0
196,135,0
2,136,0
196,136,0
2,137,0
196,137,0
2,138,0
196,138,0
2,139,0
192,139,0
2,140,0
190,140,0
2,141,0
190,141,0
2,142,0
190,142,0
2,143,0
188,143,0
2,144,0
188,144,0
2,145,0
186,145,0
2,146,0
186,146,0
2,147,0
182,147,0
2,148,0
182,148,0
2,149,0
182,149,0
2,150,0
180,150,0
2,151,0
176,151,0
2,152,0
176,152,0
2,153,0
174,153,0
2,154,0
174,154,0
2,155,0
174,155,0
2,156,0
174,156,0
2,157,0
174,157,0
2,158,0
172,158,0
2,159,0
172,159,0
2,160,0
172,160,0
2,161,0
172,161,0
2,162,0
172,162,0
2,163,0
172,163,0
2,164,0
172,164,0
2,165,0
170,165,0
2,166,0
170,166,0
2,167,0
170,167,0
2,168,0
166,168,0
2,169,0
166,169,0
2,170,0
166,170,0
2,171,0
164,171,0
2,172,0
162,172,0
2,173,0
162,173,0
2,174,0
162,174,0
2,175,0
162,175,0
2,176,0
162,176,0
2,177,0
162,177,0
2,178,0
160,178,0
2,179,0
156,179,0
2,180,0
154,180,0
2,181,0
154,181,0
2,182,0
150,182,0
2,183,0
150,183,0
2,184,0
150,184,0
2,185,0
148,185,0
2,186,0
148,186,0
2,187,0
148,187,0
2,188,0
148,188,0
2,189,0
146,189,0
2,190,0
146,190,0
2,191,0
146,191,0
2,192,0
146,192,0
2,193,0
146,193,0
2,194,0
146,194,0
2,195,0
146,195,0
2,196,0
144,196,0
2,197,0
144,197,0
2,198,0
142,198,0
2,199,0
140,199,0
2,200,0
140,200,0
2,201,0
136,201,0
2,202,0
136,202,0
2,203,0
136,203,0
2,204,0
134,204,0
2,205,0
134,205,0
2,206,0
132,206,0
2,207,0
130,207,0
2,208,0
128,208,0
2,209,0
128,209,0
2,210,0
128,210,0
2,211,0
126,211,0
2,212,0
126,212,0
2,213,0
126,213,0
2,214,0
126,214,0
2,215,0
124,215,0
2,216,0
122,216,0
2,217,0
122,217,0
2,218,0
122,218,0
2,219,0
118,219,0
2,220,0
118,220,0
2,221,0
118,221,0
2,222,0
116,222,0
2,223,0
116,223,0
2,224,0
116,224,0
2,225,0
116,225,0
2,226,0
116,226,0
2,227,0
114,227,0
2,228,0
112,228,0
2,229,0
112,229,0
2,230,0
112,230,0
2,231,0
112,231,0
2,232,0
112,232,0
2,233,0
112,233,0
2,234,0
112,234,0
2,235,0
112,235,0
2,236,0
112,236,0
2,237,0
110,237,0
2,238,0
108,238,0
2,239,0
108,239,0
2,240,0
108,240,0
2,241,0
108,241,0
2,242,0
106,242,0
2,243,0
104,243,0
2,244,0
104,244,0
2,245,0
104,245,0
2,246,0
102,246,0
2,247,0
100,247,0
2,248,0
100,248,0
2,249,0
100,249,0
2,250,0
96,250,0
2,251,0
96,251,0
2,252,0
94,252,0
2,253,0
94,253,0
2,254,0
90,254,0
2,255,0
90,255,0
2,256,0
90,256,0
2,257,0
90,257,0
2,258,0
90,258,0
2,259,0
90,259,0
2,260,0
90,260,0
2,261,0
90,261,0
2,262,0
90,262,0
2,263,0
90,263,0
2,264,0
88,264,0
2,265,0
88,265,0
2,266,0
88,266,0
2,267,0
86,267,0
2,268,0
86,268,0
2,269,0
86,269,0
2,270,0
86,270,0
2,271,0
86,271,0
2,272,0
86,272,0
2,273,0
86,273,0
2,274,0
86,274,0
2,275,0
86,275,0
2,276,0
86,276,0
2,277,0
86,277,0
2,278,0
84,278,0
2,279,0
84,279,0
2,280,0
82,280,0
2,281,0
80,281,0
2,282,0
80,282,0
2,283,0
80,283,0
2,284,0
80,284,0
2,285,0
80,285,0
2,286,0
80,286,0
2,287,0
80,287,0
2,288,0
80,288,0
2,289,0
80,289,0
2,290,0
78,290,0
2,291,0
74,291,0
2,292,0
74,292,0
2,293,0
74,293,0
2,294,0
72,294,0
2,295,0
72,295,0
2,296,0
72,296,0
2,297,0
72,297,0
2,298,0
72,298,0
2,299,0
72,299,0
2,300,0
72,300,0
2,301,0
72,301,0
2,302,0
72,302,0
2,303,0
72,303,0
2,304,0
72,304,0
2,305,0
72,305,0
2,306,0
72,306,0
2,307,0
72,307,0
2,308,0
72,308,0
2,309,0
72,309,0
2,310,0
72,310,0
2,311,0
72,311,0
2,312,0
72,312,0
2,313,0
72,313,0
2,314,0
72,314,0
2,315,0
72,315,0
2,316,0
72,316,0
2,317,0
72,317,0
2,318,0
70,318,0
2,319,0
68,319,0
2,320,0
68,320,0
2,321,0
68,321,0
2,322,0
68,322,0
2,323,0
66,323,0
2,324,0
66,324,0
2,325,0
66,325,0
2,326,0
66,326,0
2,327,0
66,327,0
2,328,0
66,328,0
2,329,0
66,329,0
2,330,0
66,330,0
2,331,0
64,331,0
2,332,0
64,332,0
2,333,0
64,333,0
2,334,0
64,334,0
2,335,0
64,335,0
2,336,0
64,336,0
2,337,0
64,337,0
2,338,0
64,338,0
2,339,0
64,339,0
2,340,0
64,340,0
2,341,0
64,341,0
2,342,0
64,342,0
2,343,0
64,343,0
2,344,0
64,344,0
2,345,0
64,345,0
2,346,0
64,346,0
2,347,0
64,347,0
2,348,0
62,348,0
2,349,0
62,349,0
2,350,0
62,350,0
2,351,0
62,351,0
2,352,0
62,352,0
2,353,0
62,353,0
2,354,0
62,354,0
2,355,0
62,355,0
2,356,0
62,356,0
2,357,0
62,357,0
2,358,0
62,358,0
2,359,0
62,359,0
2,360,0
60,360,0
2,361,0
60,361,0
2,362,0
60,362,0
2,363,0
60,363,0
2,364,0
60,364,0
2,365,0
60,365,0
2,366,0
60,366,0
2,367,0
60,367,0
2,368,0
60,368,0
2,369,0
60,369,0
2,370,0
60,370,0
2,371,0
60,371,0
2,372,0
60,372,0
2,373,0
60,373,0
2,374,0
60,374,0
2,375,0
60,375,0
2,376,0
58,376,0
2,377,0
58,377,0
2,378,0
58,378,0
2,379,0
58,379,0
2,380,0
58,380,0
2,381,0
56,381,0
2,382,0
56,382,0
2,383,0
56,383,0
2,384,0
56,384,0
2,385,0
54,385,0
2,386,0
54,386,0
2,387,0
52,387,0
2,388,0
52,388,0
2,389,0
52,389,0
2,390,0
52,390,0
2,391,0
52,391,0
2,392,0
48,392,0
2,393,0
48,393,0
2,394,0
48,394,0
2,395,0
48,395,0
2,396,0
48,396,0
2,397,0
48,397,0
2,398,0
48,398,0
2,399,0
48,399,0
2,400,0
48,400,0
2,401,0
48,401,0
2,402,0
48,402,0
2,403,0
48,403,0
2,404,0
48,404,0
2,405,0
48,405,0
2,406,0
48,406,0
2,407,0
48,407,0
2,408,0
48,408,0
2,409,0
48,409,0
2,410,0
46,410,0
2,411,0
46,411,0
2,412,0
46,412,0
2,413,0
44,413,0
2,414,0
44,414,0
2,415,0
44,415,0
2,416,0
44,416,0
2,417,0
44,417,0
2,418,0
44,418,0
2,419,0
44,419,0
2,420,0
42,420,0
2,421,0
42,421,0
2,422,0
42,422,0
2,423,0
36,423,0
2,424,0
36,424,0
2,425,0
36,425,0
2,426,0
36,426,0
2,427,0
34,427,0
2,428,0
34,428,0
2,429,0
34,429,0
2,430,0
32,430,0
2,431,0
32,431,0
2,432,0
32,432,0
2,433,0
32,433,0
2,434,0
32,434,0
2,435,0
32,435,0
2,436,0
32,436,0
2,437,0
32,437,0
2,438,0
32,438,0
2,439,0
32,439,0
2,440,0
32,440,0
2,441,0
32,441,0
2,442,0
32,442,0
2,443,0
32,443,0
2,444,0
32,444,0
2,445,0
32,445,0
2,446,0
32,446,0
2,447,0
32,447,0
2,448,0
32,448,0
2,449,0
32,449,0
2,450,0
30,450,0
2,451,0
28,451,0
2,452,0
28,452,0
2,453,0
28,453,0
2,454,0
28,454,0
2,455,0
28,455,0
2,456,0
28,456,0
2,457,0
26,457,0
2,458,0
26,458,0
2,459,0
26,459,0
2,460,0
26,460,0
2,461,0
26,461,0
2,462,0
26,462,0
2,463,0
26,463,0
2,464,0
24,464,0
2,465,0
24,465,0
2,466,0
24,466,0
2,467,0
24,467,0
2,468,0
24,468,0
2,469,0
24,469,0
2,470,0
24,470,0
2,471,0
24,471,0
2,472,0
22,472,0
2,473,0
22,473,0
2,474,0
22,474,0
2,475,0
22,475,0
2,476,0
20,476,0
2,477,0
20,477,0
2,478,0
20,478,0
2,479,0
20,479,0
2,480,0
20,480,0
2,481,0
20,481,0
2,482,0
20,482,0
2,483,0
20,483,0
2,484,0
20,484,0
2,485,0
20,485,0
2,486,0
20,486,0
2,487,0
20,487,0
2,488,0
20,488,0
2,489,0
20,489,0
2,490,0
20,490,0
2,491,0
20,491,0
2,492,0
20,492,0
2,493,0
20,493,0
2,494,0
20,494,0
2,495,0
20,495,0
2,496,0
20,496,0
2,497,0
18,497,0
2,498,0
16,498,0
2,499,0
16,499,0
2,500,0
16,500,0
2,501,0
16,501,0
2,502,0
16,502,0
2,503,0
16,503,0
2,504,0
16,504,0
2,505,0
14,505,0
2,506,0
14,506,0
2,507,0
12,507,0
2,508,0
12,508,0
2,509,0
12,509,0
2,510,0
12,510,0
2,511,0
12,511,0
2,512,0
12,512,0
2,513,0
12,513,0
2,514,0
12,514,0
2,515,0
12,515,0
2,516,0
12,516,0
2,517,0
12,517,0
2,518,0
12,518,0
2,519,0
12,519,0
2,520,0
12,520,0
2,521,0
12,521,0
2,522,0
12,522,0
2,523,0
12,523,0
2,524,0
12,524,0
2,525,0
12,525,0
2,526,0
12,526,0
2,527,0
12,527,0
2,528,0
12,528,0
2,529,0
12,529,0
2,530,0
12,530,0
2,531,0
12,531,0
2,532,0
12,532,0
2,533,0
12,533,0
2,534,0
12,534,0
2,535,0
12,535,0
2,536,0
12,536,0
2,537,0
12,537,0
2,538,0
12,538,0
2,539,0
12,539,0
2,540,0
12,540,0
2,541,0
12,541,0
2,542,0
12,542,0
2,543,0
12,543,0
2,544,0
12,544,0
2,545,0
12,545,0
2,546,0
10,546,0
2,547,0
10,547,0
2,548,0
10,548,0
2,549,0
10,549,0
2,550,0
10,550,0
2,551,0
10,551,0
2,552,0
10,552,0
2,553,0
10,553,0
2,554,0
10,554,0
2,555,0
10,555,0
2,556,0
10,556,0
2,557,0
10,557,0
2,558,0
10,558,0
2,559,0
10,559,0
2,560,0
10,560,0
2,561,0
10,561,0
2,562,0
10,562,0
2,563,0
10,563,0
2,564,0
10,564,0
2,565,0
10,565,0
2,566,0
10,566,0
2,567,0
10,567,0
2,568,0
10,568,0
2,569,0
10,569,0
2,570,0
10,570,0
2,571,0
10,571,0
2,572,0
10,572,0
2,573,0
10,573,0
2,574,0
10,574,0
2,575,0
10,575,0
2,576,0
10,576,0
2,577,0
10,577,0
2,578,0
10,578,0
2,579,0
10,579,0
2,580,0
10,580,0
2,581,0
10,581,0
2,582,0
10,582,0
2,583,0
10,583,0
2,584,0
10,584,0
2,585,0
10,585,0
2,586,0
10,586,0
2,587,0
10,587,0
2,588,0
10,588,0
2,589,0
10,589,0
2,590,0
10,590,0
2,591,0
10,591,0
2,592,0
10,592,0
2,593,0
10,593,0
2,594,0
10,594,0
2,595,0
10,595,0
2,596,0
10,596,0
2,597,0
10,597,0
2,598,0
10,598,0
2,599,0
10,599,0
2,600,0
10,600,0
2,601,0
10,601,0
2,602,0
10,602,0
2,603,0
10,603,0
2,604,0
10,604,0
2,605,0
10,605,0
2,606,0
10,606,0
2,607,0
10,607,0
2,608,0
10,608,0
2,609,0
10,609,0
2,610,0
10,610,0
2,611,0
10,611,0
2,612,0
8,612,0
2,613,0
8,613,0
2,614,0
8,614,0
2,615,0
8,615,0
2,616,0
8,616,0
2,617,0
8,617,0
2,618,0
8,618,0
2,619,0
8,619,0
2,620,0
8,620,0
2,621,0
8,621,0
2,622,0
8,622,0
2,623,0
8,623,0
2,624,0
8,624,0
2,625,0
8,625,0
2,626,0
8,626,0
2,627,0
8,627,0
2,628,0
8,628,0
2,629,0
8,629,0
2,630,0
8,630,0
2,631,0
8,631,0
2,632,0
6,632,0
2,633,0
6,633,0
2,634,0
6,634,0
2,635,0
6,635,0
2,636,0
6,636,0
2,637,0
6,637,0
2,638,0
6,638,0
2,639,0
6,639,0
2,640,0
6,640,0
2,641,0
6,641,0
2,642,0
6,642,0
2,643,0
6,643,0
2,644,0
6,644,0
2,645,0
6,645,0
2,646,0
6,646,0
2,647,0
6,647,0
2,648,0
6,648,0
2,649,0
6,649,0
2,650,0
6,650,0
2,651,0
6,651,0
2,652,0
6,652,0
2,653,0
6,653,0
2,654,0
6,654,0
2,655,0
6,655,0
2,656,0
6,656,0
2,657,0
6,657,0
2,658,0
6,658,0
2,659,0
6,659,0
2,660,0
6,660,0
2,661,0
6,661,0
2,662,0
6,662,0
2,663,0
6,663,0
2,664,0
6,664,0
2,665,0
6,665,0
2,666,0
6,666,0
2,667,0
6,667,0
2,668,0
6,668,0
2,669,0
6,669,0
2,670,0
6,670,0
2,671,0
6,671,0
2,672,0
6,672,0
2,673,0
6,673,0
2,674,0
6,674,0
2,675,0
6,675,0
2,676,0
6,676,0
2,677,0
6,677,0
2,678,0
6,678,0
2,679,0
6,679,0
2,680,0
6,680,0
2,681,0
6,681,0
2,682,0
6,682,0
2,683,0
6,683,0
2,684,0
6,684,0
2,685,0
6,685,0
2,686,0
6,686,0
2,687,0
6,687,0
2,688,0
6,688,0
2,689,0
6,689,0
2,690,0
6,690,0
2,691,0
6,691,0
2,692,0
6,692,0
2,693,0
6,693,0
2,694,0
6,694,0
2,695,0
6,695,0
2,696,0
6,696,0
2,697,0
6,697,0
2,698,0
6,698,0
2,699,0
6,699,0
2,700,0
6,700,0
2,701,0
6,701,0
2,702,0
6,702,0
2,703,0
6,703,0
2,704,0
6,704,0
2,705,0
6,705,0
2,706,0
6,706,0
2,707,0
6,707,0
2,708,0
6,708,0
2,709,0
6,709,0
2,710,0
6,710,0
2,711,0
6,711,0
2,712,0
6,712,0
2,713,0
6,713,0
2,714,0
6,714,0
2,715,0
6,715,0
2,716,0
6,716,0
2,717,0
6,717,0
2,718,0
6,718,0
2,719,0
6,719,0
2,720,0
6,720,0
2,721,0
6,721,0
2,722,0
6,722,0
2,723,0
6,723,0
2,724,0
6,724,0
2,725,0
6,725,0
2,726,0
6,726,0
2,727,0
6,727,0
2,728,0
6,728,0
2,729,0
6,729,0
2,730,0
6,730,0
2,731,0
6,731,0
2,732,0
6,732,0
2,733,0
6,733,0
2,734,0
6,734,0
2,735,0
6,735,0
2,736,0
6,736,0
2,737,0
6,737,0
2,738,0
6,738,0
2,739,0
6,739,0
2,740,0
6,740,0
2,741,0
6,741,0
2,742,0
6,742,0
2,743,0
6,743,0
2,744,0
6,744,0
2,745,0
6,745,0
2,746,0
6,746,0
2,747,0
6,747,0
2,748,0
6,748,0
2,749,0
6,749,0
2,750,0
6,750,0
2,751,0
6,751,0
2,752,0
6,752,0
2,753,0
6,753,0
2,754,0
6,754,0
2,755,0
6,755,0
2,756,0
6,756,0
2,757,0
6,757,0
2,758,0
6,758,0
2,759,0
6,759,0
2,760,0
6,760,0
2,761,0
6,761,0
2,762,0
6,762,0
2,763,0
6,763,0
2,764,0
6,764,0
2,765,0
6,765,0
2,766,0
6,766,0
2,767,0
6,767,0
2,768,0
6,768,0
2,769,0
6,769,0
2,770,0
6,770,0
2,771,0
6,771,0
2,772,0
6,772,0
2,773,0
6,773,0
2,774,0
6,774,0
2,775,0
6,775,0
2,776,0
6,776,0
2,777,0
6,777,0
2,778,0
6,778,0
2,779,0
6,779,0
2,780,0
6,780,0
2,781,0
6,781,0
2,782,0
6,782,0
2,783,0
6,783,0
2,784,0
6,784,0
2,785,0
6,785,0
2,786,0
6,786,0
2,787,0
6,787,0
2,788,0
6,788,0
2,789,0
6,789,0
2,790,0
6,790,0
2,791,0
6,791,0
2,792,0
6,792,0
2,793,0
6,793,0
2,794,0
6,794,0
2,795,0
6,795,0
2,796,0
6,796,0
2,797,0
6,797,0
2,798,0
6,798,0
2,799,0
6,799,0
2,800,0
6,800,0
2,801,0
6,801,0
2,802,0
6,802,0
2,803,0
6,803,0
2,804,0
6,804,0
2,805,0
6,805,0
2,806,0
6,806,0
2,807,0
6,807,0
2,808,0
6,808,0
2,809,0
6,809,0
2,810,0
6,810,0
2,811,0
6,811,0
2,812,0
6,812,0
2,813,0
6,813,0
2,814,0
6,814,0
2,815,0
6,815,0
2,816,0
6,816,0
2,817,0
6,817,0
2,818,0
6,818,0
2,819,0
6,819,0
2,820,0
6,820,0
2,821,0
6,821,0
2,822,0
6,822,0
2,823,0
6,823,0
2,824,0
6,824,0
2,825,0
6,825,0
2,826,0
6,826,0
2,827,0
6,827,0
2,828,0
6,828,0
2,829,0
6,829,0
2,830,0
6,830,0
2,831,0
6,831,0
2,832,0
6,832,0
2,833,0
6,833,0
2,834,0
6,834,0
2,835,0
6,835,0
2,836,0
6,836,0
2,837,0
6,837,0
2,838,0
6,838,0
2,839,0
6,839,0
2,840,0
6,840,0
2,841,0
6,841,0
2,842,0
6,842,0
2,843,0
6,843,0
2,844,0
6,844,0
2,845,0
6,845,0
2,846,0
6,846,0
2,847,0
6,847,0
2,848,0
6,848,0
2,849,0
6,849,0
2,850,0
6,850,0
2,851,0
6,851,0
2,852,0
6,852,0
2,853,0
6,853,0
2,854,0
6,854,0
2,855,0
6,855,0
2,856,0
6,856,0
2,857,0
6,857,0
2,858,0
6,858,0
2,859,0
6,859,0
2,860,0
6,860,0
2,861,0
6,861,0
2,862,0
6,862,0
2,863,0
6,863,0
2,864,0
6,864,0
2,865,0
6,865,0
2,866,0
6,866,0
2,867,0
6,867,0
2,868,0
6,868,0
2,869,0
6,869,0
2,870,0
6,870,0
2,871,0
6,871,0
2,872,0
6,872,0
2,873,0
6,873,0
2,874,0
6,874,0
2,875,0
6,875,0
2,876,0
6,876,0
2,877,0
6,877,0
2,878,0
6,878,0
2,879,0
6,879,0
2,880,0
6,880,0
2,881,0
6,881,0
2,882,0
6,882,0
2,883,0
6,883,0
2,884,0
6,884,0
2,885,0
6,885,0
2,886,0
6,886,0
2,887,0
6,887,0
2,888,0
6,888,0
2,889,0
6,889,0
2,890,0
4,890,0
2,891,0
4,891,0
2,892,0
2,892,0
2,893,0
2,893,0
2,894,0
2,894,0
2,895,0
2,895,0
2,896,0
2,896,0
2,897,0
2,897,0
2,898,0
2,898,0
2,899,0
2,899,0
2,900,0
2,900,0
2,901,0
2,901,0
2,902,0
2,902,0
2,903,0
2,903,0
2,904,0
2,904,0
2,905,0
2,905,0
2,906,0
2,906,0
2,907,0
2,907,0
2,908,0
2,908,0
2,909,0
2,909,0
2,910,0
2,910,0
2,911,0
2,911,0
2,912,0
2,912,0
2,913,0
2,913,0
2,914,0
2,914,0
2,915,0
2,915,0
2,916,0
2,916,0
2,917,0
2,917,0
2,918,0
2,918,0
2,919,0
2,919,0
2,920,0
2,920,0
2,921,0
2,921,0
2,922,0
2,922,0
2,923,0
2,923,0
2,924,0
2,924,0
2,925,0
2,925,0
2,926,0
2,926,0
2,927,0
2,927,0
2,928,0
2,928,0
2,929,0
2,929,0
2,930,0
2,930,0
2,931,0
2,931,0
2,932,0
2,932,0
2,933,0
2,933,0
2,934,0
2,934,0
2,935,0
2,935,0
2,936,0
2,936,0
2,937,0
2,937,0
2,938,0
2,938,0
2,939,0
2,939,0
2,940,0
2,940,0
2,941,0
2,941,0
2,942,0
2,942,0
2,943,0
2,943,0
2,944,0
2,944,0
2,945,0
2,945,0
2,946,0
2,946,0
2,947,0
2,947,0
2,948,0
2,948,0
2,949,0
2,949,0
2,950,0
2,950,0
2,951,0
2,951,0
2,952,0
2,952,0
2,953,0
2,953,0
2,954,0
2,954,0
2,955,0
2,955,0
2,956,0
2,956,0
2,957,0
2,957,0
2,958,0
2,958,0
2,959,0
2,959,0
2,960,0
2,960,0
2,961,0
2,961,0
2,962,0
2,962,0
2,963,0
2,963,0
2,964,0
2,964,0
2,965,0
2,965,0
2,966,0
2,966,0
2,967,0
2,967,0
2,968,0
2,968,0
2,969,0
2,969,0
2,970,0
2,970,0
2,971,0
2,971,0
2,972,0
2,972,0
2,973,0
2,973,0
2,974,0
2,974,0
2,975,0
2,975,0
2,976,0
2,976,0
2,977,0
2,977,0
2,978,0
2,978,0
2,979,0
2,979,0
2,980,0
2,980,0
2,981,0
2,981,0
2,982,0
2,982,0
2,983,0
2,983,0
2,984,0
2,984,0
2,985,0
2,985,0
2,986,0
2,986,0
2,987,0
2,987,0
2,988,0
2,988,0
2,989,0
2,989,0
2,990,0
2,990,0
2,991,0
2,991,0
2,992,0
2,992,0
2,993,0
2,993,0
2,994,0
2,994,0
2,995,0
2,995,0
2,996,0
2,996,0
2,997,0
2,997,0
2,998,0
2,998,0
2,999,0
2,999,0
2,1000,0
2,1000,0
2,1001,0
2,1001,0
2,1002,0
2,1002,0
2,1003,0
2,1003,0
2,1004,0
2,1004,0
2,1005,0
2,1005,0
2,1006,0
2,1006,0
2,1007,0
2,1007,0
2,1008,0
2,1008,0
2,1009,0
2,1009,0
2,1010,0
2,1010,0
2,1011,0
2,1011,0
2,1012,0
2,1012,0
2,1013,0
2,1013,0
2,1014,0
2,1014,0
2,1015,0
2,1015,0
2,1016,0
2,1016,0
2,1017,0
2,1017,0
2,1018,0
2,1018,0
2,1019,0
2,1019,0
2,1020,0
2,1020,0
2,1021,0
2,1021,0
2,1022,0
2,1022,0
2,1023,0
2,1023,0
2,1024,0
2,1024,0
2,1025,0
2,1025,0
2,1026,0
2,1026,0
2,1027,0
2,1027,0
2,1028,0
2,1028,0
2,1029,0
2,1029,0
2,1030,0
2,1030,0
2,1031,0
2,1031,0
2,1032,0
2,1032,0
2,1033,0
2,1033,0
2,1034,0
2,1034,0
2,1035,0
2,1035,0
2,1036,0
2,1036,0
2,1037,0
2,1037,0
2,1038,0
2,1038,0
2,1039,0
2,1039,0
2,1040,0
2,1040,0
2,1041,0
2,1041,0
2,1042,0
2,1042,0
2,1043,0
2,1043,0
2,1044,0
2,1044,0
2,1045,0
2,1045,0
2,1046,0
2,1046,0
2,1047,0
2,1047,0
2,1048,0
2,1048,0
2,1049,0
2,1049,0
2,1050,0
2,1050,0
2,1051,0
2,1051,0
2,1052,0
2,1052,0
2,1053,0
2,1053,0
2,1054,0
2,1054,0
2,1055,0
2,1055,0
2,1056,0
2,1056,0
2,1057,0
2,1057,0
2,1058,0
2,1058,0
2,1059,0
2,1059,0
2,1060,0
2,1060,0
2,1061,0
2,1061,0
2,1062,0
2,1062,0
2,1063,0
2,1063,0
2,1064,0
2,1064,0
2,1065,0
2,1065,0
2,1066,0
2,1066,0
2,1067,0
2,1067,0
2,1068,0
2,1068,0
2,1069,0
2,1069,0
2,1070,0
2,1070,0
2,1071,0
2,1071,0
2,1072,0
2,1072,0
2,1073,0
2,1073,0
2,1074,0
2,1074,0
2,1075,0
2,1075,0
2,1076,0
2,1076,0
2,1077,0
2,1077,0
2,1078,0
2,1078,0
2,1079,0
2,1079,0
2,1080,0
2,1080,0
2,1081,0
2,1081,0
2,1082,0
2,1082,0
2,1083,0
2,1083,0
2,1084,0
2,1084,0
2,1085,0
2,1085,0
2,1086,0
2,1086,0
2,1087,0
2,1087,0
2,1088,0
2,1088,0
2,1089,0
2,1089,0
2,1090,0
2,1090,0
2,1091,0
2,1091,0
2,1092,0
2,1092,0
2,1093,0
2,1093,0
2,1094,0
2,1094,0
2,1095,0
2,1095,0
2,1096,0
2,1096,0
2,1097,0
2,1097,0
2,1098,0
2,1098,0
2,1099,0
2,1099,0
2,1100,0
2,1100,0
2,1101,0
2,1101,0
2,1102,0
2,1102,0
2,1103,0
2,1103,0
2,1104,0
2,1104,0
2,1105,0
2,1105,0
2,1106,0
2,1106,0
2,1107,0
2,1107,0
2,1108,0
2,1108,0
2,1109,0
2,1109,0
2,1110,0
2,1110,0
2,1111,0
2,1111,0
2,1112,0
2,1112,0
2,1113,0
2,1113,0
2,1114,0
2,1114,0
2,1115,0
2,1115,0
2,1116,0
2,1116,0
2,1117,0
2,1117,0
2,1118,0
2,1118,0
2,1119,0
2,1119,0
2,1120,0
2,1120,0
2,1121,0
2,1121,0
2,1122,0
2,1122,0
2,1123,0
2,1123,0
2,1124,0
2,1124,0
2,1125,0
2,1125,0
2,1126,0
2,1126,0
2,1127,0
2,1127,0
2,1128,0
2,1128,0
2,1129,0
2,1129,0
2,1130,0
2,1130,0
2,1131,0
2,1131,0
2,1132,0
2,1132,0
2,1133,0
2,1133,0
2,1134,0
2,1134,0
2,1135,0
2,1135,0
2,1136,0
2,1136,0
2,1137,0
2,1137,0
2,1138,0
2,1138,0
2,1139,0
2,1139,0
2,1140,0
2,1140,0
2,1141,0
2,1141,0
2,1142,0
2,1142,0
2,1143,0
2,1143,0
2,1144,0
2,1144,0
2,1145,0
2,1145,0
2,1146,0
2,1146,0
2,1147,0
2,1147,0
2,1148,0
2,1148,0
2,1149,0
2,1149,0
2,1150,0
2,1150,0
2,1151,0
2,1151,0
2,1152,0
2,1152,0
2,1153,0
2,1153,0
2,1154,0
2,1154,0
2,1155,0
2,1155,0
2,1156,0
2,1156,0
2,1157,0
2,1157,0
2,1158,0
2,1158,0
2,1159,0
2,1159,0
2,1160,0
2,1160,0
2,1161,0
2,1161,0
2,1162,0
2,1162,0
2,1163,0
2,1163,0
2,1164,0
2,1164,0
2,1165,0
2,1165,0
2,1166,0
2,1166,0
2,1167,0
2,1167,0
2,1168,0
2,1168,0
2,1169,0
2,1169,0
2,1170,0
2,1170,0
2,1171,0
2,1171,0
2,1172,0
2,1172,0
2,1173,0
2,1173,0
2,1174,0
2,1174,0
2,1175,0
2,1175,0
2,1176,0
2,1176,0
2,1177,0
2,1177,0
2,1178,0
2,1178,0
2,1179,0
2,1179,0
2,1180,0
2,1180,0
2,1181,0
2,1181,0
2,1182,0
2,1182,0
2,1183,0
2,1183,0
2,1184,0
2,1184,0
2,1185,0
2,1185,0
2,1186,0
2,1186,0
2,1187,0
2,1187,0
2,1188,0
2,1188,0
2,1189,0
2,1189,0
2,1190,0
2,1190,0
2,1191,0
2,1191,0
2,1192,0
2,1192,0
2,1193,0
2,1193,0
2,1194,0
2,1194,0
2,1195,0
2,1195,0
2,1196,0
2,1196,0
2,1197,0
2,1197,0
2,1198,0
2,1198,0
2,1199,0
2,1199,0
2,1200,0
2,1200,0
2,1201,0
2,1201,0
2,1202,0
2,1202,0
2,1203,0
2,1203,0
2,1204,0
2,1204,0
2,1205,0
2,1205,0
2,1206,0
2,1206,0
2,1207,0
2,1207,0
2,1208,0
2,1208,0
2,1209,0
2,1209,0
2,1210,0
2,1210,0
2,1211,0
2,1211,0
2,1212,0
2,1212,0
2,1213,0
2,1213,0
2,1214,0
2,1214,0
2,1215,0
2,1215,0
2,1216,0
2,1216,0
2,1217,0
2,1217,0
2,1218,0
2,1218,0
2,1219,0
2,1219,0
2,1220,0
2,1220,0
2,1221,0
2,1221,0
2,1222,0
2,1222,0
2,1223,0
2,1223,0
2,1224,0
2,1224,0
2,1225,0
2,1225,0
2,1226,0
2,1226,0
2,1227,0
2,1227,0
2,1228,0
2,1228,0
2,1229,0
2,1229,0
2,1230,0
2,1230,0
2,1231,0
2,1231,0
2,1232,0
2,1232,0
2,1233,0
2,1233,0
2,1234,0
2,1234,0
2,1235,0
2,1235,0
2,1236,0
2,1236,0
2,1237,0
2,1237,0
2,1238,0
2,1238,0
2,1239,0
2,1239,0
2,1240,0
2,1240,0
2,1241,0
2,1241,0
2,1242,0
2,1242,0
2,1243,0
2,1243,0
2,1244,0
2,1244,0
2,1245,0
2,1245,0
2,1246,0
2,1246,0
2,1247,0
2,1247,0
2,1248,0
2,1248,0
2,1249,0
2,1249,0
2,1250,0
2,1250,0
2,1251,0
2,1251,0
2,1252,0
2,1252,0
2,1253,0
2,1253,0
2,1254,0
2,1254,0
2,1255,0
2,1255,0
2,1256,0
2,1256,0
2,1257,0
2,1257,0
2,1258,0
2,1258,0
2,1259,0
2,1259,0
2,1260,0
2,1260,0
2,1261,0
2,1261,0
2,1262,0
2,1262,0
2,1263,0
2,1263,0
2,1264,0
2,1264,0
2,1265,0
2,1265,0
2,1266,0
2,1266,0
2,1267,0
2,1267,0
2,1268,0
2,1268,0
2,1269,0
2,1269,0
2,1270,0
2,1270,0
2,1271,0
2,1271,0
2,1272,0
2,1272,0
2,1273,0
2,1273,0
2,1274,0
2,1274,0
2,1275,0
2,1275,0
2,1276,0
2,1276,0
2,1277,0
2,1277,0
2,1278,0
2,1278,0
2,1279,0
2,1279,0
2,1280,0
2,1280,0
2,1281,0
2,1281,0
2,1282,0
2,1282,0
2,1283,0
2,1283,0
2,1284,0
2,1284,0
2,1285,0
2,1285,0
2,1286,0
2,1286,0
2,1287,0
2,1287,0
2,1288,0
2,1288,0
2,1289,0
2,1289,0
2,1290,0
2,1290,0
2,1291,0
2,1291,0
2,1292,0
2,1292,0
2,1293,0
2,1293,0
2,1294,0
2,1294,0
2,1295,0
2,1295,0
2,1296,0
2,1296,0
2,1297,0
2,1297,0
2,1298,0
2,1298,0
2,1299,0
2,1299,0
2,1300,0
2,1300,0
2,1301,0
2,1301,0
2,1302,0
2,1302,0
2,1303,0
2,1303,0
2,1304,0
2,1304,0
2,1305,0
2,1305,0
2,1306,0
2,1306,0
2,1307,0
2,1307,0
2,1308,0
2,1308,0
2,1309,0
2,1309,0
2,1310,0
2,1310,0
2,1311,0
2,1311,0
2,1312,0
2,1312,0
2,1313,0
2,1313,0
2,1314,0
2,1314,0
2,1315,0
2,1315,0
2,1316,0
2,1316,0
2,1317,0
2,1317,0
2,1318,0
2,1318,0
2,1319,0
2,1319,0
2,1320,0
2,1320,0
2,1321,0
2,1321,0
2,1322,0
2,1322,0
2,1323,0
2,1323,0
2,1324,0
2,1324,0
2,1325,0
2,1325,0
2,1326,0
2,1326,0
2,1327,0
2,1327,0
2,1328,0
2,1328,0
2,1329,0
2,1329,0
2,1330,0
2,1330,0
2,1331,0
2,1331,0
2,1332,0
2,1332,0
2,1333,0
2,1333,0
2,1334,0
2,1334,0
2,1335,0
2,1335,0
2,1336,0
2,1336,0
2,1337,0
2,1337,0
2,1338,0
2,1338,0
2,1339,0
2,1339,0
2,1340,0
2,1340,0
2,1341,0
2,1341,0
2,1342,0
2,1342,0
2,1343,0
2,1343,0
2,1344,0
2,1344,0
2,1345,0
2,1345,0
2,1346,0
2,1346,0
2,1347,0
2,1347,0
2,1348,0
2,1348,0
2,1349,0
2,1349,0
2,1350,0
2,1350,0
2,1351,0
2,1351,0
2,1352,0
2,1352,0
2,1353,0
2,1353,0
2,1354,0
2,1354,0
2,1355,0
2,1355,0
2,1356,0
2,1356,0
2,1357,0
2,1357,0
2,1358,0
2,1358,0
2,1359,0
2,1359,0
2,1360,0
2,1360,0
2,1361,0
2,1361,0
2,1362,0
2,1362,0
2,1363,0
2,1363,0
2,1364,0
2,1364,0
2,1365,0
2,1365,0
2,1366,0
2,1366,0
2,1367,0
2,1367,0
2,1368,0
2,1368,0
2,1369,0
2,1369,0
2,1370,0
2,1370,0
2,1371,0
2,1371,0
2,1372,0
2,1372,0
2,1373,0
2,1373,0
2,1374,0
2,1374,0
2,1375,0
2,1375,0
2,1376,0
2,1376,0
2,1377,0
2,1377,0
2,1378,0
2,1378,0
2,1379,0
2,1379,0
2,1380,0
2,1380,0
2,1381,0
2,1381,0
2,1382,0
2,1382,0
2,1383,0
2,1383,0
2,1384,0
2,1384,0
2,1385,0
2,1385,0
2,1386,0
2,1386,0
2,1387,0
2,1387,0
2,1388,0
2,1388,0
2,1389,0
2,1389,0
2,1390,0
2,1390,0
2,1391,0
2,1391,0
2,1392,0
2,1392,0
