1,1,0
1,1,0
1,2,0
2,2,0
1,3,0
3,3,0
1,4,0
4,4,0
1,5,0
5,5,0
1,6,0
6,6,0
1,7,0
7,7,0
1,8,0
8,8,0
1,9,0
9,9,0
1,10,0
10,10,0
1,11,0
11,11,0
1,12,0
12,12,0
1,13,0
13,13,0
1,14,0
14,14,0
1,15,0
15,15,0
1,16,0
16,16,0
1,17,0
17,17,0
1,18,0
18,18,0
1,19,0
19,19,0
1,20,0
20,20,0
1,21,0
21,21,0
1,22,0
22,22,0
1,23,0
23,23,0
1,24,0
24,24,0
1,25,0
25,25,0
1,26,0
26,26,0
1,27,0
27,27,0
1,28,0
28,28,0
1,29,0
29,29,0
1,30,0
30,30,0
1,31,0
31,31,0
1,32,0
32,32,0
1,33,0
33,33,0
1,34,0
34,34,0
1,35,0
35,35,0
1,36,0
36,36,0
1,37,0
37,37,0
1,38,0
38,38,0
1,39,0
39,39,0
1,40,0
40,40,0
1,41,0
41,41,0
1,42,0
42,42,0
1,43,0
43,43,0
1,44,0
44,44,0
1,45,0
45,45,0
1,46,0
46,46,0
1,47,0
47,47,0
1,48,0
48,48,0
1,49,0
49,49,0
1,50,0
50,50,0
1,51,0
51,51,0
1,52,0
52,52,0
1,53,0
53,53,0
1,54,0
54,54,0
1,55,0
55,55,0
1,56,0
56,56,0
1,57,0
57,57,0
1,58,0
58,58,0
1,59,0
59,59,0
1,60,0
60,60,0
1,61,0
61,61,0
1,62,0
62,62,0
1,63,0
63,63,0
1,64,0
64,64,0
1,65,0
65,65,0
1,66,0
66,66,0
1,67,0
67,67,0
1,68,0
68,68,0
1,69,0
69,69,0
1,70,0
70,70,0
1,71,0
71,71,0
1,72,0
72,72,0
1,73,0
73,73,0
1,74,0
74,74,0
1,75,0
75,75,0
1,76,0
76,76,0
1,77,0
77,77,0
1,78,0
78,78,0
1,79,0
79,79,0
1,80,0
80,80,0
1,81,0
81,81,0
1,82,0
82,82,0
1,83,0
83,83,0
1,84,0
84,84,0
1,85,0
85,85,0
1,86,0
86,86,0
1,87,0
87,87,0
1,88,0
88,88,0
1,89,0
89,89,0
1,90,0
90,90,0
1,91,0
91,91,0
1,92,0
92,92,0
1,93,0
93,93,0
1,94,0
94,94,0
1,95,0
95,95,0
1,96,0
96,96,0
1,97,0
97,97,0
1,98,0
98,98,0
1,99,0
99,99,0
1,100,0
100,100,0
1,101,0
101,101,0
1,102,0
102,102,0
1,103,0
103,103,0
1,104,0
104,104,0
1,105,0
105,105,0
1,106,0
106,106,0
1,107,0
107,107,0
1,108,0
108,108,0
1,109,0
109,109,0
1,110,0
110,110,0
1,111,0
111,111,0
1,112,0
112,112,0
1,113,0
112,113,0
1,114,0
112,114,0
1,115,0
112,115,0
1,116,0
112,116,0
1,117,0
111,117,0
1,118,0
111,118,0
1,119,0
111,119,0
1,120,0
111,120,0
1,121,0
111,121,0
1,122,0
111,122,0
1,123,0
111,123,0
1,124,0
110,124,0
1,125,0
110,125,0
1,126,0
109,126,0
1,127,0
107,127,0
1,128,0
103,128,0
1,129,0
103,129,0
1,130,0
102,130,0
1,131,0
102,131,0
1,132,0
101,132,0
1,133,0
100,133,0
1,134,0
98,134,0
1,135,0
98,135,0
1,136,0
98,136,0
1,137,0
98,137,0
1,138,0
98,138,0
1,139,0
97,139,0
1,140,0
97,140,0
1,141,0
96,141,0
1,142,0
96,142,0
1,143,0
96,143,0
1,144,0
96,144,0
1,145,0
96,145,0
1,146,0
96,146,0
1,147,0
95,147,0
1,148,0
94,148,0
1,149,0
94,149,0
1,150,0
93,150,0
1,151,0
92,151,0
1,152,0
92,152,0
1,153,0
92,153,0
1,154,0
91,154,0
1,155,0
91,155,0
1,156,0
88,156,0
1,157,0
88,157,0
1,158,0
87,158,0
1,159,0
86,159,0
1,160,0
86,160,0
1,161,0
86,161,0
1,162,0
86,162,0
1,163,0
86,163,0
1,164,0
85,164,0
1,165,0
84,165,0
1,166,0
84,166,0
1,167,0
82,167,0
1,168,0
82,168,0
1,169,0
82,169,0
1,170,0
82,170,0
1,171,0
81,171,0
1,172,0
81,172,0
1,173,0
80,173,0
1,174,0
80,174,0
1,175,0
80,175,0
1,176,0
79,176,0
1,177,0
79,177,0
1,178,0
78,178,0
1,179,0
78,179,0
1,180,0
78,180,0
1,181,0
76,181,0
1,182,0
76,182,0
1,183,0
75,183,0
1,184,0
75,184,0
1,185,0
75,185,0
1,186,0
74,186,0
1,187,0
74,187,0
1,188,0
73,188,0
1,189,0
73,189,0
1,190,0
71,190,0
1,191,0
71,191,0
1,192,0
70,192,0
1,193,0
70,193,0
1,194,0
70,194,0
1,195,0
68,195,0
1,196,0
68,196,0
1,197,0
68,197,0
1,198,0
68,198,0
1,199,0
68,199,0
1,200,0
68,200,0
1,201,0
68,201,0
1,202,0
68,202,0
1,203,0
68,203,0
1,204,0
66,204,0
1,205,0
65,205,0
1,206,0
64,206,0
1,207,0
64,207,0
1,208,0
64,208,0
1,209,0
62,209,0
1,210,0
62,210,0
1,211,0
62,211,0
1,212,0
62,212,0
1,213,0
62,213,0
1,214,0
62,214,0
1,215,0
61,215,0
1,216,0
61,216,0
1,217,0
60,217,0
1,218,0
60,218,0
1,219,0
60,219,0
1,220,0
59,220,0
1,221,0
59,221,0
1,222,0
58,222,0
1,223,0
58,223,0
1,224,0
58,224,0
1,225,0
58,225,0
1,226,0
57,226,0
1,227,0
57,227,0
1,228,0
57,228,0
1,229,0
56,229,0
1,230,0
55,230,0
1,231,0
55,231,0
1,232,0
54,232,0
1,233,0
54,233,0
1,234,0
54,234,0
1,235,0
54,235,0
1,236,0
54,236,0
1,237,0
54,237,0
1,238,0
54,238,0
1,239,0
54,239,0
1,240,0
54,240,0
1,241,0
53,241,0
1,242,0
52,242,0
1,243,0
52,243,0
1,244,0
50,244,0
1,245,0
48,245,0
1,246,0
46,246,0
1,247,0
46,247,0
1,248,0
46,248,0
1,249,0
46,249,0
1,250,0
46,250,0
1,251,0
46,251,0
1,252,0
46,252,0
1,253,0
44,253,0
1,254,0
44,254,0
1,255,0
44,255,0
1,256,0
44,256,0
1,257,0
44,257,0
1,258,0
44,258,0
1,259,0
44,259,0
1,260,0
44,260,0
1,261,0
44,261,0
1,262,0
44,262,0
1,263,0
44,263,0
1,264,0
44,264,0
1,265,0
44,265,0
1,266,0
44,266,0
1,267,0
43,267,0
1,268,0
43,268,0
1,269,0
43,269,0
1,270,0
42,270,0
1,271,0
42,271,0
1,272,0
42,272,0
1,273,0
42,273,0
1,274,0
40,274,0
1,275,0
40,275,0
1,276,0
40,276,0
1,277,0
40,277,0
1,278,0
40,278,0
1,279,0
40,279,0
1,280,0
40,280,0
1,281,0
40,281,0
1,282,0
40,282,0
1,283,0
40,283,0
1,284,0
38,284,0
1,285,0
38,285,0
1,286,0
37,286,0
1,287,0
37,287,0
1,288,0
37,288,0
1,289,0
37,289,0
1,290,0
36,290,0
1,291,0
36,291,0
1,292,0
35,292,0
1,293,0
35,293,0
1,294,0
35,294,0
1,295,0
34,295,0
1,296,0
34,296,0
1,297,0
34,297,0
1,298,0
33,298,0
1,299,0
33,299,0
1,300,0
33,300,0
1,301,0
33,301,0
1,302,0
33,302,0
1,303,0
32,303,0
1,304,0
32,304,0
1,305,0
32,305,0
1,306,0
32,306,0
1,307,0
32,307,0
1,308,0
32,308,0
1,309,0
32,309,0
1,310,0
32,310,0
1,311,0
32,311,0
1,312,0
31,312,0
1,313,0
31,313,0
1,314,0
31,314,0
1,315,0
31,315,0
1,316,0
31,316,0
1,317,0
31,317,0
1,318,0
31,318,0
1,319,0
31,319,0
1,320,0
31,320,0
1,321,0
31,321,0
1,322,0
31,322,0
1,323,0
31,323,0
1,324,0
31,324,0
1,325,0
31,325,0
1,326,0
31,326,0
1,327,0
31,327,0
1,328,0
31,328,0
1,329,0
30,329,0
1,330,0
30,330,0
1,331,0
30,331,0
1,332,0
30,332,0
1,333,0
30,333,0
1,334,0
30,334,0
1,335,0
30,335,0
1,336,0
30,336,0
1,337,0
29,337,0
1,338,0
29,338,0
1,339,0
29,339,0
1,340,0
29,340,0
1,341,0
29,341,0
1,342,0
29,342,0
1,343,0
29,343,0
1,344,0
29,344,0
1,345,0
29,345,0
1,346,0
29,346,0
1,347,0
29,347,0
1,348,0
29,348,0
1,349,0
29,349,0
1,350,0
29,350,0
1,351,0
29,351,0
1,352,0
29,352,0
1,353,0
29,353,0
1,354,0
29,354,0
1,355,0
29,355,0
1,356,0
29,356,0
1,357,0
29,357,0
1,358,0
29,358,0
1,359,0
29,359,0
1,360,0
29,360,0
1,361,0
29,361,0
1,362,0
29,362,0
1,363,0
29,363,0
1,364,0
29,364,0
1,365,0
29,365,0
1,366,0
29,366,0
1,367,0
29,367,0
1,368,0
28,368,0
1,369,0
27,369,0
1,370,0
27,370,0
1,371,0
27,371,0
1,372,0
27,372,0
1,373,0
26,373,0
1,374,0
24,374,0
1,375,0
24,375,0
1,376,0
24,376,0
1,377,0
24,377,0
1,378,0
24,378,0
1,379,0
24,379,0
1,380,0
24,380,0
1,381,0
24,381,0
1,382,0
24,382,0
1,383,0
24,383,0
1,384,0
24,384,0
1,385,0
24,385,0
1,386,0
24,386,0
1,387,0
24,387,0
1,388,0
24,388,0
1,389,0
24,389,0
1,390,0
24,390,0
1,391,0
24,391,0
1,392,0
24,392,0
1,393,0
24,393,0
1,394,0
23,394,0
1,395,0
23,395,0
1,396,0
23,396,0
1,397,0
23,397,0
1,398,0
23,398,0
1,399,0
23,399,0
1,400,0
22,400,0
1,401,0
22,401,0
1,402,0
22,402,0
1,403,0
22,403,0
1,404,0
22,404,0
1,405,0
22,405,0
1,406,0
22,406,0
1,407,0
22,407,0
1,408,0
22,408,0
1,409,0
22,409,0
1,410,0
21,410,0
1,411,0
21,411,0
1,412,0
21,412,0
1,413,0
21,413,0
1,414,0
21,414,0
1,415,0
21,415,0
1,416,0
21,416,0
1,417,0
21,417,0
1,418,0
21,418,0
1,419,0
21,419,0
1,420,0
21,420,0
1,421,0
21,421,0
1,422,0
21,422,0
1,423,0
21,423,0
1,424,0
21,424,0
1,425,0
21,425,0
1,426,0
21,426,0
1,427,0
21,427,0
1,428,0
21,428,0
1,429,0
21,429,0
1,430,0
21,430,0
1,431,0
21,431,0
1,432,0
19,432,0
1,433,0
19,433,0
1,434,0
19,434,0
1,435,0
19,435,0
1,436,0
19,436,0
1,437,0
19,437,0
1,438,0
19,438,0
1,439,0
19,439,0
1,440,0
19,440,0
1,441,0
19,441,0
1,442,0
19,442,0
1,443,0
19,443,0
1,444,0
19,444,0
1,445,0
19,445,0
1,446,0
19,446,0
1,447,0
19,447,0
1,448,0
19,448,0
1,449,0
19,449,0
1,450,0
17,450,0
1,451,0
17,451,0
1,452,0
17,452,0
1,453,0
17,453,0
1,454,0
17,454,0
1,455,0
17,455,0
1,456,0
17,456,0
1,457,0
17,457,0
1,458,0
17,458,0
1,459,0
17,459,0
1,460,0
17,460,0
1,461,0
17,461,0
1,462,0
17,462,0
1,463,0
16,463,0
1,464,0
16,464,0
1,465,0
15,465,0
1,466,0
15,466,0
1,467,0
15,467,0
1,468,0
14,468,0
1,469,0
14,469,0
1,470,0
14,470,0
1,471,0
14,471,0
1,472,0
14,472,0
1,473,0
14,473,0
1,474,0
14,474,0
1,475,0
14,475,0
1,476,0
14,476,0
1,477,0
14,477,0
1,478,0
14,478,0
1,479,0
13,479,0
1,480,0
13,480,0
1,481,0
13,481,0
1,482,0
13,482,0
1,483,0
13,483,0
1,484,0
12,484,0
1,485,0
12,485,0
1,486,0
12,486,0
1,487,0
12,487,0
1,488,0
11,488,0
1,489,0
11,489,0
1,490,0
11,490,0
1,491,0
11,491,0
1,492,0
11,492,0
1,493,0
11,493,0
1,494,0
11,494,0
1,495,0
11,495,0
1,496,0
11,496,0
1,497,0
10,497,0
1,498,0
10,498,0
1,499,0
10,499,0
1,500,0
10,500,0
1,501,0
10,501,0
1,502,0
10,502,0
1,503,0
10,503,0
1,504,0
10,504,0
1,505,0
10,505,0
1,506,0
10,506,0
1,507,0
10,507,0
1,508,0
10,508,0
1,509,0
10,509,0
1,510,0
10,510,0
1,511,0
10,511,0
1,512,0
10,512,0
1,513,0
10,513,0
1,514,0
10,514,0
1,515,0
10,515,0
1,516,0
9,516,0
1,517,0
9,517,0
1,518,0
9,518,0
1,519,0
9,519,0
1,520,0
9,520,0
1,521,0
9,521,0
1,522,0
9,522,0
1,523,0
9,523,0
1,524,0
9,524,0
1,525,0
9,525,0
1,526,0
9,526,0
1,527,0
9,527,0
1,528,0
9,528,0
1,529,0
9,529,0
1,530,0
8,530,0
1,531,0
8,531,0
1,532,0
8,532,0
1,533,0
8,533,0
1,534,0
8,534,0
1,535,0
8,535,0
1,536,0
8,536,0
1,537,0
8,537,0
1,538,0
8,538,0
1,539,0
8,539,0
1,540,0
8,540,0
1,541,0
8,541,0
1,542,0
8,542,0
1,543,0
8,543,0
1,544,0
8,544,0
1,545,0
8,545,0
1,546,0
8,546,0
1,547,0
8,547,0
1,548,0
8,548,0
1,549,0
8,549,0
1,550,0
8,550,0
1,551,0
8,551,0
1,552,0
8,552,0
1,553,0
8,553,0
1,554,0
8,554,0
1,555,0
8,555,0
1,556,0
8,556,0
1,557,0
8,557,0
1,558,0
8,558,0
1,559,0
8,559,0
1,560,0
8,560,0
1,561,0
8,561,0
1,562,0
8,562,0
1,563,0
8,563,0
1,564,0
8,564,0
1,565,0
8,565,0
1,566,0
8,566,0
1,567,0
8,567,0
1,568,0
8,568,0
1,569,0
8,569,0
1,570,0
8,570,0
1,571,0
8,571,0
1,572,0
8,572,0
1,573,0
8,573,0
1,574,0
8,574,0
1,575,0
8,575,0
1,576,0
8,576,0
1,577,0
8,577,0
1,578,0
8,578,0
1,579,0
8,579,0
1,580,0
8,580,0
1,581,0
8,581,0
1,582,0
8,582,0
1,583,0
8,583,0
1,584,0
8,584,0
1,585,0
8,585,0
1,586,0
8,586,0
1,587,0
8,587,0
1,588,0
8,588,0
1,589,0
8,589,0
1,590,0
8,590,0
1,591,0
8,591,0
1,592,0
8,592,0
1,593,0
8,593,0
1,594,0
8,594,0
1,595,0
8,595,0
1,596,0
8,596,0
1,597,0
8,597,0
1,598,0
8,598,0
1,599,0
8,599,0
1,600,0
8,600,0
1,601,0
8,601,0
1,602,0
8,602,0
1,603,0
8,603,0
1,604,0
8,604,0
1,605,0
8,605,0
1,606,0
8,606,0
1,607,0
8,607,0
1,608,0
8,608,0
1,609,0
8,609,0
1,610,0
8,610,0
1,611,0
8,611,0
1,612,0
8,612,0
1,613,0
8,613,0
1,614,0
8,614,0
1,615,0
8,615,0
1,616,0
8,616,0
1,617,0
8,617,0
1,618,0
8,618,0
1,619,0
8,619,0
1,620,0
8,620,0
1,621,0
8,621,0
1,622,0
8,622,0
1,623,0
8,623,0
1,624,0
8,624,0
1,625,0
8,625,0
1,626,0
7,626,0
1,627,0
7,627,0
1,628,0
7,628,0
1,629,0
7,629,0
1,630,0
7,630,0
1,631,0
7,631,0
1,632,0
7,632,0
1,633,0
7,633,0
1,634,0
7,634,0
1,635,0
7,635,0
1,636,0
7,636,0
1,637,0
7,637,0
1,638,0
7,638,0
1,639,0
7,639,0
1,640,0
7,640,0
1,641,0
7,641,0
1,642,0
7,642,0
1,643,0
7,643,0
1,644,0
7,644,0
1,645,0
7,645,0
1,646,0
7,646,0
1,647,0
7,647,0
1,648,0
7,648,0
1,649,0
7,649,0
1,650,0
7,650,0
1,651,0
7,651,0
1,652,0
7,652,0
1,653,0
7,653,0
1,654,0
7,654,0
1,655,0
7,655,0
1,656,0
7,656,0
1,657,0
7,657,0
1,658,0
7,658,0
1,659,0
7,659,0
1,660,0
7,660,0
1,661,0
7,661,0
1,662,0
7,662,0
1,663,0
7,663,0
1,664,0
7,664,0
1,665,0
7,665,0
1,666,0
7,666,0
1,667,0
7,667,0
1,668,0
7,668,0
1,669,0
7,669,0
1,670,0
7,670,0
1,671,0
7,671,0
1,672,0
7,672,0
1,673,0
7,673,0
1,674,0
7,674,0
1,675,0
7,675,0
1,676,0
7,676,0
1,677,0
7,677,0
1,678,0
7,678,0
1,679,0
7,679,0
1,680,0
7,680,0
1,681,0
7,681,0
1,682,0
7,682,0
1,683,0
7,683,0
1,684,0
7,684,0
1,685,0
7,685,0
1,686,0
7,686,0
1,687,0
7,687,0
1,688,0
7,688,0
1,689,0
7,689,0
1,690,0
6,690,0
1,691,0
6,691,0
1,692,0
6,692,0
1,693,0
6,693,0
1,694,0
6,694,0
1,695,0
5,695,0
1,696,0
5,696,0
1,697,0
5,697,0
1,698,0
5,698,0
1,699,0
5,699,0
1,700,0
5,700,0
1,701,0
5,701,0
1,702,0
5,702,0
1,703,0
5,703,0
1,704,0
5,704,0
1,705,0
5,705,0
1,706,0
4,706,0
1,707,0
4,707,0
1,708,0
4,708,0
1,709,0
4,709,0
1,710,0
4,710,0
1,711,0
4,711,0
1,712,0
4,712,0
1,713,0
4,713,0
1,714,0
4,714,0
1,715,0
4,715,0
1,716,0
4,716,0
1,717,0
4,717,0
1,718,0
4,718,0
1,719,0
4,719,0
1,720,0
4,720,0
1,721,0
4,721,0
1,722,0
4,722,0
1,723,0
4,723,0
1,724,0
4,724,0
1,725,0
4,725,0
1,726,0
4,726,0
1,727,0
4,727,0
1,728,0
4,728,0
1,729,0
4,729,0
1,730,0
4,730,0
1,731,0
4,731,0
1,732,0
4,732,0
1,733,0
4,733,0
1,734,0
4,734,0
1,735,0
4,735,0
1,736,0
4,736,0
1,737,0
4,737,0
1,738,0
4,738,0
1,739,0
4,739,0
1,740,0
4,740,0
1,741,0
4,741,0
1,742,0
4,742,0
1,743,0
4,743,0
1,744,0
4,744,0
1,745,0
4,745,0
1,746,0
4,746,0
1,747,0
3,747,0
1,748,0
3,748,0
1,749,0
3,749,0
1,750,0
3,750,0
1,751,0
3,751,0
1,752,0
3,752,0
1,753,0
3,753,0
1,754,0
3,754,0
1,755,0
3,755,0
1,756,0
3,756,0
1,757,0
3,757,0
1,758,0
3,758,0
1,759,0
3,759,0
1,760,0
3,760,0
1,761,0
3,761,0
1,762,0
3,762,0
1,763,0
3,763,0
1,764,0
3,764,0
1,765,0
3,765,0
1,766,0
3,766,0
1,767,0
3,767,0
1,768,0
3,768,0
1,769,0
3,769,0
1,770,0
3,770,0
1,771,0
3,771,0
1,772,0
3,772,0
1,773,0
3,773,0
1,774,0
3,774,0
1,775,0
3,775,0
1,776,0
3,776,0
1,777,0
3,777,0
1,778,0
3,778,0
1,779,0
3,779,0
1,780,0
3,780,0
1,781,0
3,781,0
1,782,0
3,782,0
1,783,0
3,783,0
1,784,0
3,784,0
1,785,0
3,785,0
1,786,0
3,786,0
1,787,0
3,787,0
1,788,0
3,788,0
1,789,0
3,789,0
1,790,0
3,790,0
1,791,0
3,791,0
1,792,0
3,792,0
1,793,0
3,793,0
1,794,0
3,794,0
1,795,0
3,795,0
1,796,0
3,796,0
1,797,0
3,797,0
1,798,0
3,798,0
1,799,0
3,799,0
1,800,0
3,800,0
1,801,0
3,801,0
1,802,0
3,802,0
1,803,0
3,803,0
1,804,0
3,804,0
1,805,0
3,805,0
1,806,0
3,806,0
1,807,0
3,807,0
1,808,0
3,808,0
1,809,0
3,809,0
1,810,0
3,810,0
1,811,0
3,811,0
1,812,0
3,812,0
1,813,0
3,813,0
1,814,0
3,814,0
1,815,0
3,815,0
1,816,0
3,816,0
1,817,0
3,817,0
1,818,0
3,818,0
1,819,0
3,819,0
1,820,0
3,820,0
1,821,0
3,821,0
1,822,0
3,822,0
1,823,0
3,823,0
1,824,0
3,824,0
1,825,0
3,825,0
1,826,0
3,826,0
1,827,0
3,827,0
1,828,0
3,828,0
1,829,0
3,829,0
1,830,0
3,830,0
1,831,0
3,831,0
1,832,0
3,832,0
1,833,0
3,833,0
1,834,0
3,834,0
1,835,0
3,835,0
1,836,0
3,836,0
1,837,0
3,837,0
1,838,0
3,838,0
1,839,0
3,839,0
1,840,0
3,840,0
1,841,0
3,841,0
1,842,0
3,842,0
1,843,0
3,843,0
1,844,0
3,844,0
1,845,0
3,845,0
1,846,0
3,846,0
1,847,0
2,847,0
1,848,0
2,848,0
1,849,0
2,849,0
1,850,0
2,850,0
1,851,0
2,851,0
1,852,0
2,852,0
1,853,0
2,853,0
1,854,0
2,854,0
1,855,0
2,855,0
1,856,0
2,856,0
1,857,0
2,857,0
1,858,0
2,858,0
1,859,0
1,859,0
1,860,0
1,860,0
1,861,0
1,861,0
1,862,0
1,862,0
1,863,0
1,863,0
1,864,0
1,864,0
1,865,0
1,865,0
1,866,0
1,866,0
1,867,0
1,867,0
1,868,0
1,868,0
1,869,0
1,869,0
1,870,0
1,870,0
1,871,0
1,871,0
1,872,0
1,872,0
1,873,0
1,873,0
1,874,0
1,874,0
1,875,0
1,875,0
1,876,0
1,876,0
1,877,0
1,877,0
1,878,0
1,878,0
1,879,0
1,879,0
1,880,0
1,880,0
1,881,0
1,881,0
1,882,0
1,882,0
1,883,0
1,883,0
1,884,0
1,884,0
1,885,0
1,885,0
1,886,0
1,886,0
1,887,0
1,887,0
1,888,0
1,888,0
1,889,0
1,889,0
1,890,0
1,890,0
1,891,0
1,891,0
1,892,0
1,892,0
1,893,0
1,893,0
1,894,0
1,894,0
1,895,0
1,895,0
1,896,0
1,896,0
1,897,0
1,897,0
1,898,0
1,898,0
1,899,0
1,899,0
1,900,0
1,900,0
1,901,0
1,901,0
1,902,0
1,902,0
1,903,0
1,903,0
1,904,0
1,904,0
1,905,0
1,905,0
1,906,0
1,906,0
1,907,0
1,907,0
1,908,0
1,908,0
1,909,0
1,909,0
1,910,0
1,910,0
1,911,0
1,911,0
1,912,0
1,912,0
1,913,0
1,913,0
1,914,0
1,914,0
1,915,0
1,915,0
1,916,0
1,916,0
1,917,0
1,917,0
1,918,0
1,918,0
1,919,0
1,919,0
1,920,0
1,920,0
1,921,0
1,921,0
1,922,0
1,922,0
1,923,0
1,923,0
1,924,0
1,924,0
1,925,0
1,925,0
1,926,0
1,926,0
1,927,0
1,927,0
1,928,0
1,928,0
1,929,0
1,929,0
1,930,0
1,930,0
1,931,0
1,931,0
1,932,0
1,932,0
1,933,0
1,933,0
1,934,0
1,934,0
1,935,0
1,935,0
1,936,0
1,936,0
1,937,0
1,937,0
1,938,0
1,938,0
1,939,0
1,939,0
1,940,0
1,940,0
1,941,0
1,941,0
1,942,0
1,942,0
1,943,0
1,943,0
1,944,0
1,944,0
1,945,0
1,945,0
1,946,0
1,946,0
1,947,0
1,947,0
1,948,0
1,948,0
1,949,0
1,949,0
1,950,0
1,950,0
1,951,0
1,951,0
1,952,0
1,952,0
1,953,0
1,953,0
1,954,0
1,954,0
1,955,0
1,955,0
1,956,0
1,956,0
1,957,0
1,957,0
1,958,0
1,958,0
1,959,0
1,959,0
1,960,0
1,960,0
1,961,0
1,961,0
1,962,0
1,962,0
1,963,0
1,963,0
1,964,0
1,964,0
1,965,0
1,965,0
1,966,0
1,966,0
1,967,0
1,967,0
1,968,0
1,968,0
1,969,0
1,969,0
1,970,0
1,970,0
1,971,0
1,971,0
1,972,0
1,972,0
1,973,0
1,973,0
1,974,0
1,974,0
1,975,0
1,975,0
1,976,0
1,976,0
1,977,0
1,977,0
1,978,0
1,978,0
1,979,0
1,979,0
1,980,0
1,980,0
1,981,0
1,981,0
1,982,0
1,982,0
1,983,0
1,983,0
1,984,0
1,984,0
1,985,0
1,985,0
1,986,0
1,986,0
1,987,0
1,987,0
1,988,0
1,988,0
1,989,0
1,989,0
1,990,0
1,990,0
1,991,0
1,991,0
1,992,0
1,992,0
1,993,0
1,993,0
1,994,0
1,994,0
1,995,0
1,995,0
1,996,0
1,996,0
1,997,0
1,997,0
1,998,0
1,998,0
1,999,0
1,999,0
1,1000,0
1,1000,0
1,1001,0
1,1001,0
1,1002,0
1,1002,0
1,1003,0
1,1003,0
1,1004,0
1,1004,0
1,1005,0
1,1005,0
1,1006,0
1,1006,0
1,1007,0
1,1007,0
1,1008,0
1,1008,0
1,1009,0
1,1009,0
1,1010,0
1,1010,0
1,1011,0
1,1011,0
1,1012,0
1,1012,0
1,1013,0
1,1013,0
1,1014,0
1,1014,0
1,1015,0
1,1015,0
1,1016,0
1,1016,0
1,1017,0
1,1017,0
1,1018,0
1,1018,0
1,1019,0
1,1019,0
1,1020,0
1,1020,0
1,1021,0
1,1021,0
1,1022,0
1,1022,0
1,1023,0
1,1023,0
1,1024,0
1,1024,0
1,1025,0
1,1025,0
1,1026,0
1,1026,0
1,1027,0
1,1027,0
1,1028,0
1,1028,0
1,1029,0
1,1029,0
1,1030,0
1,1030,0
1,1031,0
1,1031,0
1,1032,0
1,1032,0
1,1033,0
1,1033,0
1,1034,0
1,1034,0
1,1035,0
1,1035,0
1,1036,0
1,1036,0
1,1037,0
1,1037,0
1,1038,0
1,1038,0
1,1039,0
1,1039,0
1,1040,0
1,1040,0
1,1041,0
1,1041,0
1,1042,0
1,1042,0
1,1043,0
1,1043,0
1,1044,0
1,1044,0
1,1045,0
1,1045,0
1,1046,0
1,1046,0
1,1047,0
1,1047,0
1,1048,0
1,1048,0
1,1049,0
1,1049,0
1,1050,0
1,1050,0
1,1051,0
1,1051,0
1,1052,0
1,1052,0
1,1053,0
1,1053,0
1,1054,0
1,1054,0
1,1055,0
1,1055,0
1,1056,0
1,1056,0
1,1057,0
1,1057,0
1,1058,0
1,1058,0
1,1059,0
1,1059,0
1,1060,0
1,1060,0
1,1061,0
1,1061,0
1,1062,0
1,1062,0
1,1063,0
1,1063,0
1,1064,0
1,1064,0
1,1065,0
1,1065,0
1,1066,0
1,1066,0
1,1067,0
1,1067,0
1,1068,0
1,1068,0
1,1069,0
1,1069,0
1,1070,0
1,1070,0
1,1071,0
1,1071,0
1,1072,0
1,1072,0
1,1073,0
1,1073,0
1,1074,0
1,1074,0
1,1075,0
1,1075,0
1,1076,0
1,1076,0
1,1077,0
1,1077,0
1,1078,0
1,1078,0
1,1079,0
1,1079,0
1,1080,0
1,1080,0
1,1081,0
1,1081,0
1,1082,0
1,1082,0
1,1083,0
1,1083,0
1,1084,0
1,1084,0
1,1085,0
1,1085,0
1,1086,0
1,1086,0
1,1087,0
1,1087,0
1,1088,0
1,1088,0
1,1089,0
1,1089,0
1,1090,0
1,1090,0
1,1091,0
1,1091,0
1,1092,0
1,1092,0
