2,2,0
2,2,0
2,3,0
4,3,0
2,4,0
6,4,0
2,5,0
8,5,0
2,6,0
10,6,0
2,7,0
12,7,0
2,8,0
14,8,0
2,9,0
16,9,0
2,10,0
18,10,0
2,11,0
20,11,0
2,12,0
22,12,0
2,13,0
24,13,0
2,14,0
26,14,0
2,15,0
28,15,0
2,16,0
30,16,0
2,17,0
32,17,0
2,18,0
34,18,0
2,19,0
36,19,0
2,20,0
38,20,0
2,21,0
40,21,0
2,22,0
42,22,0
2,23,0
44,23,0
2,24,0
46,24,0
2,25,0
48,25,0
2,26,0
50,26,0
2,27,0
52,27,0
2,28,0
54,28,0
2,29,0
56,29,0
2,30,0
58,30,0
2,31,0
60,31,0
2,32,0
62,32,0
2,33,0
64,33,0
2,34,0
66,34,0
2,35,0
68,35,0
2,36,0
70,36,0
2,37,0
72,37,0
2,38,0
74,38,0
2,39,0
76,39,0
2,40,0
78,40,0
2,41,0
80,41,0
2,42,0
82,42,0
2,43,0
84,43,0
2,44,0
86,44,0
2,45,0
88,45,0
2,46,0
90,46,0
2,47,0
92,47,0
2,48,0
94,48,0
2,49,0
96,49,0
2,50,0
98,50,0
2,51,0
100,51,0
2,52,0
102,52,0
2,53,0
104,53,0
2,54,0
106,54,0
2,55,0
108,55,0
2,56,0
110,56,0
2,57,0
112,57,0
2,58,0
114,58,0
2,59,0
116,59,0
2,60,0
118,60,0
2,61,0
120,61,0
2,62,0
122,62,0
2,63,0
124,63,0
2,64,0
126,64,0
2,65,0
128,65,0
2,66,0
130,66,0
2,67,0
132,67,0
2,68,0
134,68,0
2,69,0
136,69,0
2,70,0
138,70,0
2,71,0
140,71,0
2,72,0
142,72,0
2,73,0
144,73,0
2,74,0
146,74,0
2,75,0
148,75,0
2,76,0
150,76,0
2,77,0
152,77,0
2,78,0
154,78,0
2,79,0
156,79,0
2,80,0
158,80,0
2,81,0
160,81,0
2,82,0
162,82,0
2,83,0
164,83,0
2,84,0
166,84,0
2,85,0
168,85,0
2,86,0
170,86,0
2,87,0
172,87,0
2,88,0
174,88,0
2,89,0
176,89,0
2,90,0
178,90,0
2,91,0
180,91,0
2,92,0
182,92,0
2,93,0
184,93,0
2,94,0
186,94,0
2,95,0
188,95,0
2,96,0
190,96,0
2,97,0
192,97,0
2,98,0
194,98,0
2,99,0
196,99,0
2,100,0
198,100,0
2,101,0
200,101,0
2,102,0
202,102,0
2,103,0
204,103,0
2,104,0
206,104,0
2,105,0
208,105,0
2,106,0
210,106,0
2,107,0
212,107,0
2,108,0
214,108,0
2,109,0
216,109,0
2,110,0
218,110,0
2,111,0
220,111,0
2,112,0
222,112,0
2,113,0
224,113,0
2,114,0
226,114,0
2,115,0
228,115,0
2,116,0
220,116,0
2,117,0
220,117,0
2,118,0
214,118,0
2,119,0
214,119,0
2,120,0
214,120,0
2,121,0
214,121,0
2,122,0
208,122,0
2,123,0
208,123,0
2,124,0
204,124,0
2,125,0
202,125,0
2,126,0
202,126,0
2,127,0
202,127,0
2,128,0
202,128,0
2,129,0
200,129,0
2,130,0
200,130,0
2,131,0
200,131,0
2,132,0
192,132,0
2,133,0
192,133,0
2,134,0
190,134,0
2,135,0
190,135,0
2,136,0
186,136,0
2,137,0
186,137,0
2,138,0
186,138,0
2,139,0
184,139,0
2,140,0
180,140,0
2,141,0
178,141,0
2,142,0
178,142,0
2,143,0
178,143,0
2,144,0
178,144,0
2,145,0
178,145,0
2,146,0
178,146,0
2,147,0
174,147,0
2,148,0
174,148,0
2,149,0
174,149,0
2,150,0
174,150,0
2,151,0
168,151,0
2,152,0
168,152,0
2,153,0
168,153,0
2,154,0
168,154,0
2,155,0
162,155,0
2,156,0
162,156,0
2,157,0
160,157,0
2,158,0
160,158,0
2,159,0
160,159,0
2,160,0
160,160,0
2,161,0
160,161,0
2,162,0
160,162,0
2,163,0
160,163,0
2,164,0
160,164,0
2,165,0
154,165,0
2,166,0
154,166,0
2,167,0
154,167,0
2,168,0
154,168,0
2,169,0
152,169,0
2,170,0
152,170,0
2,171,0
152,171,0
2,172,0
150,172,0
2,173,0
150,173,0
2,174,0
148,174,0
2,175,0
148,175,0
2,176,0
148,176,0
2,177,0
144,177,0
2,178,0
144,178,0
2,179,0
142,179,0
2,180,0
142,180,0
2,181,0
142,181,0
2,182,0
142,182,0
2,183,0
142,183,0
2,184,0
142,184,0
2,185,0
142,185,0
2,186,0
140,186,0
2,187,0
138,187,0
2,188,0
138,188,0
2,189,0
138,189,0
2,190,0
138,190,0
2,191,0
138,191,0
2,192,0
138,192,0
2,193,0
136,193,0
2,194,0
136,194,0
2,195,0
136,195,0
2,196,0
136,196,0
2,197,0
136,197,0
2,198,0
136,198,0
2,199,0
134,199,0
2,200,0
132,200,0
2,201,0
130,201,0
2,202,0
130,202,0
2,203,0
126,203,0
2,204,0
124,204,0
2,205,0
124,205,0
2,206,0
124,206,0
2,207,0
124,207,0
2,208,0
124,208,0
2,209,0
124,209,0
2,210,0
124,210,0
2,211,0
124,211,0
2,212,0
124,212,0
2,213,0
124,213,0
2,214,0
122,214,0
2,215,0
122,215,0
2,216,0
120,216,0
2,217,0
120,217,0
2,218,0
120,218,0
2,219,0
120,219,0
2,220,0
120,220,0
2,221,0
120,221,0
2,222,0
120,222,0
2,223,0
114,223,0
2,224,0
112,224,0
2,225,0
112,225,0
2,226,0
112,226,0
2,227,0
112,227,0
2,228,0
112,228,0
2,229,0
112,229,0
2,230,0
112,230,0
2,231,0
112,231,0
2,232,0
110,232,0
2,233,0
110,233,0
2,234,0
110,234,0
2,235,0
110,235,0
2,236,0
108,236,0
2,237,0
106,237,0
2,238,0
106,238,0
2,239,0
106,239,0
2,240,0
106,240,0
2,241,0
104,241,0
2,242,0
102,242,0
2,243,0
102,243,0
2,244,0
102,244,0
2,245,0
102,245,0
2,246,0
102,246,0
2,247,0
102,247,0
2,248,0
102,248,0
2,249,0
102,249,0
2,250,0
102,250,0
2,251,0
100,251,0
2,252,0
100,252,0
2,253,0
98,253,0
2,254,0
98,254,0
2,255,0
98,255,0
2,256,0
98,256,0
2,257,0
98,257,0
2,258,0
98,258,0
2,259,0
98,259,0
2,260,0
98,260,0
2,261,0
98,261,0
2,262,0
98,262,0
2,263,0
96,263,0
2,264,0
96,264,0
2,265,0
96,265,0
2,266,0
94,266,0
2,267,0
94,267,0
2,268,0
94,268,0
2,269,0
94,269,0
2,270,0
94,270,0
2,271,0
94,271,0
2,272,0
94,272,0
2,273,0
94,273,0
2,274,0
94,274,0
2,275,0
94,275,0
2,276,0
94,276,0
2,277,0
92,277,0
2,278,0
92,278,0
2,279,0
92,279,0
2,280,0
90,280,0
2,281,0
90,281,0
2,282,0
90,282,0
2,283,0
88,283,0
2,284,0
88,284,0
2,285,0
88,285,0
2,286,0
88,286,0
2,287,0
88,287,0
2,288,0
88,288,0
2,289,0
88,289,0
2,290,0
88,290,0
2,291,0
88,291,0
2,292,0
88,292,0
2,293,0
84,293,0
2,294,0
84,294,0
2,295,0
84,295,0
2,296,0
82,296,0
2,297,0
80,297,0
2,298,0
78,298,0
2,299,0
78,299,0
2,300,0
78,300,0
2,301,0
78,301,0
2,302,0
78,302,0
2,303,0
78,303,0
2,304,0
78,304,0
2,305,0
78,305,0
2,306,0
78,306,0
2,307,0
78,307,0
2,308,0
78,308,0
2,309,0
78,309,0
2,310,0
78,310,0
2,311,0
78,311,0
2,312,0
78,312,0
2,313,0
78,313,0
2,314,0
78,314,0
2,315,0
74,315,0
2,316,0
74,316,0
2,317,0
74,317,0
2,318,0
74,318,0
2,319,0
74,319,0
2,320,0
72,320,0
2,321,0
70,321,0
2,322,0
68,322,0
2,323,0
68,323,0
2,324,0
68,324,0
2,325,0
66,325,0
2,326,0
66,326,0
2,327,0
66,327,0
2,328,0
66,328,0
2,329,0
66,329,0
2,330,0
66,330,0
2,331,0
66,331,0
2,332,0
66,332,0
2,333,0
66,333,0
2,334,0
66,334,0
2,335,0
66,335,0
2,336,0
66,336,0
2,337,0
66,337,0
2,338,0
66,338,0
2,339,0
66,339,0
2,340,0
66,340,0
2,341,0
58,341,0
2,342,0
58,342,0
2,343,0
58,343,0
2,344,0
58,344,0
2,345,0
58,345,0
2,346,0
58,346,0
2,347,0
58,347,0
2,348,0
58,348,0
2,349,0
58,349,0
2,350,0
58,350,0
2,351,0
58,351,0
2,352,0
56,352,0
2,353,0
56,353,0
2,354,0
56,354,0
2,355,0
56,355,0
2,356,0
56,356,0
2,357,0
56,357,0
2,358,0
56,358,0
2,359,0
56,359,0
2,360,0
56,360,0
2,361,0
54,361,0
2,362,0
54,362,0
2,363,0
54,363,0
2,364,0
54,364,0
2,365,0
52,365,0
2,366,0
52,366,0
2,367,0
52,367,0
2,368,0
52,368,0
2,369,0
52,369,0
2,370,0
52,370,0
2,371,0
52,371,0
2,372,0
52,372,0
2,373,0
52,373,0
2,374,0
52,374,0
2,375,0
52,375,0
2,376,0
52,376,0
2,377,0
52,377,0
2,378,0
52,378,0
2,379,0
52,379,0
2,380,0
50,380,0
2,381,0
48,381,0
2,382,0
48,382,0
2,383,0
48,383,0
2,384,0
48,384,0
2,385,0
48,385,0
2,386,0
48,386,0
2,387,0
48,387,0
2,388,0
48,388,0
2,389,0
48,389,0
2,390,0
48,390,0
2,391,0
48,391,0
2,392,0
48,392,0
2,393,0
48,393,0
2,394,0
48,394,0
2,395,0
48,395,0
2,396,0
48,396,0
2,397,0
48,397,0
2,398,0
48,398,0
2,399,0
48,399,0
2,400,0
48,400,0
2,401,0
46,401,0
2,402,0
46,402,0
2,403,0
46,403,0
2,404,0
46,404,0
2,405,0
46,405,0
2,406,0
46,406,0
2,407,0
46,407,0
2,408,0
42,408,0
2,409,0
42,409,0
2,410,0
42,410,0
2,411,0
42,411,0
2,412,0
42,412,0
2,413,0
42,413,0
2,414,0
42,414,0
2,415,0
42,415,0
2,416,0
42,416,0
2,417,0
42,417,0
2,418,0
42,418,0
2,419,0
42,419,0
2,420,0
42,420,0
2,421,0
42,421,0
2,422,0
42,422,0
2,423,0
42,423,0
2,424,0
42,424,0
2,425,0
42,425,0
2,426,0
42,426,0
2,427,0
42,427,0
2,428,0
42,428,0
2,429,0
42,429,0
2,430,0
42,430,0
2,431,0
42,431,0
2,432,0
42,432,0
2,433,0
42,433,0
2,434,0
42,434,0
2,435,0
42,435,0
2,436,0
42,436,0
2,437,0
42,437,0
2,438,0
42,438,0
2,439,0
42,439,0
2,440,0
42,440,0
2,441,0
42,441,0
2,442,0
38,442,0
2,443,0
38,443,0
2,444,0
38,444,0
2,445,0
36,445,0
2,446,0
36,446,0
2,447,0
34,447,0
2,448,0
34,448,0
2,449,0
34,449,0
2,450,0
34,450,0
2,451,0
34,451,0
2,452,0
34,452,0
2,453,0
32,453,0
2,454,0
32,454,0
2,455,0
32,455,0
2,456,0
32,456,0
2,457,0
32,457,0
2,458,0
32,458,0
2,459,0
32,459,0
2,460,0
32,460,0
2,461,0
32,461,0
2,462,0
32,462,0
2,463,0
32,463,0
2,464,0
32,464,0
2,465,0
32,465,0
2,466,0
32,466,0
2,467,0
32,467,0
2,468,0
32,468,0
2,469,0
32,469,0
2,470,0
32,470,0
2,471,0
32,471,0
2,472,0
32,472,0
2,473,0
32,473,0
2,474,0
32,474,0
2,475,0
32,475,0
2,476,0
32,476,0
2,477,0
30,477,0
2,478,0
30,478,0
2,479,0
30,479,0
2,480,0
30,480,0
2,481,0
30,481,0
2,482,0
30,482,0
2,483,0
30,483,0
2,484,0
30,484,0
2,485,0
30,485,0
2,486,0
30,486,0
2,487,0
30,487,0
2,488,0
30,488,0
2,489,0
30,489,0
2,490,0
30,490,0
2,491,0
28,491,0
2,492,0
28,492,0
2,493,0
26,493,0
2,494,0
26,494,0
2,495,0
26,495,0
2,496,0
26,496,0
2,497,0
26,497,0
2,498,0
24,498,0
2,499,0
24,499,0
2,500,0
24,500,0
2,501,0
24,501,0
2,502,0
24,502,0
2,503,0
22,503,0
2,504,0
22,504,0
2,505,0
22,505,0
2,506,0
22,506,0
2,507,0
22,507,0
2,508,0
22,508,0
2,509,0
22,509,0
2,510,0
22,510,0
2,511,0
20,511,0
2,512,0
20,512,0
2,513,0
20,513,0
2,514,0
20,514,0
2,515,0
20,515,0
2,516,0
20,516,0
2,517,0
20,517,0
2,518,0
20,518,0
2,519,0
20,519,0
2,520,0
20,520,0
2,521,0
20,521,0
2,522,0
20,522,0
2,523,0
20,523,0
2,524,0
20,524,0
2,525,0
20,525,0
2,526,0
20,526,0
2,527,0
20,527,0
2,528,0
20,528,0
2,529,0
20,529,0
2,530,0
20,530,0
2,531,0
20,531,0
2,532,0
18,532,0
2,533,0
18,533,0
2,534,0
18,534,0
2,535,0
18,535,0
2,536,0
18,536,0
2,537,0
18,537,0
2,538,0
18,538,0
2,539,0
18,539,0
2,540,0
18,540,0
2,541,0
18,541,0
2,542,0
18,542,0
2,543,0
18,543,0
2,544,0
18,544,0
2,545,0
18,545,0
2,546,0
18,546,0
2,547,0
18,547,0
2,548,0
18,548,0
2,549,0
18,549,0
2,550,0
18,550,0
2,551,0
18,551,0
2,552,0
18,552,0
2,553,0
18,553,0
2,554,0
18,554,0
2,555,0
18,555,0
2,556,0
18,556,0
2,557,0
16,557,0
2,558,0
14,558,0
2,559,0
14,559,0
2,560,0
14,560,0
2,561,0
14,561,0
2,562,0
14,562,0
2,563,0
14,563,0
2,564,0
14,564,0
2,565,0
14,565,0
2,566,0
14,566,0
2,567,0
14,567,0
2,568,0
14,568,0
2,569,0
14,569,0
2,570,0
14,570,0
2,571,0
14,571,0
2,572,0
14,572,0
2,573,0
14,573,0
2,574,0
14,574,0
2,575,0
14,575,0
2,576,0
14,576,0
2,577,0
14,577,0
2,578,0
14,578,0
2,579,0
14,579,0
2,580,0
14,580,0
2,581,0
14,581,0
2,582,0
14,582,0
2,583,0
14,583,0
2,584,0
14,584,0
2,585,0
14,585,0
2,586,0
14,586,0
2,587,0
14,587,0
2,588,0
14,588,0
2,589,0
14,589,0
2,590,0
14,590,0
2,591,0
14,591,0
2,592,0
14,592,0
2,593,0
14,593,0
2,594,0
14,594,0
2,595,0
14,595,0
2,596,0
14,596,0
2,597,0
14,597,0
2,598,0
14,598,0
2,599,0
14,599,0
2,600,0
14,600,0
2,601,0
14,601,0
2,602,0
14,602,0
2,603,0
14,603,0
2,604,0
14,604,0
2,605,0
14,605,0
2,606,0
14,606,0
2,607,0
14,607,0
2,608,0
14,608,0
2,609,0
14,609,0
2,610,0
14,610,0
2,611,0
14,611,0
2,612,0
14,612,0
2,613,0
14,613,0
2,614,0
14,614,0
2,615,0
14,615,0
2,616,0
14,616,0
2,617,0
14,617,0
2,618,0
14,618,0
2,619,0
14,619,0
2,620,0
14,620,0
2,621,0
14,621,0
2,622,0
14,622,0
2,623,0
14,623,0
2,624,0
14,624,0
2,625,0
14,625,0
2,626,0
12,626,0
2,627,0
12,627,0
2,628,0
12,628,0
2,629,0
12,629,0
2,630,0
12,630,0
2,631,0
12,631,0
2,632,0
12,632,0
2,633,0
12,633,0
2,634,0
12,634,0
2,635,0
12,635,0
2,636,0
12,636,0
2,637,0
12,637,0
2,638,0
12,638,0
2,639,0
12,639,0
2,640,0
10,640,0
2,641,0
10,641,0
2,642,0
10,642,0
2,643,0
10,643,0
2,644,0
10,644,0
2,645,0
10,645,0
2,646,0
10,646,0
2,647,0
10,647,0
2,648,0
10,648,0
2,649,0
8,649,0
2,650,0
8,650,0
2,651,0
8,651,0
2,652,0
8,652,0
2,653,0
8,653,0
2,654,0
8,654,0
2,655,0
8,655,0
2,656,0
8,656,0
2,657,0
8,657,0
2,658,0
8,658,0
2,659,0
8,659,0
2,660,0
8,660,0
2,661,0
8,661,0
2,662,0
8,662,0
2,663,0
8,663,0
2,664,0
8,664,0
2,665,0
8,665,0
2,666,0
8,666,0
2,667,0
8,667,0
2,668,0
8,668,0
2,669,0
8,669,0
2,670,0
8,670,0
2,671,0
8,671,0
2,672,0
8,672,0
2,673,0
8,673,0
2,674,0
8,674,0
2,675,0
8,675,0
2,676,0
8,676,0
2,677,0
8,677,0
2,678,0
8,678,0
2,679,0
8,679,0
2,680,0
8,680,0
2,681,0
6,681,0
2,682,0
6,682,0
2,683,0
6,683,0
2,684,0
6,684,0
2,685,0
6,685,0
2,686,0
6,686,0
2,687,0
6,687,0
2,688,0
6,688,0
2,689,0
6,689,0
2,690,0
6,690,0
2,691,0
6,691,0
2,692,0
6,692,0
2,693,0
6,693,0
2,694,0
6,694,0
2,695,0
6,695,0
2,696,0
6,696,0
2,697,0
6,697,0
2,698,0
6,698,0
2,699,0
6,699,0
2,700,0
6,700,0
2,701,0
6,701,0
2,702,0
6,702,0
2,703,0
6,703,0
2,704,0
6,704,0
2,705,0
6,705,0
2,706,0
6,706,0
2,707,0
6,707,0
2,708,0
6,708,0
2,709,0
6,709,0
2,710,0
6,710,0
2,711,0
6,711,0
2,712,0
6,712,0
2,713,0
6,713,0
2,714,0
6,714,0
2,715,0
6,715,0
2,716,0
6,716,0
2,717,0
6,717,0
2,718,0
6,718,0
2,719,0
6,719,0
2,720,0
4,720,0
2,721,0
4,721,0
2,722,0
4,722,0
2,723,0
4,723,0
2,724,0
4,724,0
2,725,0
4,725,0
2,726,0
4,726,0
2,727,0
4,727,0
2,728,0
4,728,0
2,729,0
4,729,0
2,730,0
4,730,0
2,731,0
2,731,0
2,732,0
2,732,0
2,733,0
2,733,0
2,734,0
2,734,0
2,735,0
2,735,0
2,736,0
2,736,0
2,737,0
2,737,0
2,738,0
2,738,0
2,739,0
2,739,0
2,740,0
2,740,0
2,741,0
2,741,0
2,742,0
2,742,0
2,743,0
2,743,0
2,744,0
2,744,0
2,745,0
2,745,0
2,746,0
2,746,0
2,747,0
2,747,0
2,748,0
2,748,0
