1,1,0
40,1,0
1,2,0
39,2,0
1,3,0
38,3,0
1,4,0
37,4,0
1,5,0
36,5,0
1,6,0
36,6,0
1,7,0
35,7,0
1,8,0
35,8,0
1,9,0
35,9,0
1,10,0
35,10,0
1,11,0
34,11,0
1,12,0
34,12,0
1,13,0
34,13,0
1,14,0
34,14,0
1,15,0
33,15,0
1,16,0
32,16,0
1,17,0
32,17,0
1,18,0
32,18,0
1,19,0
31,19,0
1,20,0
31,20,0
1,21,0
31,21,0
1,22,0
30,22,0
1,23,0
30,23,0
1,24,0
29,24,0
1,25,0
29,25,0
1,26,0
29,26,0
1,27,0
28,27,0
1,28,0
28,28,0
1,29,0
28,29,0
1,30,0
27,30,0
1,31,0
27,31,0
1,32,0
26,32,0
1,33,0
25,33,0
1,34,0
24,34,0
1,35,0
24,35,0
1,36,0
24,36,0
1,37,0
24,37,0
1,38,0
23,38,0
1,39,0
23,39,0
1,40,0
23,40,0
1,41,0
23,41,0
1,42,0
23,42,0
1,43,0
22,43,0
1,44,0
21,44,0
1,45,0
20,45,0
1,46,0
19,46,0
1,47,0
19,47,0
1,48,0
19,48,0
1,49,0
18,49,0
1,50,0
18,50,0
1,51,0
18,51,0
1,52,0
18,52,0
1,53,0
18,53,0
1,54,0
18,54,0
1,55,0
18,55,0
1,56,0
18,56,0
1,57,0
18,57,0
1,58,0
17,58,0
1,59,0
17,59,0
1,60,0
16,60,0
1,61,0
16,61,0
1,62,0
16,62,0
1,63,0
16,63,0
1,64,0
15,64,0
1,65,0
15,65,0
1,66,0
15,66,0
1,67,0
15,67,0
1,68,0
15,68,0
1,69,0
15,69,0
1,70,0
15,70,0
1,71,0
15,71,0
1,72,0
15,72,0
1,73,0
15,73,0
1,74,0
15,74,0
1,75,0
15,75,0
1,76,0
15,76,0
1,77,0
14,77,0
1,78,0
14,78,0
1,79,0
14,79,0
1,80,0
14,80,0
1,81,0
13,81,0
1,82,0
12,82,0
1,83,0
12,83,0
1,84,0
12,84,0
1,85,0
12,85,0
1,86,0
12,86,0
1,87,0
12,87,0
1,88,0
12,88,0
1,89,0
12,89,0
1,90,0
12,90,0
1,91,0
12,91,0
1,92,0
12,92,0
1,93,0
12,93,0
1,94,0
12,94,0
1,95,0
12,95,0
1,96,0
12,96,0
1,97,0
12,97,0
1,98,0
11,98,0
1,99,0
11,99,0
1,100,0
11,100,0
1,101,0
11,101,0
1,102,0
11,102,0
1,103,0
11,103,0
1,104,0
11,104,0
1,105,0
11,105,0
1,106,0
11,106,0
1,107,0
11,107,0
1,108,0
11,108,0
1,109,0
11,109,0
1,110,0
11,110,0
1,111,0
11,111,0
1,112,0
11,112,0
1,113,0
11,113,0
1,114,0
11,114,0
1,115,0
11,115,0
1,116,0
11,116,0
1,117,0
11,117,0
1,118,0
11,118,0
1,119,0
11,119,0
1,120,0
11,120,0
1,121,0
11,121,0
1,122,0
11,122,0
1,123,0
11,123,0
1,124,0
11,124,0
1,125,0
11,125,0
1,126,0
10,126,0
1,127,0
10,127,0
1,128,0
10,128,0
1,129,0
10,129,0
1,130,0
10,130,0
1,131,0
10,131,0
1,132,0
10,132,0
1,133,0
10,133,0
1,134,0
10,134,0
1,135,0
10,135,0
1,136,0
10,136,0
1,137,0
10,137,0
1,138,0
10,138,0
1,139,0
10,139,0
1,140,0
10,140,0
1,141,0
10,141,0
1,142,0
10,142,0
1,143,0
10,143,0
1,144,0
10,144,0
1,145,0
10,145,0
1,146,0
10,146,0
1,147,0
10,147,0
1,148,0
10,148,0
1,149,0
9,149,0
1,150,0
8,150,0
1,151,0
8,151,0
1,152,0
8,152,0
1,153,0
8,153,0
1,154,0
8,154,0
1,155,0
8,155,0
1,156,0
8,156,0
1,157,0
7,157,0
1,158,0
7,158,0
1,159,0
7,159,0
1,160,0
7,160,0
1,161,0
7,161,0
1,162,0
7,162,0
1,163,0
7,163,0
1,164,0
7,164,0
1,165,0
7,165,0
1,166,0
7,166,0
1,167,0
7,167,0
1,168,0
7,168,0
1,169,0
7,169,0
1,170,0
7,170,0
1,171,0
6,171,0
1,172,0
6,172,0
1,173,0
6,173,0
1,174,0
6,174,0
1,175,0
5,175,0
1,176,0
5,176,0
1,177,0
5,177,0
1,178,0
5,178,0
1,179,0
5,179,0
1,180,0
5,180,0
1,181,0
5,181,0
1,182,0
5,182,0
1,183,0
5,183,0
1,184,0
5,184,0
1,185,0
5,185,0
1,186,0
4,186,0
1,187,0
4,187,0
1,188,0
4,188,0
1,189,0
4,189,0
1,190,0
4,190,0
1,191,0
4,191,0
1,192,0
4,192,0
1,193,0
4,193,0
1,194,0
4,194,0
1,195,0
4,195,0
1,196,0
4,196,0
1,197,0
4,197,0
1,198,0
4,198,0
1,199,0
4,199,0
1,200,0
4,200,0
1,201,0
4,201,0
1,202,0
4,202,0
1,203,0
4,203,0
1,204,0
4,204,0
1,205,0
4,205,0
1,206,0
4,206,0
1,207,0
4,207,0
1,208,0
4,208,0
1,209,0
4,209,0
1,210,0
4,210,0
1,211,0
4,211,0
1,212,0
4,212,0
1,213,0
4,213,0
1,214,0
4,214,0
1,215,0
4,215,0
1,216,0
4,216,0
1,217,0
4,217,0
1,218,0
4,218,0
1,219,0
4,219,0
1,220,0
4,220,0
1,221,0
4,221,0
1,222,0
4,222,0
1,223,0
3,223,0
1,224,0
3,224,0
1,225,0
3,225,0
1,226,0
3,226,0
1,227,0
3,227,0
1,228,0
3,228,0
1,229,0
3,229,0
1,230,0
3,230,0
1,231,0
3,231,0
1,232,0
3,232,0
1,233,0
3,233,0
1,234,0
3,234,0
1,235,0
3,235,0
1,236,0
3,236,0
1,237,0
3,237,0
1,238,0
3,238,0
1,239,0
3,239,0
1,240,0
3,240,0
1,241,0
3,241,0
1,242,0
3,242,0
1,243,0
3,243,0
1,244,0
3,244,0
1,245,0
3,245,0
1,246,0
3,246,0
1,247,0
3,247,0
1,248,0
3,248,0
1,249,0
3,249,0
1,250,0
2,250,0
1,251,0
2,251,0
1,252,0
2,252,0
1,253,0
2,253,0
1,254,0
2,254,0
1,255,0
2,255,0
1,256,0
2,256,0
1,257,0
2,257,0
1,258,0
2,258,0
1,259,0
2,259,0
1,260,0
2,260,0
1,261,0
2,261,0
1,262,0
2,262,0
1,263,0
2,263,0
1,264,0
2,264,0
1,265,0
2,265,0
1,266,0
2,266,0
1,267,0
2,267,0
1,268,0
2,268,0
1,269,0
2,269,0
1,270,0
2,270,0
1,271,0
2,271,0
1,272,0
2,272,0
1,273,0
2,273,0
1,274,0
2,274,0
1,275,0
2,275,0
1,276,0
2,276,0
1,277,0
2,277,0
1,278,0
2,278,0
1,279,0
2,279,0
1,280,0
2,280,0
1,281,0
2,281,0
1,282,0
2,282,0
1,283,0
2,283,0
1,284,0
2,284,0
1,285,0
2,285,0
1,286,0
2,286,0
1,287,0
2,287,0
1,288,0
2,288,0
1,289,0
2,289,0
1,290,0
2,290,0
1,291,0
2,291,0
1,292,0
2,292,0
1,293,0
2,293,0
1,294,0
2,294,0
1,295,0
2,295,0
1,296,0
2,296,0
1,297,0
2,297,0
1,298,0
2,298,0
1,299,0
2,299,0
1,300,0
2,300,0
1,301,0
2,301,0
1,302,0
2,302,0
1,303,0
1,303,0
1,304,0
1,304,0
1,305,0
1,305,0
1,306,0
1,306,0
1,307,0
1,307,0
1,308,0
1,308,0
1,309,0
1,309,0
1,310,0
1,310,0
1,311,0
1,311,0
1,312,0
1,312,0
1,313,0
1,313,0
1,314,0
1,314,0
1,315,0
1,315,0
1,316,0
1,316,0
1,317,0
1,317,0
1,318,0
1,318,0
1,319,0
1,319,0
1,320,0
1,320,0
1,321,0
1,321,0
1,322,0
1,322,0
1,323,0
1,323,0
1,324,0
1,324,0
1,325,0
1,325,0
1,326,0
1,326,0
1,327,0
1,327,0
1,328,0
1,328,0
1,329,0
1,329,0
1,330,0
1,330,0
1,331,0
1,331,0
1,332,0
1,332,0
1,333,0
1,333,0
1,334,0
1,334,0
1,335,0
1,335,0
1,336,0
1,336,0
1,337,0
1,337,0
1,338,0
1,338,0
1,339,0
1,339,0
1,340,0
1,340,0
