1,1,0
2072,1,0
1,2,0
2010,2,0
1,3,0
1742,3,0
1,4,0
1665,4,0
1,5,0
1642,5,0
1,6,0
1545,6,0
1,7,0
1334,7,0
1,8,0
1220,8,0
1,9,0
1219,9,0
1,10,0
1198,10,0
1,11,0
1179,11,0
1,12,0
1141,12,0
1,13,0
1128,13,0
1,14,0
1122,14,0
1,15,0
1090,15,0
1,16,0
1084,16,0
1,17,0
1060,17,0
1,18,0
1050,18,0
1,19,0
1048,19,0
1,20,0
962,20,0
1,21,0
958,21,0
1,22,0
949,22,0
1,23,0
939,23,0
1,24,0
907,24,0
1,25,0
890,25,0
1,26,0
872,26,0
1,27,0
843,27,0
1,28,0
841,28,0
1,29,0
834,29,0
1,30,0
820,30,0
1,31,0
816,31,0
1,32,0
814,32,0
1,33,0
813,33,0
1,34,0
809,34,0
1,35,0
784,35,0
1,36,0
781,36,0
1,37,0
777,37,0
1,38,0
775,38,0
1,39,0
774,39,0
1,40,0
772,40,0
1,41,0
768,41,0
1,42,0
764,42,0
1,43,0
737,43,0
1,44,0
727,44,0
1,45,0
721,45,0
1,46,0
718,46,0
1,47,0
704,47,0
1,48,0
701,48,0
1,49,0
698,49,0
1,50,0
694,50,0
1,51,0
661,51,0
1,52,0
658,52,0
1,53,0
653,53,0
1,54,0
651,54,0
1,55,0
645,55,0
1,56,0
633,56,0
1,57,0
629,57,0
1,58,0
624,58,0
1,59,0
621,59,0
1,60,0
618,60,0
1,61,0
595,61,0
1,62,0
591,62,0
1,63,0
585,63,0
1,64,0
571,64,0
1,65,0
567,65,0
1,66,0
563,66,0
1,67,0
557,67,0
1,68,0
542,68,0
1,69,0
541,69,0
1,70,0
538,70,0
1,71,0
534,71,0
1,72,0
531,72,0
1,73,0
516,73,0
1,74,0
511,74,0
1,75,0
505,75,0
1,76,0
504,76,0
1,77,0
495,77,0
1,78,0
490,78,0
1,79,0
486,79,0
1,80,0
480,80,0
1,81,0
475,81,0
1,82,0
470,82,0
1,83,0
463,83,0
1,84,0
458,84,0
1,85,0
443,85,0
1,86,0
442,86,0
1,87,0
440,87,0
1,88,0
438,88,0
1,89,0
429,89,0
1,90,0
423,90,0
1,91,0
421,91,0
1,92,0
415,92,0
1,93,0
414,93,0
1,94,0
413,94,0
1,95,0
408,95,0
1,96,0
406,96,0
1,97,0
405,97,0
1,98,0
391,98,0
1,99,0
386,99,0
1,100,0
381,100,0
1,101,0
379,101,0
1,102,0
364,102,0
1,103,0
362,103,0
1,104,0
348,104,0
1,105,0
347,105,0
1,106,0
346,106,0
1,107,0
344,107,0
1,108,0
327,108,0
1,109,0
323,109,0
1,110,0
322,110,0
1,111,0
315,111,0
1,112,0
308,112,0
1,113,0
305,113,0
1,114,0
304,114,0
1,115,0
303,115,0
1,116,0
301,116,0
1,117,0
300,117,0
1,118,0
299,118,0
1,119,0
297,119,0
1,120,0
294,120,0
1,121,0
293,121,0
1,122,0
291,122,0
1,123,0
288,123,0
1,124,0
286,124,0
1,125,0
285,125,0
1,126,0
281,126,0
1,127,0
279,127,0
1,128,0
278,128,0
1,129,0
277,129,0
1,130,0
276,130,0
1,131,0
274,131,0
1,132,0
273,132,0
1,133,0
272,133,0
1,134,0
270,134,0
1,135,0
269,135,0
1,136,0
267,136,0
1,137,0
265,137,0
1,138,0
263,138,0
1,139,0
262,139,0
1,140,0
251,140,0
1,141,0
248,141,0
1,142,0
247,142,0
1,143,0
243,143,0
1,144,0
242,144,0
1,145,0
240,145,0
1,146,0
235,146,0
1,147,0
234,147,0
1,148,0
231,148,0
1,149,0
227,149,0
1,150,0
226,150,0
1,151,0
225,151,0
1,152,0
220,152,0
1,153,0
219,153,0
1,154,0
212,154,0
1,155,0
211,155,0
1,156,0
205,156,0
1,157,0
203,157,0
1,158,0
202,158,0
1,159,0
200,159,0
1,160,0
199,160,0
1,161,0
194,161,0
1,162,0
188,162,0
1,163,0
186,163,0
1,164,0
185,164,0
1,165,0
173,165,0
1,166,0
170,166,0
1,167,0
169,167,0
1,168,0
167,168,0
1,169,0
165,169,0
1,170,0
164,170,0
1,171,0
160,171,0
1,172,0
159,172,0
1,173,0
157,173,0
1,174,0
154,174,0
1,175,0
153,175,0
1,176,0
151,176,0
1,177,0
150,177,0
1,178,0
149,178,0
1,179,0
145,179,0
1,180,0
143,180,0
1,181,0
141,181,0
1,182,0
140,182,0
1,183,0
139,183,0
1,184,0
135,184,0
1,185,0
132,185,0
1,186,0
131,186,0
1,187,0
130,187,0
1,188,0
127,188,0
1,189,0
123,189,0
1,190,0
117,190,0
1,191,0
114,191,0
1,192,0
110,192,0
1,193,0
109,193,0
1,194,0
108,194,0
1,195,0
106,195,0
1,196,0
104,196,0
1,197,0
103,197,0
1,198,0
102,198,0
1,199,0
99,199,0
1,200,0
97,200,0
1,201,0
96,201,0
1,202,0
94,202,0
1,203,0
92,203,0
1,204,0
90,204,0
1,205,0
87,205,0
1,206,0
82,206,0
1,207,0
74,207,0
1,208,0
73,208,0
1,209,0
72,209,0
1,210,0
71,210,0
1,211,0
70,211,0
1,212,0
68,212,0
1,213,0
61,213,0
1,214,0
60,214,0
1,215,0
57,215,0
1,216,0
53,216,0
1,217,0
48,217,0
1,218,0
47,218,0
1,219,0
46,219,0
1,220,0
45,220,0
1,221,0
43,221,0
1,222,0
39,222,0
1,223,0
37,223,0
1,224,0
36,224,0
1,225,0
32,225,0
1,226,0
30,226,0
1,227,0
27,227,0
1,228,0
24,228,0
1,229,0
23,229,0
1,230,0
20,230,0
1,231,0
17,231,0
1,232,0
15,232,0
1,233,0
14,233,0
1,234,0
11,234,0
1,235,0
10,235,0
1,236,0
2,236,0
1,237,0
1,237,0
