1,2,0
1,2,0
1,3,0
2,3,0
1,4,0
3,4,0
1,5,0
4,5,0
1,6,0
5,6,0
1,7,0
6,7,0
1,8,0
7,8,0
1,9,0
8,9,0
1,10,0
9,10,0
1,11,0
10,11,0
1,12,0
11,12,0
1,13,0
12,13,0
1,14,0
13,14,0
1,15,0
14,15,0
1,16,0
15,16,0
1,17,0
16,17,0
1,18,0
17,18,0
1,19,0
18,19,0
1,20,0
19,20,0
1,21,0
20,21,0
1,22,0
21,22,0
1,23,0
22,23,0
1,24,0
23,24,0
1,25,0
24,25,0
1,26,0
25,26,0
1,27,0
26,27,0
1,28,0
27,28,0
1,29,0
28,29,0
1,30,0
29,30,0
1,31,0
30,31,0
1,32,0
31,32,0
1,33,0
32,33,0
1,34,0
33,34,0
1,35,0
34,35,0
1,36,0
35,36,0
1,37,0
36,37,0
1,38,0
37,38,0
1,39,0
38,39,0
1,40,0
39,40,0
1,41,0
40,41,0
1,42,0
41,42,0
1,43,0
42,43,0
1,44,0
43,44,0
1,45,0
44,45,0
1,46,0
45,46,0
1,47,0
46,47,0
1,48,0
47,48,0
1,49,0
48,49,0
1,50,0
49,50,0
1,51,0
50,51,0
1,52,0
49,52,0
1,53,0
49,53,0
1,54,0
49,54,0
1,55,0
47,55,0
1,56,0
46,56,0
1,57,0
46,57,0
1,58,0
46,58,0
1,59,0
44,59,0
1,60,0
42,60,0
1,61,0
42,61,0
1,62,0
41,62,0
1,63,0
41,63,0
1,64,0
41,64,0
1,65,0
41,65,0
1,66,0
40,66,0
1,67,0
39,67,0
1,68,0
37,68,0
1,69,0
37,69,0
1,70,0
37,70,0
1,71,0
37,71,0
1,72,0
37,72,0
1,73,0
37,73,0
1,74,0
37,74,0
1,75,0
36,75,0
1,76,0
36,76,0
1,77,0
35,77,0
1,78,0
35,78,0
1,79,0
35,79,0
1,80,0
34,80,0
1,81,0
34,81,0
1,82,0
34,82,0
1,83,0
34,83,0
1,84,0
34,84,0
1,85,0
33,85,0
1,86,0
32,86,0
1,87,0
32,87,0
1,88,0
32,88,0
1,89,0
32,89,0
1,90,0
32,90,0
1,91,0
31,91,0
1,92,0
30,92,0
1,93,0
30,93,0
1,94,0
29,94,0
1,95,0
28,95,0
1,96,0
28,96,0
1,97,0
28,97,0
1,98,0
26,98,0
1,99,0
25,99,0
1,100,0
25,100,0
1,101,0
25,101,0
1,102,0
25,102,0
1,103,0
24,103,0
1,104,0
24,104,0
1,105,0
23,105,0
1,106,0
23,106,0
1,107,0
22,107,0
1,108,0
22,108,0
1,109,0
22,109,0
1,110,0
22,110,0
1,111,0
22,111,0
1,112,0
21,112,0
1,113,0
21,113,0
1,114,0
21,114,0
1,115,0
21,115,0
1,116,0
21,116,0
1,117,0
21,117,0
1,118,0
21,118,0
1,119,0
21,119,0
1,120,0
21,120,0
1,121,0
21,121,0
1,122,0
20,122,0
1,123,0
19,123,0
1,124,0
19,124,0
1,125,0
19,125,0
1,126,0
19,126,0
1,127,0
19,127,0
1,128,0
18,128,0
1,129,0
18,129,0
1,130,0
18,130,0
1,131,0
17,131,0
1,132,0
17,132,0
1,133,0
17,133,0
1,134,0
15,134,0
1,135,0
15,135,0
1,136,0
15,136,0
1,137,0
15,137,0
1,138,0
15,138,0
1,139,0
15,139,0
1,140,0
15,140,0
1,141,0
15,141,0
1,142,0
15,142,0
1,143,0
15,143,0
1,144,0
15,144,0
1,145,0
15,145,0
1,146,0
15,146,0
1,147,0
15,147,0
1,148,0
15,148,0
1,149,0
15,149,0
1,150,0
15,150,0
1,151,0
15,151,0
1,152,0
14,152,0
1,153,0
14,153,0
1,154,0
14,154,0
1,155,0
14,155,0
1,156,0
14,156,0
1,157,0
14,157,0
1,158,0
14,158,0
1,159,0
14,159,0
1,160,0
14,160,0
1,161,0
14,161,0
1,162,0
14,162,0
1,163,0
14,163,0
1,164,0
14,164,0
1,165,0
14,165,0
1,166,0
14,166,0
1,167,0
14,167,0
1,168,0
14,168,0
1,169,0
14,169,0
1,170,0
13,170,0
1,171,0
13,171,0
1,172,0
11,172,0
1,173,0
11,173,0
1,174,0
11,174,0
1,175,0
11,175,0
1,176,0
11,176,0
1,177,0
11,177,0
1,178,0
11,178,0
1,179,0
11,179,0
1,180,0
11,180,0
1,181,0
11,181,0
1,182,0
11,182,0
1,183,0
11,183,0
1,184,0
11,184,0
1,185,0
11,185,0
1,186,0
11,186,0
1,187,0
11,187,0
1,188,0
11,188,0
1,189,0
10,189,0
1,190,0
10,190,0
1,191,0
10,191,0
1,192,0
10,192,0
1,193,0
10,193,0
1,194,0
10,194,0
1,195,0
10,195,0
1,196,0
9,196,0
1,197,0
9,197,0
1,198,0
8,198,0
1,199,0
8,199,0
1,200,0
8,200,0
1,201,0
8,201,0
1,202,0
8,202,0
1,203,0
7,203,0
1,204,0
7,204,0
1,205,0
7,205,0
1,206,0
7,206,0
1,207,0
7,207,0
1,208,0
7,208,0
1,209,0
7,209,0
1,210,0
7,210,0
1,211,0
7,211,0
1,212,0
7,212,0
1,213,0
7,213,0
1,214,0
7,214,0
1,215,0
7,215,0
1,216,0
7,216,0
1,217,0
7,217,0
1,218,0
7,218,0
1,219,0
7,219,0
1,220,0
7,220,0
1,221,0
7,221,0
1,222,0
7,222,0
1,223,0
7,223,0
1,224,0
7,224,0
1,225,0
6,225,0
1,226,0
6,226,0
1,227,0
6,227,0
1,228,0
4,228,0
1,229,0
4,229,0
1,230,0
4,230,0
1,231,0
4,231,0
1,232,0
4,232,0
1,233,0
4,233,0
1,234,0
3,234,0
1,235,0
3,235,0
1,236,0
3,236,0
1,237,0
3,237,0
1,238,0
3,238,0
1,239,0
2,239,0
1,240,0
2,240,0
1,241,0
2,241,0
1,242,0
1,242,0
1,243,0
1,243,0
1,244,0
1,244,0
1,245,0
1,245,0
1,246,0
1,246,0
1,247,0
1,247,0
1,248,0
1,248,0
1,249,0
1,249,0
1,250,0
1,250,0
1,251,0
1,251,0
1,252,0
1,252,0
1,253,0
1,253,0
1,254,0
1,254,0
1,255,0
1,255,0
1,256,0
1,256,0
1,257,0
1,257,0
1,258,0
1,258,0
1,259,0
1,259,0
1,260,0
1,260,0
1,261,0
1,261,0
1,262,0
1,262,0
1,263,0
1,263,0
1,264,0
1,264,0
1,265,0
1,265,0
1,266,0
1,266,0
1,267,0
1,267,0
1,268,0
1,268,0
1,269,0
1,269,0
1,270,0
1,270,0
1,271,0
1,271,0
1,272,0
1,272,0
1,273,0
1,273,0
1,274,0
1,274,0
1,275,0
1,275,0
1,276,0
1,276,0
1,277,0
1,277,0
1,278,0
1,278,0
1,279,0
1,279,0
1,280,0
1,280,0
1,281,0
1,281,0
1,282,0
1,282,0
1,283,0
1,283,0
1,284,0
1,284,0
1,285,0
1,285,0
1,286,0
1,286,0
1,287,0
1,287,0
1,288,0
1,288,0
1,289,0
1,289,0
1,290,0
1,290,0
1,291,0
1,291,0
1,292,0
1,292,0
1,293,0
1,293,0
1,294,0
1,294,0
1,295,0
1,295,0
1,296,0
1,296,0
1,297,0
1,297,0
1,298,0
1,298,0
1,299,0
1,299,0
1,300,0
1,300,0
1,301,0
1,301,0
1,302,0
1,302,0
1,303,0
1,303,0
1,304,0
1,304,0
1,305,0
1,305,0
1,306,0
1,306,0
1,307,0
1,307,0
1,308,0
1,308,0
1,309,0
1,309,0
1,310,0
1,310,0
1,311,0
1,311,0
1,312,0
1,312,0
1,313,0
1,313,0
1,314,0
1,314,0
1,315,0
1,315,0
1,316,0
1,316,0
1,317,0
1,317,0
1,318,0
1,318,0
1,319,0
1,319,0
1,320,0
1,320,0
1,321,0
1,321,0
1,322,0
1,322,0
1,323,0
1,323,0
1,324,0
1,324,0
1,325,0
1,325,0
1,326,0
1,326,0
1,327,0
1,327,0
1,328,0
1,328,0
1,329,0
1,329,0
1,330,0
1,330,0
1,331,0
1,331,0
1,332,0
1,332,0
1,333,0
1,333,0
1,334,0
1,334,0
1,335,0
1,335,0
1,336,0
1,336,0
1,337,0
1,337,0
1,338,0
1,338,0
1,339,0
1,339,0
1,340,0
1,340,0
1,341,0
1,341,0
1,342,0
1,342,0
1,343,0
1,343,0
1,344,0
1,344,0
1,345,0
1,345,0
1,346,0
1,346,0
1,347,0
1,347,0
1,348,0
1,348,0
1,349,0
1,349,0
1,350,0
1,350,0
1,351,0
1,351,0
1,352,0
1,352,0
1,353,0
1,353,0
1,354,0
1,354,0
1,355,0
1,355,0
1,356,0
1,356,0
1,357,0
1,357,0
1,358,0
1,358,0
1,359,0
1,359,0
1,360,0
1,360,0
1,361,0
1,361,0
1,362,0
1,362,0
1,363,0
1,363,0
1,364,0
1,364,0
1,365,0
1,365,0
1,366,0
1,366,0
1,367,0
1,367,0
1,368,0
1,368,0
1,369,0
1,369,0
1,370,0
1,370,0
1,371,0
1,371,0
1,372,0
1,372,0
1,373,0
1,373,0
1,374,0
1,374,0
1,375,0
1,375,0
1,376,0
1,376,0
1,377,0
1,377,0
1,378,0
1,378,0
1,379,0
1,379,0
1,380,0
1,380,0
1,381,0
1,381,0
1,382,0
1,382,0
1,383,0
1,383,0
1,384,0
1,384,0
1,385,0
1,385,0
1,386,0
1,386,0
1,387,0
1,387,0
1,388,0
1,388,0
1,389,0
1,389,0
1,390,0
1,390,0
1,391,0
1,391,0
1,392,0
1,392,0
1,393,0
1,393,0
1,394,0
1,394,0
1,395,0
1,395,0
