1,1,0
1,1,0
1,2,0
2,2,0
1,3,0
3,3,0
1,4,0
4,4,0
1,5,0
5,5,0
1,6,0
6,6,0
1,7,0
7,7,0
1,8,0
8,8,0
1,9,0
9,9,0
1,10,0
10,10,0
1,11,0
11,11,0
1,12,0
12,12,0
1,13,0
13,13,0
1,14,0
14,14,0
1,15,0
15,15,0
1,16,0
16,16,0
1,17,0
17,17,0
1,18,0
18,18,0
1,19,0
19,19,0
1,20,0
20,20,0
1,21,0
21,21,0
1,22,0
22,22,0
1,23,0
23,23,0
1,24,0
24,24,0
1,25,0
25,25,0
1,26,0
26,26,0
1,27,0
27,27,0
1,28,0
28,28,0
1,29,0
29,29,0
1,30,0
30,30,0
1,31,0
31,31,0
1,32,0
32,32,0
1,33,0
33,33,0
1,34,0
34,34,0
1,35,0
35,35,0
1,36,0
36,36,0
1,37,0
37,37,0
1,38,0
38,38,0
1,39,0
39,39,0
1,40,0
40,40,0
1,41,0
41,41,0
1,42,0
42,42,0
1,43,0
43,43,0
1,44,0
44,44,0
1,45,0
45,45,0
1,46,0
46,46,0
1,47,0
47,47,0
1,48,0
48,48,0
1,49,0
49,49,0
1,50,0
50,50,0
1,51,0
51,51,0
1,52,0
52,52,0
1,53,0
53,53,0
1,54,0
54,54,0
1,55,0
55,55,0
1,56,0
56,56,0
1,57,0
57,57,0
1,58,0
58,58,0
1,59,0
59,59,0
1,60,0
60,60,0
1,61,0
61,61,0
1,62,0
62,62,0
1,63,0
63,63,0
1,64,0
64,64,0
1,65,0
65,65,0
1,66,0
66,66,0
1,67,0
67,67,0
1,68,0
68,68,0
1,69,0
69,69,0
1,70,0
70,70,0
1,71,0
71,71,0
1,72,0
72,72,0
1,73,0
73,73,0
1,74,0
74,74,0
1,75,0
75,75,0
1,76,0
76,76,0
1,77,0
77,77,0
1,78,0
78,78,0
1,79,0
79,79,0
1,80,0
80,80,0
1,81,0
81,81,0
1,82,0
82,82,0
1,83,0
83,83,0
1,84,0
84,84,0
1,85,0
85,85,0
1,86,0
86,86,0
1,87,0
87,87,0
1,88,0
88,88,0
1,89,0
89,89,0
1,90,0
90,90,0
1,91,0
91,91,0
1,92,0
92,92,0
1,93,0
93,93,0
1,94,0
94,94,0
1,95,0
95,95,0
1,96,0
96,96,0
1,97,0
97,97,0
1,98,0
98,98,0
1,99,0
99,99,0
1,100,0
100,100,0
1,101,0
101,101,0
1,102,0
102,102,0
1,103,0
103,103,0
1,104,0
104,104,0
1,105,0
105,105,0
1,106,0
106,106,0
1,107,0
107,107,0
1,108,0
108,108,0
1,109,0
109,109,0
1,110,0
110,110,0
1,111,0
111,111,0
1,112,0
112,112,0
1,113,0
113,113,0
1,114,0
112,114,0
1,115,0
112,115,0
1,116,0
110,116,0
1,117,0
110,117,0
1,118,0
107,118,0
1,119,0
107,119,0
1,120,0
104,120,0
1,121,0
104,121,0
1,122,0
102,122,0
1,123,0
102,123,0
1,124,0
101,124,0
1,125,0
101,125,0
1,126,0
101,126,0
1,127,0
101,127,0
1,128,0
101,128,0
1,129,0
100,129,0
1,130,0
99,130,0
1,131,0
98,131,0
1,132,0
98,132,0
1,133,0
95,133,0
1,134,0
95,134,0
1,135,0
95,135,0
1,136,0
95,136,0
1,137,0
95,137,0
1,138,0
94,138,0
1,139,0
93,139,0
1,140,0
93,140,0
1,141,0
92,141,0
1,142,0
90,142,0
1,143,0
90,143,0
1,144,0
90,144,0
1,145,0
90,145,0
1,146,0
90,146,0
1,147,0
90,147,0
1,148,0
88,148,0
1,149,0
88,149,0
1,150,0
87,150,0
1,151,0
86,151,0
1,152,0
84,152,0
1,153,0
82,153,0
1,154,0
82,154,0
1,155,0
80,155,0
1,156,0
79,156,0
1,157,0
79,157,0
1,158,0
79,158,0
1,159,0
78,159,0
1,160,0
78,160,0
1,161,0
77,161,0
1,162,0
77,162,0
1,163,0
77,163,0
1,164,0
77,164,0
1,165,0
76,165,0
1,166,0
74,166,0
1,167,0
73,167,0
1,168,0
71,168,0
1,169,0
70,169,0
1,170,0
70,170,0
1,171,0
70,171,0
1,172,0
70,172,0
1,173,0
70,173,0
1,174,0
70,174,0
1,175,0
70,175,0
1,176,0
69,176,0
1,177,0
69,177,0
1,178,0
69,178,0
1,179,0
69,179,0
1,180,0
65,180,0
1,181,0
65,181,0
1,182,0
65,182,0
1,183,0
64,183,0
1,184,0
64,184,0
1,185,0
64,185,0
1,186,0
63,186,0
1,187,0
63,187,0
1,188,0
63,188,0
1,189,0
63,189,0
1,190,0
62,190,0
1,191,0
62,191,0
1,192,0
62,192,0
1,193,0
62,193,0
1,194,0
62,194,0
1,195,0
60,195,0
1,196,0
60,196,0
1,197,0
60,197,0
1,198,0
60,198,0
1,199,0
59,199,0
1,200,0
59,200,0
1,201,0
59,201,0
1,202,0
58,202,0
1,203,0
58,203,0
1,204,0
55,204,0
1,205,0
55,205,0
1,206,0
52,206,0
1,207,0
49,207,0
1,208,0
49,208,0
1,209,0
49,209,0
1,210,0
49,210,0
1,211,0
49,211,0
1,212,0
49,212,0
1,213,0
49,213,0
1,214,0
49,214,0
1,215,0
49,215,0
1,216,0
49,216,0
1,217,0
49,217,0
1,218,0
49,218,0
1,219,0
49,219,0
1,220,0
49,220,0
1,221,0
49,221,0
1,222,0
49,222,0
1,223,0
48,223,0
1,224,0
48,224,0
1,225,0
48,225,0
1,226,0
48,226,0
1,227,0
48,227,0
1,228,0
48,228,0
1,229,0
47,229,0
1,230,0
47,230,0
1,231,0
47,231,0
1,232,0
47,232,0
1,233,0
47,233,0
1,234,0
45,234,0
1,235,0
45,235,0
1,236,0
45,236,0
1,237,0
45,237,0
1,238,0
45,238,0
1,239,0
45,239,0
1,240,0
45,240,0
1,241,0
44,241,0
1,242,0
43,242,0
1,243,0
43,243,0
1,244,0
43,244,0
1,245,0
43,245,0
1,246,0
43,246,0
1,247,0
43,247,0
1,248,0
43,248,0
1,249,0
43,249,0
1,250,0
43,250,0
1,251,0
43,251,0
1,252,0
43,252,0
1,253,0
43,253,0
1,254,0
43,254,0
1,255,0
42,255,0
1,256,0
42,256,0
1,257,0
42,257,0
1,258,0
42,258,0
1,259,0
42,259,0
1,260,0
42,260,0
1,261,0
42,261,0
1,262,0
42,262,0
1,263,0
42,263,0
1,264,0
42,264,0
1,265,0
42,265,0
1,266,0
42,266,0
1,267,0
42,267,0
1,268,0
42,268,0
1,269,0
39,269,0
1,270,0
39,270,0
1,271,0
39,271,0
1,272,0
39,272,0
1,273,0
39,273,0
1,274,0
39,274,0
1,275,0
39,275,0
1,276,0
39,276,0
1,277,0
39,277,0
1,278,0
39,278,0
1,279,0
39,279,0
1,280,0
39,280,0
1,281,0
39,281,0
1,282,0
39,282,0
1,283,0
39,283,0
1,284,0
39,284,0
1,285,0
38,285,0
1,286,0
38,286,0
1,287,0
38,287,0
1,288,0
38,288,0
1,289,0
37,289,0
1,290,0
37,290,0
1,291,0
37,291,0
1,292,0
37,292,0
1,293,0
37,293,0
1,294,0
37,294,0
1,295,0
37,295,0
1,296,0
37,296,0
1,297,0
37,297,0
1,298,0
36,298,0
1,299,0
36,299,0
1,300,0
36,300,0
1,301,0
36,301,0
1,302,0
36,302,0
1,303,0
36,303,0
1,304,0
36,304,0
1,305,0
36,305,0
1,306,0
36,306,0
1,307,0
36,307,0
1,308,0
36,308,0
1,309,0
36,309,0
1,310,0
36,310,0
1,311,0
36,311,0
1,312,0
35,312,0
1,313,0
35,313,0
1,314,0
35,314,0
1,315,0
35,315,0
1,316,0
35,316,0
1,317,0
35,317,0
1,318,0
35,318,0
1,319,0
34,319,0
1,320,0
34,320,0
1,321,0
34,321,0
1,322,0
34,322,0
1,323,0
33,323,0
1,324,0
33,324,0
1,325,0
33,325,0
1,326,0
33,326,0
1,327,0
32,327,0
1,328,0
31,328,0
1,329,0
31,329,0
1,330,0
31,330,0
1,331,0
31,331,0
1,332,0
31,332,0
1,333,0
31,333,0
1,334,0
31,334,0
1,335,0
31,335,0
1,336,0
31,336,0
1,337,0
31,337,0
1,338,0
31,338,0
1,339,0
31,339,0
1,340,0
31,340,0
1,341,0
31,341,0
1,342,0
31,342,0
1,343,0
31,343,0
1,344,0
30,344,0
1,345,0
30,345,0
1,346,0
30,346,0
1,347,0
30,347,0
1,348,0
30,348,0
1,349,0
30,349,0
1,350,0
30,350,0
1,351,0
30,351,0
1,352,0
29,352,0
1,353,0
29,353,0
1,354,0
29,354,0
1,355,0
29,355,0
1,356,0
29,356,0
1,357,0
29,357,0
1,358,0
29,358,0
1,359,0
29,359,0
1,360,0
29,360,0
1,361,0
29,361,0
1,362,0
29,362,0
1,363,0
29,363,0
1,364,0
29,364,0
1,365,0
29,365,0
1,366,0
29,366,0
1,367,0
29,367,0
1,368,0
28,368,0
1,369,0
28,369,0
1,370,0
28,370,0
1,371,0
28,371,0
1,372,0
28,372,0
1,373,0
28,373,0
1,374,0
28,374,0
1,375,0
28,375,0
1,376,0
28,376,0
1,377,0
28,377,0
1,378,0
28,378,0
1,379,0
27,379,0
1,380,0
27,380,0
1,381,0
27,381,0
1,382,0
27,382,0
1,383,0
27,383,0
1,384,0
27,384,0
1,385,0
27,385,0
1,386,0
27,386,0
1,387,0
27,387,0
1,388,0
27,388,0
1,389,0
27,389,0
1,390,0
27,390,0
1,391,0
27,391,0
1,392,0
27,392,0
1,393,0
27,393,0
1,394,0
27,394,0
1,395,0
26,395,0
1,396,0
26,396,0
1,397,0
26,397,0
1,398,0
26,398,0
1,399,0
25,399,0
1,400,0
25,400,0
1,401,0
25,401,0
1,402,0
25,402,0
1,403,0
25,403,0
1,404,0
25,404,0
1,405,0
25,405,0
1,406,0
25,406,0
1,407,0
24,407,0
1,408,0
22,408,0
1,409,0
22,409,0
1,410,0
22,410,0
1,411,0
22,411,0
1,412,0
22,412,0
1,413,0
21,413,0
1,414,0
21,414,0
1,415,0
21,415,0
1,416,0
21,416,0
1,417,0
21,417,0
1,418,0
21,418,0
1,419,0
21,419,0
1,420,0
21,420,0
1,421,0
21,421,0
1,422,0
21,422,0
1,423,0
21,423,0
1,424,0
21,424,0
1,425,0
21,425,0
1,426,0
21,426,0
1,427,0
21,427,0
1,428,0
21,428,0
1,429,0
21,429,0
1,430,0
21,430,0
1,431,0
21,431,0
1,432,0
21,432,0
1,433,0
21,433,0
1,434,0
21,434,0
1,435,0
21,435,0
1,436,0
21,436,0
1,437,0
21,437,0
1,438,0
21,438,0
1,439,0
21,439,0
1,440,0
21,440,0
1,441,0
21,441,0
1,442,0
21,442,0
1,443,0
21,443,0
1,444,0
21,444,0
1,445,0
21,445,0
1,446,0
20,446,0
1,447,0
20,447,0
1,448,0
20,448,0
1,449,0
20,449,0
1,450,0
20,450,0
1,451,0
20,451,0
1,452,0
20,452,0
1,453,0
20,453,0
1,454,0
20,454,0
1,455,0
20,455,0
1,456,0
20,456,0
1,457,0
20,457,0
1,458,0
20,458,0
1,459,0
20,459,0
1,460,0
20,460,0
1,461,0
19,461,0
1,462,0
19,462,0
1,463,0
19,463,0
1,464,0
19,464,0
1,465,0
18,465,0
1,466,0
18,466,0
1,467,0
18,467,0
1,468,0
18,468,0
1,469,0
18,469,0
1,470,0
18,470,0
1,471,0
18,471,0
1,472,0
18,472,0
1,473,0
18,473,0
1,474,0
18,474,0
1,475,0
16,475,0
1,476,0
16,476,0
1,477,0
16,477,0
1,478,0
16,478,0
1,479,0
16,479,0
1,480,0
16,480,0
1,481,0
16,481,0
1,482,0
16,482,0
1,483,0
16,483,0
1,484,0
16,484,0
1,485,0
16,485,0
1,486,0
16,486,0
1,487,0
16,487,0
1,488,0
16,488,0
1,489,0
16,489,0
1,490,0
16,490,0
1,491,0
16,491,0
1,492,0
16,492,0
1,493,0
16,493,0
1,494,0
16,494,0
1,495,0
16,495,0
1,496,0
16,496,0
1,497,0
16,497,0
1,498,0
16,498,0
1,499,0
16,499,0
1,500,0
16,500,0
1,501,0
16,501,0
1,502,0
16,502,0
1,503,0
16,503,0
1,504,0
16,504,0
1,505,0
16,505,0
1,506,0
16,506,0
1,507,0
16,507,0
1,508,0
16,508,0
1,509,0
16,509,0
1,510,0
16,510,0
1,511,0
16,511,0
1,512,0
16,512,0
1,513,0
16,513,0
1,514,0
16,514,0
1,515,0
16,515,0
1,516,0
16,516,0
1,517,0
16,517,0
1,518,0
16,518,0
1,519,0
16,519,0
1,520,0
16,520,0
1,521,0
16,521,0
1,522,0
16,522,0
1,523,0
16,523,0
1,524,0
15,524,0
1,525,0
15,525,0
1,526,0
15,526,0
1,527,0
15,527,0
1,528,0
15,528,0
1,529,0
15,529,0
1,530,0
15,530,0
1,531,0
15,531,0
1,532,0
15,532,0
1,533,0
15,533,0
1,534,0
15,534,0
1,535,0
15,535,0
1,536,0
15,536,0
1,537,0
15,537,0
1,538,0
15,538,0
1,539,0
15,539,0
1,540,0
15,540,0
1,541,0
15,541,0
1,542,0
14,542,0
1,543,0
14,543,0
1,544,0
14,544,0
1,545,0
14,545,0
1,546,0
13,546,0
1,547,0
13,547,0
1,548,0
13,548,0
1,549,0
13,549,0
1,550,0
13,550,0
1,551,0
13,551,0
1,552,0
13,552,0
1,553,0
13,553,0
1,554,0
13,554,0
1,555,0
13,555,0
1,556,0
12,556,0
1,557,0
12,557,0
1,558,0
12,558,0
1,559,0
12,559,0
1,560,0
11,560,0
1,561,0
11,561,0
1,562,0
11,562,0
1,563,0
11,563,0
1,564,0
11,564,0
1,565,0
11,565,0
1,566,0
11,566,0
1,567,0
11,567,0
1,568,0
11,568,0
1,569,0
11,569,0
1,570,0
11,570,0
1,571,0
10,571,0
1,572,0
9,572,0
1,573,0
9,573,0
1,574,0
9,574,0
1,575,0
9,575,0
1,576,0
9,576,0
1,577,0
9,577,0
1,578,0
9,578,0
1,579,0
9,579,0
1,580,0
8,580,0
1,581,0
8,581,0
1,582,0
8,582,0
1,583,0
8,583,0
1,584,0
8,584,0
1,585,0
8,585,0
1,586,0
8,586,0
1,587,0
8,587,0
1,588,0
8,588,0
1,589,0
8,589,0
1,590,0
8,590,0
1,591,0
8,591,0
1,592,0
8,592,0
1,593,0
8,593,0
1,594,0
8,594,0
1,595,0
8,595,0
1,596,0
8,596,0
1,597,0
8,597,0
1,598,0
8,598,0
1,599,0
8,599,0
1,600,0
8,600,0
1,601,0
8,601,0
1,602,0
8,602,0
1,603,0
8,603,0
1,604,0
8,604,0
1,605,0
8,605,0
1,606,0
8,606,0
1,607,0
8,607,0
1,608,0
8,608,0
1,609,0
8,609,0
1,610,0
8,610,0
1,611,0
8,611,0
1,612,0
8,612,0
1,613,0
8,613,0
1,614,0
7,614,0
1,615,0
7,615,0
1,616,0
7,616,0
1,617,0
7,617,0
1,618,0
7,618,0
1,619,0
7,619,0
1,620,0
7,620,0
1,621,0
7,621,0
1,622,0
7,622,0
1,623,0
7,623,0
1,624,0
6,624,0
1,625,0
6,625,0
1,626,0
6,626,0
1,627,0
6,627,0
1,628,0
6,628,0
1,629,0
6,629,0
1,630,0
6,630,0
1,631,0
6,631,0
1,632,0
6,632,0
1,633,0
6,633,0
1,634,0
6,634,0
1,635,0
6,635,0
1,636,0
6,636,0
1,637,0
6,637,0
1,638,0
6,638,0
1,639,0
6,639,0
1,640,0
6,640,0
1,641,0
6,641,0
1,642,0
6,642,0
1,643,0
6,643,0
1,644,0
6,644,0
1,645,0
6,645,0
1,646,0
5,646,0
1,647,0
5,647,0
1,648,0
5,648,0
1,649,0
5,649,0
1,650,0
5,650,0
1,651,0
5,651,0
1,652,0
5,652,0
1,653,0
5,653,0
1,654,0
5,654,0
1,655,0
5,655,0
1,656,0
5,656,0
1,657,0
5,657,0
1,658,0
5,658,0
1,659,0
5,659,0
1,660,0
5,660,0
1,661,0
5,661,0
1,662,0
5,662,0
1,663,0
5,663,0
1,664,0
5,664,0
1,665,0
5,665,0
1,666,0
5,666,0
1,667,0
5,667,0
1,668,0
5,668,0
1,669,0
5,669,0
1,670,0
5,670,0
1,671,0
5,671,0
1,672,0
5,672,0
1,673,0
5,673,0
1,674,0
5,674,0
1,675,0
5,675,0
1,676,0
5,676,0
1,677,0
5,677,0
1,678,0
5,678,0
1,679,0
5,679,0
1,680,0
5,680,0
1,681,0
5,681,0
1,682,0
5,682,0
1,683,0
5,683,0
1,684,0
5,684,0
1,685,0
5,685,0
1,686,0
5,686,0
1,687,0
5,687,0
1,688,0
5,688,0
1,689,0
5,689,0
1,690,0
5,690,0
1,691,0
5,691,0
1,692,0
5,692,0
1,693,0
5,693,0
1,694,0
5,694,0
1,695,0
5,695,0
1,696,0
5,696,0
1,697,0
5,697,0
1,698,0
5,698,0
1,699,0
5,699,0
1,700,0
5,700,0
1,701,0
5,701,0
1,702,0
5,702,0
1,703,0
5,703,0
1,704,0
5,704,0
1,705,0
5,705,0
1,706,0
5,706,0
1,707,0
5,707,0
1,708,0
5,708,0
1,709,0
5,709,0
1,710,0
5,710,0
1,711,0
5,711,0
1,712,0
5,712,0
1,713,0
5,713,0
1,714,0
5,714,0
1,715,0
5,715,0
1,716,0
5,716,0
1,717,0
5,717,0
1,718,0
5,718,0
1,719,0
5,719,0
1,720,0
5,720,0
1,721,0
5,721,0
1,722,0
5,722,0
1,723,0
5,723,0
1,724,0
5,724,0
1,725,0
5,725,0
1,726,0
5,726,0
1,727,0
5,727,0
1,728,0
5,728,0
1,729,0
5,729,0
1,730,0
5,730,0
1,731,0
5,731,0
1,732,0
5,732,0
1,733,0
5,733,0
1,734,0
5,734,0
1,735,0
5,735,0
1,736,0
5,736,0
1,737,0
5,737,0
1,738,0
5,738,0
1,739,0
5,739,0
1,740,0
5,740,0
1,741,0
5,741,0
1,742,0
5,742,0
1,743,0
5,743,0
1,744,0
5,744,0
1,745,0
5,745,0
1,746,0
5,746,0
1,747,0
5,747,0
1,748,0
5,748,0
1,749,0
5,749,0
1,750,0
5,750,0
1,751,0
5,751,0
1,752,0
5,752,0
1,753,0
5,753,0
1,754,0
5,754,0
1,755,0
5,755,0
1,756,0
5,756,0
1,757,0
5,757,0
1,758,0
5,758,0
1,759,0
5,759,0
1,760,0
5,760,0
1,761,0
5,761,0
1,762,0
5,762,0
1,763,0
5,763,0
1,764,0
5,764,0
1,765,0
5,765,0
1,766,0
5,766,0
1,767,0
5,767,0
1,768,0
5,768,0
1,769,0
5,769,0
1,770,0
5,770,0
1,771,0
5,771,0
1,772,0
5,772,0
1,773,0
5,773,0
1,774,0
5,774,0
1,775,0
5,775,0
1,776,0
5,776,0
1,777,0
5,777,0
1,778,0
5,778,0
1,779,0
5,779,0
1,780,0
5,780,0
1,781,0
5,781,0
1,782,0
5,782,0
1,783,0
5,783,0
1,784,0
5,784,0
1,785,0
5,785,0
1,786,0
5,786,0
1,787,0
5,787,0
1,788,0
5,788,0
1,789,0
5,789,0
1,790,0
5,790,0
1,791,0
5,791,0
1,792,0
5,792,0
1,793,0
5,793,0
1,794,0
5,794,0
1,795,0
5,795,0
1,796,0
5,796,0
1,797,0
5,797,0
1,798,0
5,798,0
1,799,0
5,799,0
1,800,0
5,800,0
1,801,0
5,801,0
1,802,0
5,802,0
1,803,0
5,803,0
1,804,0
5,804,0
1,805,0
5,805,0
1,806,0
5,806,0
1,807,0
5,807,0
1,808,0
5,808,0
1,809,0
5,809,0
1,810,0
5,810,0
1,811,0
5,811,0
1,812,0
5,812,0
1,813,0
5,813,0
1,814,0
5,814,0
1,815,0
5,815,0
1,816,0
5,816,0
1,817,0
5,817,0
1,818,0
5,818,0
1,819,0
5,819,0
1,820,0
5,820,0
1,821,0
5,821,0
1,822,0
5,822,0
1,823,0
5,823,0
1,824,0
5,824,0
1,825,0
5,825,0
1,826,0
5,826,0
1,827,0
5,827,0
1,828,0
5,828,0
1,829,0
5,829,0
1,830,0
5,830,0
1,831,0
5,831,0
1,832,0
5,832,0
1,833,0
5,833,0
1,834,0
5,834,0
1,835,0
5,835,0
1,836,0
5,836,0
1,837,0
5,837,0
1,838,0
5,838,0
1,839,0
5,839,0
1,840,0
5,840,0
1,841,0
5,841,0
1,842,0
5,842,0
1,843,0
5,843,0
1,844,0
5,844,0
1,845,0
5,845,0
1,846,0
5,846,0
1,847,0
5,847,0
1,848,0
5,848,0
1,849,0
5,849,0
1,850,0
5,850,0
1,851,0
5,851,0
1,852,0
5,852,0
1,853,0
5,853,0
1,854,0
4,854,0
1,855,0
4,855,0
1,856,0
4,856,0
1,857,0
4,857,0
1,858,0
4,858,0
1,859,0
4,859,0
1,860,0
4,860,0
1,861,0
4,861,0
1,862,0
4,862,0
1,863,0
4,863,0
1,864,0
4,864,0
1,865,0
4,865,0
1,866,0
4,866,0
1,867,0
4,867,0
1,868,0
4,868,0
1,869,0
4,869,0
1,870,0
4,870,0
1,871,0
4,871,0
1,872,0
4,872,0
1,873,0
4,873,0
1,874,0
4,874,0
1,875,0
4,875,0
1,876,0
4,876,0
1,877,0
4,877,0
1,878,0
4,878,0
1,879,0
4,879,0
1,880,0
4,880,0
1,881,0
4,881,0
1,882,0
4,882,0
1,883,0
4,883,0
1,884,0
4,884,0
1,885,0
4,885,0
1,886,0
4,886,0
1,887,0
4,887,0
1,888,0
4,888,0
1,889,0
4,889,0
1,890,0
4,890,0
1,891,0
4,891,0
1,892,0
4,892,0
1,893,0
4,893,0
1,894,0
4,894,0
1,895,0
4,895,0
1,896,0
4,896,0
1,897,0
4,897,0
1,898,0
4,898,0
1,899,0
4,899,0
1,900,0
4,900,0
1,901,0
4,901,0
1,902,0
4,902,0
1,903,0
4,903,0
1,904,0
4,904,0
1,905,0
4,905,0
1,906,0
4,906,0
1,907,0
4,907,0
1,908,0
4,908,0
1,909,0
4,909,0
1,910,0
4,910,0
1,911,0
4,911,0
1,912,0
4,912,0
1,913,0
4,913,0
1,914,0
4,914,0
1,915,0
4,915,0
1,916,0
4,916,0
1,917,0
4,917,0
1,918,0
4,918,0
1,919,0
4,919,0
1,920,0
4,920,0
1,921,0
4,921,0
1,922,0
4,922,0
1,923,0
4,923,0
1,924,0
4,924,0
1,925,0
4,925,0
1,926,0
4,926,0
1,927,0
4,927,0
1,928,0
4,928,0
1,929,0
4,929,0
1,930,0
4,930,0
1,931,0
4,931,0
1,932,0
4,932,0
1,933,0
4,933,0
1,934,0
4,934,0
1,935,0
4,935,0
1,936,0
4,936,0
1,937,0
4,937,0
1,938,0
4,938,0
1,939,0
4,939,0
1,940,0
3,940,0
1,941,0
3,941,0
1,942,0
3,942,0
1,943,0
3,943,0
1,944,0
3,944,0
1,945,0
3,945,0
1,946,0
3,946,0
1,947,0
3,947,0
1,948,0
3,948,0
1,949,0
3,949,0
1,950,0
3,950,0
1,951,0
3,951,0
1,952,0
3,952,0
1,953,0
3,953,0
1,954,0
3,954,0
1,955,0
3,955,0
1,956,0
3,956,0
1,957,0
3,957,0
1,958,0
3,958,0
1,959,0
3,959,0
1,960,0
3,960,0
1,961,0
3,961,0
1,962,0
3,962,0
1,963,0
3,963,0
1,964,0
3,964,0
1,965,0
3,965,0
1,966,0
3,966,0
1,967,0
3,967,0
1,968,0
3,968,0
1,969,0
3,969,0
1,970,0
3,970,0
1,971,0
3,971,0
1,972,0
3,972,0
1,973,0
3,973,0
1,974,0
3,974,0
1,975,0
3,975,0
1,976,0
3,976,0
1,977,0
3,977,0
1,978,0
3,978,0
1,979,0
3,979,0
1,980,0
3,980,0
1,981,0
3,981,0
1,982,0
3,982,0
1,983,0
3,983,0
1,984,0
2,984,0
1,985,0
1,985,0
1,986,0
1,986,0
1,987,0
1,987,0
1,988,0
1,988,0
1,989,0
1,989,0
1,990,0
1,990,0
1,991,0
1,991,0
1,992,0
1,992,0
1,993,0
1,993,0
1,994,0
1,994,0
1,995,0
1,995,0
1,996,0
1,996,0
1,997,0
1,997,0
1,998,0
1,998,0
1,999,0
1,999,0
1,1000,0
1,1000,0
1,1001,0
1,1001,0
1,1002,0
1,1002,0
1,1003,0
1,1003,0
1,1004,0
1,1004,0
1,1005,0
1,1005,0
1,1006,0
1,1006,0
1,1007,0
1,1007,0
1,1008,0
1,1008,0
1,1009,0
1,1009,0
1,1010,0
1,1010,0
1,1011,0
1,1011,0
1,1012,0
1,1012,0
1,1013,0
1,1013,0
1,1014,0
1,1014,0
1,1015,0
1,1015,0
1,1016,0
1,1016,0
1,1017,0
1,1017,0
1,1018,0
1,1018,0
1,1019,0
1,1019,0
1,1020,0
1,1020,0
1,1021,0
1,1021,0
1,1022,0
1,1022,0
1,1023,0
1,1023,0
1,1024,0
1,1024,0
1,1025,0
1,1025,0
1,1026,0
1,1026,0
1,1027,0
1,1027,0
1,1028,0
1,1028,0
1,1029,0
1,1029,0
1,1030,0
1,1030,0
1,1031,0
1,1031,0
1,1032,0
1,1032,0
1,1033,0
1,1033,0
1,1034,0
1,1034,0
1,1035,0
1,1035,0
1,1036,0
1,1036,0
1,1037,0
1,1037,0
1,1038,0
1,1038,0
1,1039,0
1,1039,0
1,1040,0
1,1040,0
1,1041,0
1,1041,0
1,1042,0
1,1042,0
1,1043,0
1,1043,0
1,1044,0
1,1044,0
1,1045,0
1,1045,0
1,1046,0
1,1046,0
1,1047,0
1,1047,0
1,1048,0
1,1048,0
1,1049,0
1,1049,0
1,1050,0
1,1050,0
1,1051,0
1,1051,0
1,1052,0
1,1052,0
1,1053,0
1,1053,0
1,1054,0
1,1054,0
1,1055,0
1,1055,0
1,1056,0
1,1056,0
1,1057,0
1,1057,0
1,1058,0
1,1058,0
1,1059,0
1,1059,0
1,1060,0
1,1060,0
1,1061,0
1,1061,0
1,1062,0
1,1062,0
1,1063,0
1,1063,0
1,1064,0
1,1064,0
1,1065,0
1,1065,0
1,1066,0
1,1066,0
1,1067,0
1,1067,0
1,1068,0
1,1068,0
1,1069,0
1,1069,0
1,1070,0
1,1070,0
1,1071,0
1,1071,0
1,1072,0
1,1072,0
1,1073,0
1,1073,0
1,1074,0
1,1074,0
1,1075,0
1,1075,0
1,1076,0
1,1076,0
1,1077,0
1,1077,0
1,1078,0
1,1078,0
1,1079,0
1,1079,0
1,1080,0
1,1080,0
1,1081,0
1,1081,0
1,1082,0
1,1082,0
1,1083,0
1,1083,0
1,1084,0
1,1084,0
1,1085,0
1,1085,0
1,1086,0
1,1086,0
1,1087,0
1,1087,0
1,1088,0
1,1088,0
1,1089,0
1,1089,0
1,1090,0
1,1090,0
1,1091,0
1,1091,0
1,1092,0
1,1092,0
1,1093,0
1,1093,0
1,1094,0
1,1094,0
1,1095,0
1,1095,0
1,1096,0
1,1096,0
1,1097,0
1,1097,0
1,1098,0
1,1098,0
1,1099,0
1,1099,0
1,1100,0
1,1100,0
1,1101,0
1,1101,0
1,1102,0
1,1102,0
1,1103,0
1,1103,0
1,1104,0
1,1104,0
1,1105,0
1,1105,0
1,1106,0
1,1106,0
1,1107,0
1,1107,0
1,1108,0
1,1108,0
1,1109,0
1,1109,0
1,1110,0
1,1110,0
1,1111,0
1,1111,0
1,1112,0
1,1112,0
1,1113,0
1,1113,0
1,1114,0
1,1114,0
1,1115,0
1,1115,0
1,1116,0
1,1116,0
1,1117,0
1,1117,0
1,1118,0
1,1118,0
1,1119,0
1,1119,0
1,1120,0
1,1120,0
1,1121,0
1,1121,0
1,1122,0
1,1122,0
1,1123,0
1,1123,0
1,1124,0
1,1124,0
1,1125,0
1,1125,0
1,1126,0
1,1126,0
1,1127,0
1,1127,0
1,1128,0
1,1128,0
1,1129,0
1,1129,0
1,1130,0
1,1130,0
1,1131,0
1,1131,0
1,1132,0
1,1132,0
1,1133,0
1,1133,0
1,1134,0
1,1134,0
1,1135,0
1,1135,0
1,1136,0
1,1136,0
1,1137,0
1,1137,0
1,1138,0
1,1138,0
1,1139,0
1,1139,0
1,1140,0
1,1140,0
1,1141,0
1,1141,0
1,1142,0
1,1142,0
1,1143,0
1,1143,0
1,1144,0
1,1144,0
1,1145,0
1,1145,0
1,1146,0
1,1146,0
1,1147,0
1,1147,0
1,1148,0
1,1148,0
1,1149,0
1,1149,0
1,1150,0
1,1150,0
1,1151,0
1,1151,0
1,1152,0
1,1152,0
1,1153,0
1,1153,0
1,1154,0
1,1154,0
1,1155,0
1,1155,0
1,1156,0
1,1156,0
1,1157,0
1,1157,0
1,1158,0
1,1158,0
1,1159,0
1,1159,0
1,1160,0
1,1160,0
1,1161,0
1,1161,0
1,1162,0
1,1162,0
1,1163,0
1,1163,0
1,1164,0
1,1164,0
1,1165,0
1,1165,0
1,1166,0
1,1166,0
1,1167,0
1,1167,0
1,1168,0
1,1168,0
1,1169,0
1,1169,0
1,1170,0
1,1170,0
1,1171,0
1,1171,0
1,1172,0
1,1172,0
1,1173,0
1,1173,0
1,1174,0
1,1174,0
1,1175,0
1,1175,0
1,1176,0
1,1176,0
1,1177,0
1,1177,0
1,1178,0
1,1178,0
1,1179,0
1,1179,0
1,1180,0
1,1180,0
1,1181,0
1,1181,0
1,1182,0
1,1182,0
1,1183,0
1,1183,0
1,1184,0
1,1184,0
1,1185,0
1,1185,0
1,1186,0
1,1186,0
1,1187,0
1,1187,0
1,1188,0
1,1188,0
1,1189,0
1,1189,0
1,1190,0
1,1190,0
1,1191,0
1,1191,0
1,1192,0
1,1192,0
1,1193,0
1,1193,0
1,1194,0
1,1194,0
1,1195,0
1,1195,0
1,1196,0
1,1196,0
1,1197,0
1,1197,0
1,1198,0
1,1198,0
1,1199,0
1,1199,0
1,1200,0
1,1200,0
1,1201,0
1,1201,0
1,1202,0
1,1202,0
1,1203,0
1,1203,0
1,1204,0
1,1204,0
1,1205,0
1,1205,0
1,1206,0
1,1206,0
1,1207,0
1,1207,0
1,1208,0
1,1208,0
1,1209,0
1,1209,0
1,1210,0
1,1210,0
1,1211,0
1,1211,0
1,1212,0
1,1212,0
1,1213,0
1,1213,0
1,1214,0
1,1214,0
1,1215,0
1,1215,0
1,1216,0
1,1216,0
1,1217,0
1,1217,0
1,1218,0
1,1218,0
1,1219,0
1,1219,0
1,1220,0
1,1220,0
1,1221,0
1,1221,0
1,1222,0
1,1222,0
1,1223,0
1,1223,0
1,1224,0
1,1224,0
1,1225,0
1,1225,0
1,1226,0
1,1226,0
1,1227,0
1,1227,0
1,1228,0
1,1228,0
1,1229,0
1,1229,0
1,1230,0
1,1230,0
1,1231,0
1,1231,0
1,1232,0
1,1232,0
1,1233,0
1,1233,0
1,1234,0
1,1234,0
1,1235,0
1,1235,0
1,1236,0
1,1236,0
1,1237,0
1,1237,0
1,1238,0
1,1238,0
1,1239,0
1,1239,0
1,1240,0
1,1240,0
1,1241,0
1,1241,0
1,1242,0
1,1242,0
1,1243,0
1,1243,0
1,1244,0
1,1244,0
1,1245,0
1,1245,0
1,1246,0
1,1246,0
1,1247,0
1,1247,0
1,1248,0
1,1248,0
1,1249,0
1,1249,0
1,1250,0
1,1250,0
1,1251,0
1,1251,0
1,1252,0
1,1252,0
1,1253,0
1,1253,0
1,1254,0
1,1254,0
1,1255,0
1,1255,0
1,1256,0
1,1256,0
1,1257,0
1,1257,0
1,1258,0
1,1258,0
1,1259,0
1,1259,0
1,1260,0
1,1260,0
1,1261,0
1,1261,0
1,1262,0
1,1262,0
