1,1,0
121,1,0
1,2,0
120,2,0
1,3,0
119,3,0
1,4,0
118,4,0
1,5,0
117,5,0
1,6,0
116,6,0
1,7,0
116,7,0
1,8,0
116,8,0
1,9,0
116,9,0
1,10,0
115,10,0
1,11,0
114,11,0
1,12,0
114,12,0
1,13,0
113,13,0
1,14,0
112,14,0
1,15,0
111,15,0
1,16,0
110,16,0
1,17,0
109,17,0
1,18,0
108,18,0
1,19,0
107,19,0
1,20,0
107,20,0
1,21,0
107,21,0
1,22,0
106,22,0
1,23,0
105,23,0
1,24,0
104,24,0
1,25,0
103,25,0
1,26,0
103,26,0
1,27,0
103,27,0
1,28,0
102,28,0
1,29,0
101,29,0
1,30,0
101,30,0
1,31,0
101,31,0
1,32,0
101,32,0
1,33,0
101,33,0
1,34,0
100,34,0
1,35,0
100,35,0
1,36,0
100,36,0
1,37,0
100,37,0
1,38,0
100,38,0
1,39,0
100,39,0
1,40,0
100,40,0
1,41,0
99,41,0
1,42,0
98,42,0
1,43,0
97,43,0
1,44,0
97,44,0
1,45,0
96,45,0
1,46,0
96,46,0
1,47,0
95,47,0
1,48,0
95,48,0
1,49,0
95,49,0
1,50,0
94,50,0
1,51,0
94,51,0
1,52,0
94,52,0
1,53,0
93,53,0
1,54,0
92,54,0
1,55,0
92,55,0
1,56,0
92,56,0
1,57,0
92,57,0
1,58,0
92,58,0
1,59,0
92,59,0
1,60,0
92,60,0
1,61,0
92,61,0
1,62,0
91,62,0
1,63,0
90,63,0
1,64,0
90,64,0
1,65,0
90,65,0
1,66,0
90,66,0
1,67,0
90,67,0
1,68,0
89,68,0
1,69,0
88,69,0
1,70,0
88,70,0
1,71,0
88,71,0
1,72,0
88,72,0
1,73,0
88,73,0
1,74,0
88,74,0
1,75,0
87,75,0
1,76,0
86,76,0
1,77,0
85,77,0
1,78,0
84,78,0
1,79,0
84,79,0
1,80,0
84,80,0
1,81,0
84,81,0
1,82,0
84,82,0
1,83,0
84,83,0
1,84,0
84,84,0
1,85,0
84,85,0
1,86,0
84,86,0
1,87,0
84,87,0
1,88,0
83,88,0
1,89,0
83,89,0
1,90,0
82,90,0
1,91,0
82,91,0
1,92,0
81,92,0
1,93,0
81,93,0
1,94,0
81,94,0
1,95,0
80,95,0
1,96,0
80,96,0
1,97,0
79,97,0
1,98,0
79,98,0
1,99,0
79,99,0
1,100,0
79,100,0
1,101,0
78,101,0
1,102,0
78,102,0
1,103,0
78,103,0
1,104,0
78,104,0
1,105,0
77,105,0
1,106,0
76,106,0
1,107,0
76,107,0
1,108,0
75,108,0
1,109,0
75,109,0
1,110,0
75,110,0
1,111,0
74,111,0
1,112,0
73,112,0
1,113,0
72,113,0
1,114,0
72,114,0
1,115,0
72,115,0
1,116,0
71,116,0
1,117,0
71,117,0
1,118,0
70,118,0
1,119,0
69,119,0
1,120,0
69,120,0
1,121,0
69,121,0
1,122,0
69,122,0
1,123,0
69,123,0
1,124,0
69,124,0
1,125,0
69,125,0
1,126,0
69,126,0
1,127,0
69,127,0
1,128,0
68,128,0
1,129,0
68,129,0
1,130,0
67,130,0
1,131,0
67,131,0
1,132,0
66,132,0
1,133,0
66,133,0
1,134,0
66,134,0
1,135,0
65,135,0
1,136,0
65,136,0
1,137,0
65,137,0
1,138,0
65,138,0
1,139,0
64,139,0
1,140,0
64,140,0
1,141,0
63,141,0
1,142,0
63,142,0
1,143,0
62,143,0
1,144,0
62,144,0
1,145,0
62,145,0
1,146,0
62,146,0
1,147,0
61,147,0
1,148,0
61,148,0
1,149,0
61,149,0
1,150,0
61,150,0
1,151,0
61,151,0
1,152,0
61,152,0
1,153,0
61,153,0
1,154,0
60,154,0
1,155,0
60,155,0
1,156,0
60,156,0
1,157,0
59,157,0
1,158,0
59,158,0
1,159,0
59,159,0
1,160,0
58,160,0
1,161,0
58,161,0
1,162,0
58,162,0
1,163,0
57,163,0
1,164,0
57,164,0
1,165,0
57,165,0
1,166,0
56,166,0
1,167,0
56,167,0
1,168,0
56,168,0
1,169,0
55,169,0
1,170,0
54,170,0
1,171,0
54,171,0
1,172,0
53,172,0
1,173,0
53,173,0
1,174,0
53,174,0
1,175,0
53,175,0
1,176,0
53,176,0
1,177,0
53,177,0
1,178,0
53,178,0
1,179,0
52,179,0
1,180,0
52,180,0
1,181,0
52,181,0
1,182,0
51,182,0
1,183,0
51,183,0
1,184,0
51,184,0
1,185,0
51,185,0
1,186,0
51,186,0
1,187,0
51,187,0
1,188,0
51,188,0
1,189,0
51,189,0
1,190,0
51,190,0
1,191,0
50,191,0
1,192,0
50,192,0
1,193,0
50,193,0
1,194,0
50,194,0
1,195,0
49,195,0
1,196,0
49,196,0
1,197,0
48,197,0
1,198,0
48,198,0
1,199,0
48,199,0
1,200,0
48,200,0
1,201,0
47,201,0
1,202,0
47,202,0
1,203,0
47,203,0
1,204,0
46,204,0
1,205,0
46,205,0
1,206,0
46,206,0
1,207,0
46,207,0
1,208,0
45,208,0
1,209,0
45,209,0
1,210,0
45,210,0
1,211,0
45,211,0
1,212,0
45,212,0
1,213,0
44,213,0
1,214,0
44,214,0
1,215,0
43,215,0
1,216,0
43,216,0
1,217,0
43,217,0
1,218,0
43,218,0
1,219,0
43,219,0
1,220,0
43,220,0
1,221,0
43,221,0
1,222,0
42,222,0
1,223,0
41,223,0
1,224,0
41,224,0
1,225,0
41,225,0
1,226,0
41,226,0
1,227,0
41,227,0
1,228,0
41,228,0
1,229,0
41,229,0
1,230,0
41,230,0
1,231,0
41,231,0
1,232,0
41,232,0
1,233,0
41,233,0
1,234,0
41,234,0
1,235,0
41,235,0
1,236,0
40,236,0
1,237,0
40,237,0
1,238,0
39,238,0
1,239,0
39,239,0
1,240,0
39,240,0
1,241,0
39,241,0
1,242,0
38,242,0
1,243,0
38,243,0
1,244,0
37,244,0
1,245,0
36,245,0
1,246,0
36,246,0
1,247,0
36,247,0
1,248,0
35,248,0
1,249,0
35,249,0
1,250,0
34,250,0
1,251,0
34,251,0
1,252,0
34,252,0
1,253,0
34,253,0
1,254,0
34,254,0
1,255,0
34,255,0
1,256,0
34,256,0
1,257,0
34,257,0
1,258,0
34,258,0
1,259,0
34,259,0
1,260,0
34,260,0
1,261,0
34,261,0
1,262,0
34,262,0
1,263,0
34,263,0
1,264,0
34,264,0
1,265,0
34,265,0
1,266,0
34,266,0
1,267,0
34,267,0
1,268,0
34,268,0
1,269,0
34,269,0
1,270,0
34,270,0
1,271,0
34,271,0
1,272,0
34,272,0
1,273,0
34,273,0
1,274,0
34,274,0
1,275,0
34,275,0
1,276,0
34,276,0
1,277,0
34,277,0
1,278,0
34,278,0
1,279,0
34,279,0
1,280,0
34,280,0
1,281,0
34,281,0
1,282,0
34,282,0
1,283,0
34,283,0
1,284,0
34,284,0
1,285,0
34,285,0
1,286,0
34,286,0
1,287,0
34,287,0
1,288,0
34,288,0
1,289,0
34,289,0
1,290,0
34,290,0
1,291,0
34,291,0
1,292,0
34,292,0
1,293,0
34,293,0
1,294,0
34,294,0
1,295,0
34,295,0
1,296,0
33,296,0
1,297,0
33,297,0
1,298,0
33,298,0
1,299,0
33,299,0
1,300,0
33,300,0
1,301,0
33,301,0
1,302,0
33,302,0
1,303,0
33,303,0
1,304,0
33,304,0
1,305,0
33,305,0
1,306,0
33,306,0
1,307,0
33,307,0
1,308,0
33,308,0
1,309,0
33,309,0
1,310,0
33,310,0
1,311,0
33,311,0
1,312,0
33,312,0
1,313,0
33,313,0
1,314,0
32,314,0
1,315,0
31,315,0
1,316,0
31,316,0
1,317,0
31,317,0
1,318,0
31,318,0
1,319,0
31,319,0
1,320,0
31,320,0
1,321,0
31,321,0
1,322,0
31,322,0
1,323,0
30,323,0
1,324,0
30,324,0
1,325,0
30,325,0
1,326,0
30,326,0
1,327,0
30,327,0
1,328,0
30,328,0
1,329,0
30,329,0
1,330,0
30,330,0
1,331,0
30,331,0
1,332,0
30,332,0
1,333,0
29,333,0
1,334,0
29,334,0
1,335,0
29,335,0
1,336,0
29,336,0
1,337,0
29,337,0
1,338,0
29,338,0
1,339,0
29,339,0
1,340,0
29,340,0
1,341,0
29,341,0
1,342,0
28,342,0
1,343,0
28,343,0
1,344,0
28,344,0
1,345,0
28,345,0
1,346,0
28,346,0
1,347,0
28,347,0
1,348,0
28,348,0
1,349,0
28,349,0
1,350,0
28,350,0
1,351,0
28,351,0
1,352,0
28,352,0
1,353,0
27,353,0
1,354,0
27,354,0
1,355,0
27,355,0
1,356,0
27,356,0
1,357,0
27,357,0
1,358,0
27,358,0
1,359,0
27,359,0
1,360,0
27,360,0
1,361,0
27,361,0
1,362,0
26,362,0
1,363,0
26,363,0
1,364,0
26,364,0
1,365,0
26,365,0
1,366,0
26,366,0
1,367,0
26,367,0
1,368,0
26,368,0
1,369,0
26,369,0
1,370,0
26,370,0
1,371,0
26,371,0
1,372,0
26,372,0
1,373,0
26,373,0
1,374,0
25,374,0
1,375,0
25,375,0
1,376,0
25,376,0
1,377,0
25,377,0
1,378,0
25,378,0
1,379,0
25,379,0
1,380,0
25,380,0
1,381,0
25,381,0
1,382,0
25,382,0
1,383,0
25,383,0
1,384,0
25,384,0
1,385,0
25,385,0
1,386,0
24,386,0
1,387,0
24,387,0
1,388,0
24,388,0
1,389,0
24,389,0
1,390,0
24,390,0
1,391,0
24,391,0
1,392,0
23,392,0
1,393,0
23,393,0
1,394,0
23,394,0
1,395,0
23,395,0
1,396,0
23,396,0
1,397,0
22,397,0
1,398,0
22,398,0
1,399,0
22,399,0
1,400,0
22,400,0
1,401,0
22,401,0
1,402,0
22,402,0
1,403,0
22,403,0
1,404,0
22,404,0
1,405,0
22,405,0
1,406,0
22,406,0
1,407,0
21,407,0
1,408,0
21,408,0
1,409,0
21,409,0
1,410,0
20,410,0
1,411,0
20,411,0
1,412,0
20,412,0
1,413,0
20,413,0
1,414,0
20,414,0
1,415,0
20,415,0
1,416,0
20,416,0
1,417,0
20,417,0
1,418,0
20,418,0
1,419,0
20,419,0
1,420,0
20,420,0
1,421,0
20,421,0
1,422,0
20,422,0
1,423,0
20,423,0
1,424,0
20,424,0
1,425,0
20,425,0
1,426,0
20,426,0
1,427,0
20,427,0
1,428,0
20,428,0
1,429,0
20,429,0
1,430,0
19,430,0
1,431,0
19,431,0
1,432,0
19,432,0
1,433,0
19,433,0
1,434,0
19,434,0
1,435,0
19,435,0
1,436,0
19,436,0
1,437,0
19,437,0
1,438,0
19,438,0
1,439,0
19,439,0
1,440,0
19,440,0
1,441,0
19,441,0
1,442,0
19,442,0
1,443,0
19,443,0
1,444,0
19,444,0
1,445,0
19,445,0
1,446,0
19,446,0
1,447,0
19,447,0
1,448,0
19,448,0
1,449,0
19,449,0
1,450,0
19,450,0
1,451,0
18,451,0
1,452,0
18,452,0
1,453,0
18,453,0
1,454,0
18,454,0
1,455,0
18,455,0
1,456,0
18,456,0
1,457,0
18,457,0
1,458,0
18,458,0
1,459,0
18,459,0
1,460,0
18,460,0
1,461,0
18,461,0
1,462,0
18,462,0
1,463,0
18,463,0
1,464,0
18,464,0
1,465,0
18,465,0
1,466,0
18,466,0
1,467,0
18,467,0
1,468,0
17,468,0
1,469,0
17,469,0
1,470,0
17,470,0
1,471,0
17,471,0
1,472,0
17,472,0
1,473,0
17,473,0
1,474,0
17,474,0
1,475,0
17,475,0
1,476,0
17,476,0
1,477,0
17,477,0
1,478,0
17,478,0
1,479,0
17,479,0
1,480,0
17,480,0
1,481,0
17,481,0
1,482,0
17,482,0
1,483,0
17,483,0
1,484,0
17,484,0
1,485,0
17,485,0
1,486,0
17,486,0
1,487,0
17,487,0
1,488,0
17,488,0
1,489,0
17,489,0
1,490,0
17,490,0
1,491,0
16,491,0
1,492,0
16,492,0
1,493,0
16,493,0
1,494,0
16,494,0
1,495,0
15,495,0
1,496,0
15,496,0
1,497,0
15,497,0
1,498,0
15,498,0
1,499,0
15,499,0
1,500,0
15,500,0
1,501,0
15,501,0
1,502,0
15,502,0
1,503,0
15,503,0
1,504,0
15,504,0
1,505,0
15,505,0
1,506,0
15,506,0
1,507,0
15,507,0
1,508,0
15,508,0
1,509,0
15,509,0
1,510,0
15,510,0
1,511,0
15,511,0
1,512,0
15,512,0
1,513,0
15,513,0
1,514,0
15,514,0
1,515,0
15,515,0
1,516,0
15,516,0
1,517,0
15,517,0
1,518,0
15,518,0
1,519,0
15,519,0
1,520,0
15,520,0
1,521,0
15,521,0
1,522,0
14,522,0
1,523,0
14,523,0
1,524,0
14,524,0
1,525,0
14,525,0
1,526,0
14,526,0
1,527,0
14,527,0
1,528,0
14,528,0
1,529,0
14,529,0
1,530,0
13,530,0
1,531,0
13,531,0
1,532,0
13,532,0
1,533,0
13,533,0
1,534,0
13,534,0
1,535,0
13,535,0
1,536,0
13,536,0
1,537,0
13,537,0
1,538,0
13,538,0
1,539,0
13,539,0
1,540,0
13,540,0
1,541,0
13,541,0
1,542,0
13,542,0
1,543,0
13,543,0
1,544,0
13,544,0
1,545,0
13,545,0
1,546,0
13,546,0
1,547,0
13,547,0
1,548,0
13,548,0
1,549,0
13,549,0
1,550,0
13,550,0
1,551,0
13,551,0
1,552,0
13,552,0
1,553,0
13,553,0
1,554,0
13,554,0
1,555,0
13,555,0
1,556,0
13,556,0
1,557,0
13,557,0
1,558,0
13,558,0
1,559,0
13,559,0
1,560,0
13,560,0
1,561,0
13,561,0
1,562,0
13,562,0
1,563,0
13,563,0
1,564,0
13,564,0
1,565,0
13,565,0
1,566,0
13,566,0
1,567,0
13,567,0
1,568,0
13,568,0
1,569,0
13,569,0
1,570,0
13,570,0
1,571,0
13,571,0
1,572,0
13,572,0
1,573,0
13,573,0
1,574,0
13,574,0
1,575,0
13,575,0
1,576,0
13,576,0
1,577,0
13,577,0
1,578,0
13,578,0
1,579,0
13,579,0
1,580,0
13,580,0
1,581,0
13,581,0
1,582,0
13,582,0
1,583,0
13,583,0
1,584,0
13,584,0
1,585,0
13,585,0
1,586,0
13,586,0
1,587,0
13,587,0
1,588,0
13,588,0
1,589,0
13,589,0
1,590,0
13,590,0
1,591,0
13,591,0
1,592,0
13,592,0
1,593,0
12,593,0
1,594,0
12,594,0
1,595,0
12,595,0
1,596,0
12,596,0
1,597,0
12,597,0
1,598,0
12,598,0
1,599,0
12,599,0
1,600,0
12,600,0
1,601,0
12,601,0
1,602,0
12,602,0
1,603,0
12,603,0
1,604,0
12,604,0
1,605,0
12,605,0
1,606,0
12,606,0
1,607,0
12,607,0
1,608,0
12,608,0
1,609,0
12,609,0
1,610,0
12,610,0
1,611,0
12,611,0
1,612,0
12,612,0
1,613,0
12,613,0
1,614,0
12,614,0
1,615,0
12,615,0
1,616,0
12,616,0
1,617,0
12,617,0
1,618,0
12,618,0
1,619,0
12,619,0
1,620,0
12,620,0
1,621,0
12,621,0
1,622,0
12,622,0
1,623,0
12,623,0
1,624,0
12,624,0
1,625,0
12,625,0
1,626,0
12,626,0
1,627,0
12,627,0
1,628,0
12,628,0
1,629,0
12,629,0
1,630,0
12,630,0
1,631,0
12,631,0
1,632,0
12,632,0
1,633,0
12,633,0
1,634,0
12,634,0
1,635,0
11,635,0
1,636,0
11,636,0
1,637,0
11,637,0
1,638,0
11,638,0
1,639,0
11,639,0
1,640,0
11,640,0
1,641,0
11,641,0
1,642,0
11,642,0
1,643,0
11,643,0
1,644,0
11,644,0
1,645,0
11,645,0
1,646,0
11,646,0
1,647,0
11,647,0
1,648,0
11,648,0
1,649,0
11,649,0
1,650,0
11,650,0
1,651,0
11,651,0
1,652,0
11,652,0
1,653,0
11,653,0
1,654,0
11,654,0
1,655,0
11,655,0
1,656,0
11,656,0
1,657,0
11,657,0
1,658,0
11,658,0
1,659,0
11,659,0
1,660,0
11,660,0
1,661,0
11,661,0
1,662,0
11,662,0
1,663,0
11,663,0
1,664,0
11,664,0
1,665,0
11,665,0
1,666,0
11,666,0
1,667,0
11,667,0
1,668,0
11,668,0
1,669,0
10,669,0
1,670,0
10,670,0
1,671,0
10,671,0
1,672,0
10,672,0
1,673,0
10,673,0
1,674,0
10,674,0
1,675,0
10,675,0
1,676,0
10,676,0
1,677,0
10,677,0
1,678,0
10,678,0
1,679,0
10,679,0
1,680,0
10,680,0
1,681,0
10,681,0
1,682,0
10,682,0
1,683,0
10,683,0
1,684,0
10,684,0
1,685,0
10,685,0
1,686,0
9,686,0
1,687,0
9,687,0
1,688,0
8,688,0
1,689,0
8,689,0
1,690,0
8,690,0
1,691,0
8,691,0
1,692,0
8,692,0
1,693,0
8,693,0
1,694,0
8,694,0
1,695,0
8,695,0
1,696,0
8,696,0
1,697,0
8,697,0
1,698,0
8,698,0
1,699,0
8,699,0
1,700,0
8,700,0
1,701,0
8,701,0
1,702,0
8,702,0
1,703,0
8,703,0
1,704,0
8,704,0
1,705,0
8,705,0
1,706,0
8,706,0
1,707,0
8,707,0
1,708,0
8,708,0
1,709,0
7,709,0
1,710,0
7,710,0
1,711,0
7,711,0
1,712,0
7,712,0
1,713,0
7,713,0
1,714,0
7,714,0
1,715,0
7,715,0
1,716,0
7,716,0
1,717,0
7,717,0
1,718,0
7,718,0
1,719,0
7,719,0
1,720,0
7,720,0
1,721,0
7,721,0
1,722,0
7,722,0
1,723,0
6,723,0
1,724,0
6,724,0
1,725,0
6,725,0
1,726,0
6,726,0
1,727,0
6,727,0
1,728,0
6,728,0
1,729,0
6,729,0
1,730,0
6,730,0
1,731,0
6,731,0
1,732,0
6,732,0
1,733,0
6,733,0
1,734,0
6,734,0
1,735,0
6,735,0
1,736,0
6,736,0
1,737,0
6,737,0
1,738,0
6,738,0
1,739,0
6,739,0
1,740,0
6,740,0
1,741,0
6,741,0
1,742,0
6,742,0
1,743,0
6,743,0
1,744,0
6,744,0
1,745,0
6,745,0
1,746,0
6,746,0
1,747,0
6,747,0
1,748,0
6,748,0
1,749,0
6,749,0
1,750,0
6,750,0
1,751,0
6,751,0
1,752,0
6,752,0
1,753,0
6,753,0
1,754,0
6,754,0
1,755,0
6,755,0
1,756,0
6,756,0
1,757,0
6,757,0
1,758,0
6,758,0
1,759,0
6,759,0
1,760,0
6,760,0
1,761,0
6,761,0
1,762,0
6,762,0
1,763,0
6,763,0
1,764,0
6,764,0
1,765,0
6,765,0
1,766,0
6,766,0
1,767,0
6,767,0
1,768,0
6,768,0
1,769,0
6,769,0
1,770,0
6,770,0
1,771,0
6,771,0
1,772,0
6,772,0
1,773,0
6,773,0
1,774,0
6,774,0
1,775,0
6,775,0
1,776,0
6,776,0
1,777,0
5,777,0
1,778,0
5,778,0
1,779,0
5,779,0
1,780,0
5,780,0
1,781,0
5,781,0
1,782,0
5,782,0
1,783,0
5,783,0
1,784,0
5,784,0
1,785,0
5,785,0
1,786,0
5,786,0
1,787,0
5,787,0
1,788,0
5,788,0
1,789,0
5,789,0
1,790,0
5,790,0
1,791,0
5,791,0
1,792,0
5,792,0
1,793,0
5,793,0
1,794,0
5,794,0
1,795,0
5,795,0
1,796,0
5,796,0
1,797,0
5,797,0
1,798,0
5,798,0
1,799,0
5,799,0
1,800,0
5,800,0
1,801,0
5,801,0
1,802,0
5,802,0
1,803,0
5,803,0
1,804,0
4,804,0
1,805,0
4,805,0
1,806,0
4,806,0
1,807,0
4,807,0
1,808,0
4,808,0
1,809,0
4,809,0
1,810,0
3,810,0
1,811,0
3,811,0
1,812,0
3,812,0
1,813,0
3,813,0
1,814,0
3,814,0
1,815,0
3,815,0
1,816,0
3,816,0
1,817,0
3,817,0
1,818,0
3,818,0
1,819,0
3,819,0
1,820,0
3,820,0
1,821,0
3,821,0
1,822,0
3,822,0
1,823,0
3,823,0
1,824,0
3,824,0
1,825,0
3,825,0
1,826,0
3,826,0
1,827,0
3,827,0
1,828,0
3,828,0
1,829,0
3,829,0
1,830,0
3,830,0
1,831,0
3,831,0
1,832,0
3,832,0
1,833,0
3,833,0
1,834,0
3,834,0
1,835,0
3,835,0
1,836,0
3,836,0
1,837,0
3,837,0
1,838,0
3,838,0
1,839,0
3,839,0
1,840,0
3,840,0
1,841,0
2,841,0
1,842,0
2,842,0
1,843,0
2,843,0
1,844,0
2,844,0
1,845,0
2,845,0
1,846,0
2,846,0
1,847,0
2,847,0
1,848,0
2,848,0
1,849,0
2,849,0
1,850,0
2,850,0
1,851,0
2,851,0
1,852,0
2,852,0
1,853,0
2,853,0
1,854,0
2,854,0
1,855,0
2,855,0
1,856,0
2,856,0
1,857,0
2,857,0
1,858,0
2,858,0
1,859,0
2,859,0
1,860,0
2,860,0
1,861,0
2,861,0
1,862,0
2,862,0
1,863,0
2,863,0
1,864,0
2,864,0
1,865,0
2,865,0
1,866,0
2,866,0
1,867,0
2,867,0
1,868,0
2,868,0
1,869,0
2,869,0
1,870,0
2,870,0
1,871,0
2,871,0
1,872,0
2,872,0
1,873,0
2,873,0
1,874,0
2,874,0
1,875,0
2,875,0
1,876,0
2,876,0
1,877,0
2,877,0
1,878,0
2,878,0
1,879,0
2,879,0
1,880,0
2,880,0
1,881,0
2,881,0
1,882,0
2,882,0
1,883,0
2,883,0
1,884,0
2,884,0
1,885,0
2,885,0
1,886,0
2,886,0
1,887,0
2,887,0
1,888,0
2,888,0
1,889,0
2,889,0
1,890,0
2,890,0
1,891,0
2,891,0
1,892,0
2,892,0
1,893,0
2,893,0
1,894,0
2,894,0
1,895,0
2,895,0
1,896,0
2,896,0
1,897,0
2,897,0
1,898,0
2,898,0
1,899,0
2,899,0
1,900,0
2,900,0
1,901,0
2,901,0
1,902,0
2,902,0
1,903,0
2,903,0
1,904,0
2,904,0
1,905,0
2,905,0
1,906,0
2,906,0
1,907,0
2,907,0
1,908,0
2,908,0
1,909,0
2,909,0
1,910,0
2,910,0
1,911,0
2,911,0
1,912,0
2,912,0
1,913,0
2,913,0
1,914,0
2,914,0
1,915,0
2,915,0
1,916,0
2,916,0
1,917,0
2,917,0
1,918,0
2,918,0
1,919,0
2,919,0
1,920,0
2,920,0
1,921,0
2,921,0
1,922,0
2,922,0
1,923,0
2,923,0
1,924,0
2,924,0
1,925,0
2,925,0
1,926,0
2,926,0
1,927,0
2,927,0
1,928,0
2,928,0
1,929,0
2,929,0
1,930,0
2,930,0
1,931,0
2,931,0
1,932,0
2,932,0
1,933,0
2,933,0
1,934,0
2,934,0
1,935,0
2,935,0
1,936,0
2,936,0
1,937,0
2,937,0
1,938,0
2,938,0
1,939,0
2,939,0
1,940,0
2,940,0
1,941,0
2,941,0
1,942,0
2,942,0
1,943,0
2,943,0
1,944,0
2,944,0
1,945,0
2,945,0
1,946,0
2,946,0
1,947,0
2,947,0
1,948,0
2,948,0
1,949,0
2,949,0
1,950,0
2,950,0
1,951,0
2,951,0
1,952,0
2,952,0
1,953,0
2,953,0
1,954,0
2,954,0
1,955,0
2,955,0
1,956,0
2,956,0
1,957,0
2,957,0
1,958,0
2,958,0
1,959,0
2,959,0
1,960,0
2,960,0
1,961,0
2,961,0
1,962,0
2,962,0
1,963,0
2,963,0
1,964,0
2,964,0
1,965,0
2,965,0
1,966,0
2,966,0
1,967,0
2,967,0
1,968,0
2,968,0
1,969,0
2,969,0
1,970,0
2,970,0
1,971,0
2,971,0
1,972,0
2,972,0
1,973,0
2,973,0
1,974,0
2,974,0
1,975,0
2,975,0
1,976,0
2,976,0
1,977,0
2,977,0
1,978,0
2,978,0
1,979,0
2,979,0
1,980,0
2,980,0
1,981,0
2,981,0
1,982,0
2,982,0
1,983,0
2,983,0
1,984,0
2,984,0
1,985,0
2,985,0
1,986,0
2,986,0
1,987,0
2,987,0
1,988,0
2,988,0
1,989,0
2,989,0
1,990,0
2,990,0
1,991,0
2,991,0
1,992,0
2,992,0
1,993,0
2,993,0
1,994,0
2,994,0
1,995,0
2,995,0
1,996,0
2,996,0
1,997,0
2,997,0
1,998,0
2,998,0
1,999,0
2,999,0
1,1000,0
2,1000,0
1,1001,0
2,1001,0
1,1002,0
2,1002,0
1,1003,0
2,1003,0
1,1004,0
2,1004,0
1,1005,0
2,1005,0
1,1006,0
2,1006,0
1,1007,0
2,1007,0
1,1008,0
2,1008,0
1,1009,0
2,1009,0
1,1010,0
2,1010,0
1,1011,0
2,1011,0
1,1012,0
2,1012,0
1,1013,0
2,1013,0
1,1014,0
2,1014,0
1,1015,0
2,1015,0
1,1016,0
2,1016,0
1,1017,0
1,1017,0
1,1018,0
1,1018,0
1,1019,0
1,1019,0
1,1020,0
1,1020,0
1,1021,0
1,1021,0
1,1022,0
1,1022,0
1,1023,0
1,1023,0
1,1024,0
1,1024,0
1,1025,0
1,1025,0
1,1026,0
1,1026,0
1,1027,0
1,1027,0
1,1028,0
1,1028,0
