1,1,0
128,1,0
1,2,0
127,2,0
1,3,0
127,3,0
1,4,0
127,4,0
1,5,0
126,5,0
1,6,0
125,6,0
1,7,0
124,7,0
1,8,0
123,8,0
1,9,0
123,9,0
1,10,0
122,10,0
1,11,0
122,11,0
1,12,0
121,12,0
1,13,0
121,13,0
1,14,0
121,14,0
1,15,0
121,15,0
1,16,0
121,16,0
1,17,0
121,17,0
1,18,0
121,18,0
1,19,0
121,19,0
1,20,0
120,20,0
1,21,0
119,21,0
1,22,0
118,22,0
1,23,0
117,23,0
1,24,0
117,24,0
1,25,0
117,25,0
1,26,0
116,26,0
1,27,0
115,27,0
1,28,0
114,28,0
1,29,0
114,29,0
1,30,0
113,30,0
1,31,0
113,31,0
1,32,0
112,32,0
1,33,0
112,33,0
1,34,0
112,34,0
1,35,0
111,35,0
1,36,0
111,36,0
1,37,0
111,37,0
1,38,0
111,38,0
1,39,0
111,39,0
1,40,0
111,40,0
1,41,0
111,41,0
1,42,0
110,42,0
1,43,0
109,43,0
1,44,0
108,44,0
1,45,0
107,45,0
1,46,0
106,46,0
1,47,0
105,47,0
1,48,0
105,48,0
1,49,0
104,49,0
1,50,0
103,50,0
1,51,0
102,51,0
1,52,0
101,52,0
1,53,0
101,53,0
1,54,0
101,54,0
1,55,0
100,55,0
1,56,0
99,56,0
1,57,0
99,57,0
1,58,0
98,58,0
1,59,0
97,59,0
1,60,0
97,60,0
1,61,0
97,61,0
1,62,0
97,62,0
1,63,0
97,63,0
1,64,0
96,64,0
1,65,0
95,65,0
1,66,0
95,66,0
1,67,0
94,67,0
1,68,0
94,68,0
1,69,0
94,69,0
1,70,0
93,70,0
1,71,0
93,71,0
1,72,0
92,72,0
1,73,0
92,73,0
1,74,0
92,74,0
1,75,0
92,75,0
1,76,0
91,76,0
1,77,0
91,77,0
1,78,0
91,78,0
1,79,0
91,79,0
1,80,0
90,80,0
1,81,0
89,81,0
1,82,0
88,82,0
1,83,0
88,83,0
1,84,0
87,84,0
1,85,0
87,85,0
1,86,0
86,86,0
1,87,0
86,87,0
1,88,0
86,88,0
1,89,0
86,89,0
1,90,0
85,90,0
1,91,0
84,91,0
1,92,0
84,92,0
1,93,0
83,93,0
1,94,0
82,94,0
1,95,0
82,95,0
1,96,0
82,96,0
1,97,0
82,97,0
1,98,0
81,98,0
1,99,0
81,99,0
1,100,0
80,100,0
1,101,0
80,101,0
1,102,0
80,102,0
1,103,0
79,103,0
1,104,0
79,104,0
1,105,0
78,105,0
1,106,0
78,106,0
1,107,0
77,107,0
1,108,0
76,108,0
1,109,0
76,109,0
1,110,0
75,110,0
1,111,0
75,111,0
1,112,0
75,112,0
1,113,0
75,113,0
1,114,0
75,114,0
1,115,0
74,115,0
1,116,0
74,116,0
1,117,0
73,117,0
1,118,0
72,118,0
1,119,0
72,119,0
1,120,0
71,120,0
1,121,0
70,121,0
1,122,0
70,122,0
1,123,0
69,123,0
1,124,0
69,124,0
1,125,0
69,125,0
1,126,0
68,126,0
1,127,0
67,127,0
1,128,0
67,128,0
1,129,0
67,129,0
1,130,0
67,130,0
1,131,0
67,131,0
1,132,0
67,132,0
1,133,0
66,133,0
1,134,0
65,134,0
1,135,0
64,135,0
1,136,0
64,136,0
1,137,0
64,137,0
1,138,0
64,138,0
1,139,0
64,139,0
1,140,0
63,140,0
1,141,0
63,141,0
1,142,0
63,142,0
1,143,0
63,143,0
1,144,0
63,144,0
1,145,0
63,145,0
1,146,0
62,146,0
1,147,0
61,147,0
1,148,0
61,148,0
1,149,0
60,149,0
1,150,0
60,150,0
1,151,0
60,151,0
1,152,0
60,152,0
1,153,0
60,153,0
1,154,0
60,154,0
1,155,0
60,155,0
1,156,0
60,156,0
1,157,0
60,157,0
1,158,0
60,158,0
1,159,0
60,159,0
1,160,0
60,160,0
1,161,0
60,161,0
1,162,0
60,162,0
1,163,0
59,163,0
1,164,0
59,164,0
1,165,0
58,165,0
1,166,0
58,166,0
1,167,0
58,167,0
1,168,0
58,168,0
1,169,0
58,169,0
1,170,0
58,170,0
1,171,0
58,171,0
1,172,0
58,172,0
1,173,0
57,173,0
1,174,0
56,174,0
1,175,0
56,175,0
1,176,0
56,176,0
1,177,0
55,177,0
1,178,0
54,178,0
1,179,0
54,179,0
1,180,0
54,180,0
1,181,0
53,181,0
1,182,0
52,182,0
1,183,0
52,183,0
1,184,0
52,184,0
1,185,0
52,185,0
1,186,0
52,186,0
1,187,0
52,187,0
1,188,0
52,188,0
1,189,0
52,189,0
1,190,0
52,190,0
1,191,0
52,191,0
1,192,0
51,192,0
1,193,0
51,193,0
1,194,0
50,194,0
1,195,0
49,195,0
1,196,0
49,196,0
1,197,0
49,197,0
1,198,0
48,198,0
1,199,0
48,199,0
1,200,0
47,200,0
1,201,0
47,201,0
1,202,0
47,202,0
1,203,0
47,203,0
1,204,0
47,204,0
1,205,0
47,205,0
1,206,0
47,206,0
1,207,0
47,207,0
1,208,0
47,208,0
1,209,0
46,209,0
1,210,0
46,210,0
1,211,0
45,211,0
1,212,0
45,212,0
1,213,0
45,213,0
1,214,0
44,214,0
1,215,0
44,215,0
1,216,0
44,216,0
1,217,0
43,217,0
1,218,0
43,218,0
1,219,0
43,219,0
1,220,0
43,220,0
1,221,0
43,221,0
1,222,0
43,222,0
1,223,0
43,223,0
1,224,0
42,224,0
1,225,0
42,225,0
1,226,0
42,226,0
1,227,0
41,227,0
1,228,0
40,228,0
1,229,0
40,229,0
1,230,0
39,230,0
1,231,0
38,231,0
1,232,0
38,232,0
1,233,0
37,233,0
1,234,0
37,234,0
1,235,0
37,235,0
1,236,0
37,236,0
1,237,0
37,237,0
1,238,0
37,238,0
1,239,0
37,239,0
1,240,0
37,240,0
1,241,0
37,241,0
1,242,0
36,242,0
1,243,0
36,243,0
1,244,0
36,244,0
1,245,0
36,245,0
1,246,0
36,246,0
1,247,0
36,247,0
1,248,0
35,248,0
1,249,0
34,249,0
1,250,0
34,250,0
1,251,0
34,251,0
1,252,0
33,252,0
1,253,0
33,253,0
1,254,0
33,254,0
1,255,0
33,255,0
1,256,0
33,256,0
1,257,0
33,257,0
1,258,0
32,258,0
1,259,0
32,259,0
1,260,0
32,260,0
1,261,0
32,261,0
1,262,0
32,262,0
1,263,0
32,263,0
1,264,0
32,264,0
1,265,0
32,265,0
1,266,0
32,266,0
1,267,0
32,267,0
1,268,0
32,268,0
1,269,0
32,269,0
1,270,0
32,270,0
1,271,0
32,271,0
1,272,0
32,272,0
1,273,0
32,273,0
1,274,0
32,274,0
1,275,0
32,275,0
1,276,0
32,276,0
1,277,0
32,277,0
1,278,0
31,278,0
1,279,0
31,279,0
1,280,0
31,280,0
1,281,0
30,281,0
1,282,0
30,282,0
1,283,0
30,283,0
1,284,0
30,284,0
1,285,0
30,285,0
1,286,0
30,286,0
1,287,0
30,287,0
1,288,0
30,288,0
1,289,0
30,289,0
1,290,0
30,290,0
1,291,0
30,291,0
1,292,0
29,292,0
1,293,0
29,293,0
1,294,0
29,294,0
1,295,0
29,295,0
1,296,0
29,296,0
1,297,0
29,297,0
1,298,0
29,298,0
1,299,0
29,299,0
1,300,0
29,300,0
1,301,0
28,301,0
1,302,0
28,302,0
1,303,0
28,303,0
1,304,0
28,304,0
1,305,0
28,305,0
1,306,0
28,306,0
1,307,0
28,307,0
1,308,0
28,308,0
1,309,0
28,309,0
1,310,0
28,310,0
1,311,0
28,311,0
1,312,0
28,312,0
1,313,0
28,313,0
1,314,0
27,314,0
1,315,0
27,315,0
1,316,0
27,316,0
1,317,0
27,317,0
1,318,0
27,318,0
1,319,0
27,319,0
1,320,0
27,320,0
1,321,0
27,321,0
1,322,0
27,322,0
1,323,0
27,323,0
1,324,0
26,324,0
1,325,0
25,325,0
1,326,0
25,326,0
1,327,0
25,327,0
1,328,0
25,328,0
1,329,0
24,329,0
1,330,0
24,330,0
1,331,0
24,331,0
1,332,0
24,332,0
1,333,0
24,333,0
1,334,0
24,334,0
1,335,0
24,335,0
1,336,0
24,336,0
1,337,0
24,337,0
1,338,0
24,338,0
1,339,0
23,339,0
1,340,0
23,340,0
1,341,0
23,341,0
1,342,0
23,342,0
1,343,0
22,343,0
1,344,0
22,344,0
1,345,0
22,345,0
1,346,0
22,346,0
1,347,0
22,347,0
1,348,0
22,348,0
1,349,0
21,349,0
1,350,0
21,350,0
1,351,0
21,351,0
1,352,0
21,352,0
1,353,0
21,353,0
1,354,0
21,354,0
1,355,0
21,355,0
1,356,0
21,356,0
1,357,0
21,357,0
1,358,0
21,358,0
1,359,0
21,359,0
1,360,0
21,360,0
1,361,0
21,361,0
1,362,0
21,362,0
1,363,0
21,363,0
1,364,0
21,364,0
1,365,0
21,365,0
1,366,0
21,366,0
1,367,0
21,367,0
1,368,0
21,368,0
1,369,0
21,369,0
1,370,0
21,370,0
1,371,0
20,371,0
1,372,0
20,372,0
1,373,0
20,373,0
1,374,0
20,374,0
1,375,0
20,375,0
1,376,0
19,376,0
1,377,0
19,377,0
1,378,0
19,378,0
1,379,0
19,379,0
1,380,0
19,380,0
1,381,0
19,381,0
1,382,0
19,382,0
1,383,0
19,383,0
1,384,0
19,384,0
1,385,0
19,385,0
1,386,0
19,386,0
1,387,0
19,387,0
1,388,0
19,388,0
1,389,0
19,389,0
1,390,0
19,390,0
1,391,0
19,391,0
1,392,0
19,392,0
1,393,0
19,393,0
1,394,0
19,394,0
1,395,0
19,395,0
1,396,0
19,396,0
1,397,0
19,397,0
1,398,0
19,398,0
1,399,0
19,399,0
1,400,0
19,400,0
1,401,0
18,401,0
1,402,0
17,402,0
1,403,0
17,403,0
1,404,0
16,404,0
1,405,0
16,405,0
1,406,0
16,406,0
1,407,0
16,407,0
1,408,0
16,408,0
1,409,0
16,409,0
1,410,0
15,410,0
1,411,0
15,411,0
1,412,0
15,412,0
1,413,0
15,413,0
1,414,0
15,414,0
1,415,0
15,415,0
1,416,0
15,416,0
1,417,0
15,417,0
1,418,0
15,418,0
1,419,0
15,419,0
1,420,0
15,420,0
1,421,0
15,421,0
1,422,0
15,422,0
1,423,0
15,423,0
1,424,0
15,424,0
1,425,0
15,425,0
1,426,0
15,426,0
1,427,0
14,427,0
1,428,0
14,428,0
1,429,0
14,429,0
1,430,0
14,430,0
1,431,0
14,431,0
1,432,0
14,432,0
1,433,0
13,433,0
1,434,0
13,434,0
1,435,0
13,435,0
1,436,0
13,436,0
1,437,0
13,437,0
1,438,0
13,438,0
1,439,0
13,439,0
1,440,0
13,440,0
1,441,0
13,441,0
1,442,0
13,442,0
1,443,0
13,443,0
1,444,0
13,444,0
1,445,0
13,445,0
1,446,0
13,446,0
1,447,0
13,447,0
1,448,0
13,448,0
1,449,0
13,449,0
1,450,0
13,450,0
1,451,0
13,451,0
1,452,0
13,452,0
1,453,0
13,453,0
1,454,0
13,454,0
1,455,0
13,455,0
1,456,0
13,456,0
1,457,0
13,457,0
1,458,0
13,458,0
1,459,0
13,459,0
1,460,0
13,460,0
1,461,0
13,461,0
1,462,0
13,462,0
1,463,0
12,463,0
1,464,0
12,464,0
1,465,0
12,465,0
1,466,0
12,466,0
1,467,0
12,467,0
1,468,0
12,468,0
1,469,0
12,469,0
1,470,0
11,470,0
1,471,0
11,471,0
1,472,0
11,472,0
1,473,0
11,473,0
1,474,0
11,474,0
1,475,0
11,475,0
1,476,0
11,476,0
1,477,0
11,477,0
1,478,0
10,478,0
1,479,0
10,479,0
1,480,0
10,480,0
1,481,0
10,481,0
1,482,0
10,482,0
1,483,0
10,483,0
1,484,0
10,484,0
1,485,0
10,485,0
1,486,0
10,486,0
1,487,0
10,487,0
1,488,0
10,488,0
1,489,0
10,489,0
1,490,0
10,490,0
1,491,0
9,491,0
1,492,0
9,492,0
1,493,0
9,493,0
1,494,0
9,494,0
1,495,0
9,495,0
1,496,0
9,496,0
1,497,0
9,497,0
1,498,0
9,498,0
1,499,0
9,499,0
1,500,0
9,500,0
1,501,0
8,501,0
1,502,0
8,502,0
1,503,0
8,503,0
1,504,0
8,504,0
1,505,0
8,505,0
1,506,0
8,506,0
1,507,0
8,507,0
1,508,0
8,508,0
1,509,0
8,509,0
1,510,0
7,510,0
1,511,0
7,511,0
1,512,0
7,512,0
1,513,0
7,513,0
1,514,0
7,514,0
1,515,0
7,515,0
1,516,0
7,516,0
1,517,0
7,517,0
1,518,0
7,518,0
1,519,0
7,519,0
1,520,0
7,520,0
1,521,0
7,521,0
1,522,0
7,522,0
1,523,0
7,523,0
1,524,0
7,524,0
1,525,0
7,525,0
1,526,0
7,526,0
1,527,0
7,527,0
1,528,0
7,528,0
1,529,0
7,529,0
1,530,0
7,530,0
1,531,0
7,531,0
1,532,0
7,532,0
1,533,0
7,533,0
1,534,0
7,534,0
1,535,0
7,535,0
1,536,0
7,536,0
1,537,0
7,537,0
1,538,0
6,538,0
1,539,0
6,539,0
1,540,0
6,540,0
1,541,0
6,541,0
1,542,0
6,542,0
1,543,0
6,543,0
1,544,0
6,544,0
1,545,0
6,545,0
1,546,0
6,546,0
1,547,0
6,547,0
1,548,0
6,548,0
1,549,0
6,549,0
1,550,0
6,550,0
1,551,0
6,551,0
1,552,0
6,552,0
1,553,0
6,553,0
1,554,0
6,554,0
1,555,0
6,555,0
1,556,0
6,556,0
1,557,0
6,557,0
1,558,0
6,558,0
1,559,0
6,559,0
1,560,0
6,560,0
1,561,0
6,561,0
1,562,0
6,562,0
1,563,0
6,563,0
1,564,0
6,564,0
1,565,0
6,565,0
1,566,0
6,566,0
1,567,0
6,567,0
1,568,0
5,568,0
1,569,0
5,569,0
1,570,0
5,570,0
1,571,0
5,571,0
1,572,0
5,572,0
1,573,0
5,573,0
1,574,0
5,574,0
1,575,0
5,575,0
1,576,0
5,576,0
1,577,0
5,577,0
1,578,0
5,578,0
1,579,0
5,579,0
1,580,0
5,580,0
1,581,0
5,581,0
1,582,0
5,582,0
1,583,0
5,583,0
1,584,0
4,584,0
1,585,0
4,585,0
1,586,0
4,586,0
1,587,0
4,587,0
1,588,0
4,588,0
1,589,0
4,589,0
1,590,0
4,590,0
1,591,0
4,591,0
1,592,0
4,592,0
1,593,0
4,593,0
1,594,0
4,594,0
1,595,0
4,595,0
1,596,0
4,596,0
1,597,0
4,597,0
1,598,0
4,598,0
1,599,0
4,599,0
1,600,0
4,600,0
1,601,0
4,601,0
1,602,0
4,602,0
1,603,0
4,603,0
1,604,0
4,604,0
1,605,0
4,605,0
1,606,0
4,606,0
1,607,0
4,607,0
1,608,0
4,608,0
1,609,0
4,609,0
1,610,0
4,610,0
1,611,0
4,611,0
1,612,0
4,612,0
1,613,0
4,613,0
1,614,0
4,614,0
1,615,0
4,615,0
1,616,0
4,616,0
1,617,0
3,617,0
1,618,0
3,618,0
1,619,0
3,619,0
1,620,0
3,620,0
1,621,0
3,621,0
1,622,0
3,622,0
1,623,0
3,623,0
1,624,0
3,624,0
1,625,0
3,625,0
1,626,0
3,626,0
1,627,0
3,627,0
1,628,0
3,628,0
1,629,0
3,629,0
1,630,0
3,630,0
1,631,0
3,631,0
1,632,0
3,632,0
1,633,0
3,633,0
1,634,0
3,634,0
1,635,0
3,635,0
1,636,0
3,636,0
1,637,0
3,637,0
1,638,0
3,638,0
1,639,0
3,639,0
1,640,0
3,640,0
1,641,0
3,641,0
1,642,0
3,642,0
1,643,0
3,643,0
1,644,0
3,644,0
1,645,0
3,645,0
1,646,0
3,646,0
1,647,0
3,647,0
1,648,0
2,648,0
1,649,0
2,649,0
1,650,0
2,650,0
1,651,0
2,651,0
1,652,0
2,652,0
1,653,0
2,653,0
1,654,0
2,654,0
1,655,0
2,655,0
1,656,0
2,656,0
1,657,0
2,657,0
1,658,0
2,658,0
1,659,0
2,659,0
1,660,0
2,660,0
1,661,0
2,661,0
1,662,0
2,662,0
1,663,0
2,663,0
1,664,0
2,664,0
1,665,0
2,665,0
1,666,0
2,666,0
1,667,0
2,667,0
1,668,0
2,668,0
1,669,0
2,669,0
1,670,0
2,670,0
1,671,0
2,671,0
1,672,0
2,672,0
1,673,0
2,673,0
1,674,0
2,674,0
1,675,0
2,675,0
1,676,0
2,676,0
1,677,0
2,677,0
1,678,0
2,678,0
1,679,0
2,679,0
1,680,0
2,680,0
1,681,0
2,681,0
1,682,0
2,682,0
1,683,0
2,683,0
1,684,0
2,684,0
1,685,0
2,685,0
1,686,0
2,686,0
1,687,0
2,687,0
1,688,0
2,688,0
1,689,0
2,689,0
1,690,0
2,690,0
1,691,0
2,691,0
1,692,0
2,692,0
1,693,0
2,693,0
1,694,0
2,694,0
1,695,0
2,695,0
1,696,0
2,696,0
1,697,0
2,697,0
1,698,0
2,698,0
1,699,0
2,699,0
1,700,0
2,700,0
1,701,0
2,701,0
1,702,0
2,702,0
1,703,0
2,703,0
1,704,0
2,704,0
1,705,0
2,705,0
1,706,0
2,706,0
1,707,0
2,707,0
1,708,0
2,708,0
1,709,0
2,709,0
1,710,0
2,710,0
1,711,0
2,711,0
1,712,0
2,712,0
1,713,0
2,713,0
1,714,0
2,714,0
1,715,0
2,715,0
1,716,0
1,716,0
1,717,0
1,717,0
1,718,0
1,718,0
1,719,0
1,719,0
1,720,0
1,720,0
1,721,0
1,721,0
1,722,0
1,722,0
1,723,0
1,723,0
1,724,0
1,724,0
1,725,0
1,725,0
1,726,0
1,726,0
1,727,0
1,727,0
1,728,0
1,728,0
1,729,0
1,729,0
1,730,0
1,730,0
1,731,0
1,731,0
1,732,0
1,732,0
1,733,0
1,733,0
1,734,0
1,734,0
1,735,0
1,735,0
1,736,0
1,736,0
1,737,0
1,737,0
1,738,0
1,738,0
1,739,0
1,739,0
1,740,0
1,740,0
1,741,0
1,741,0
1,742,0
1,742,0
1,743,0
1,743,0
1,744,0
1,744,0
1,745,0
1,745,0
1,746,0
1,746,0
1,747,0
1,747,0
1,748,0
1,748,0
1,749,0
1,749,0
1,750,0
1,750,0
1,751,0
1,751,0
1,752,0
1,752,0
1,753,0
1,753,0
1,754,0
1,754,0
1,755,0
1,755,0
1,756,0
1,756,0
1,757,0
1,757,0
1,758,0
1,758,0
1,759,0
1,759,0
1,760,0
1,760,0
1,761,0
1,761,0
1,762,0
1,762,0
1,763,0
1,763,0
1,764,0
1,764,0
1,765,0
1,765,0
1,766,0
1,766,0
1,767,0
1,767,0
1,768,0
1,768,0
1,769,0
1,769,0
1,770,0
1,770,0
1,771,0
1,771,0
1,772,0
1,772,0
1,773,0
1,773,0
1,774,0
1,774,0
1,775,0
1,775,0
1,776,0
1,776,0
1,777,0
1,777,0
1,778,0
1,778,0
1,779,0
1,779,0
1,780,0
1,780,0
1,781,0
1,781,0
1,782,0
1,782,0
1,783,0
1,783,0
1,784,0
1,784,0
