1,1,0
37,1,0
1,2,0
36,2,0
1,3,0
35,3,0
1,4,0
34,4,0
1,5,0
33,5,0
1,6,0
32,6,0
1,7,0
31,7,0
1,8,0
31,8,0
1,9,0
31,9,0
1,10,0
31,10,0
1,11,0
31,11,0
1,12,0
30,12,0
1,13,0
29,13,0
1,14,0
29,14,0
1,15,0
29,15,0
1,16,0
28,16,0
1,17,0
28,17,0
1,18,0
28,18,0
1,19,0
27,19,0
1,20,0
26,20,0
1,21,0
25,21,0
1,22,0
24,22,0
1,23,0
23,23,0
1,24,0
23,24,0
1,25,0
23,25,0
1,26,0
23,26,0
1,27,0
23,27,0
1,28,0
22,28,0
1,29,0
22,29,0
1,30,0
22,30,0
1,31,0
22,31,0
1,32,0
22,32,0
1,33,0
22,33,0
1,34,0
22,34,0
1,35,0
22,35,0
1,36,0
22,36,0
1,37,0
22,37,0
1,38,0
22,38,0
1,39,0
22,39,0
1,40,0
21,40,0
1,41,0
21,41,0
1,42,0
20,42,0
1,43,0
19,43,0
1,44,0
19,44,0
1,45,0
18,45,0
1,46,0
18,46,0
1,47,0
18,47,0
1,48,0
18,48,0
1,49,0
18,49,0
1,50,0
18,50,0
1,51,0
18,51,0
1,52,0
18,52,0
1,53,0
18,53,0
1,54,0
17,54,0
1,55,0
17,55,0
1,56,0
17,56,0
1,57,0
17,57,0
1,58,0
16,58,0
1,59,0
16,59,0
1,60,0
16,60,0
1,61,0
16,61,0
1,62,0
15,62,0
1,63,0
15,63,0
1,64,0
15,64,0
1,65,0
15,65,0
1,66,0
15,66,0
1,67,0
15,67,0
1,68,0
15,68,0
1,69,0
15,69,0
1,70,0
15,70,0
1,71,0
15,71,0
1,72,0
15,72,0
1,73,0
14,73,0
1,74,0
14,74,0
1,75,0
14,75,0
1,76,0
13,76,0
1,77,0
13,77,0
1,78,0
13,78,0
1,79,0
13,79,0
1,80,0
13,80,0
1,81,0
12,81,0
1,82,0
11,82,0
1,83,0
11,83,0
1,84,0
11,84,0
1,85,0
11,85,0
1,86,0
11,86,0
1,87,0
11,87,0
1,88,0
11,88,0
1,89,0
11,89,0
1,90,0
11,90,0
1,91,0
11,91,0
1,92,0
11,92,0
1,93,0
11,93,0
1,94,0
11,94,0
1,95,0
11,95,0
1,96,0
11,96,0
1,97,0
11,97,0
1,98,0
11,98,0
1,99,0
10,99,0
1,100,0
10,100,0
1,101,0
9,101,0
1,102,0
9,102,0
1,103,0
9,103,0
1,104,0
9,104,0
1,105,0
9,105,0
1,106,0
9,106,0
1,107,0
9,107,0
1,108,0
9,108,0
1,109,0
9,109,0
1,110,0
9,110,0
1,111,0
9,111,0
1,112,0
9,112,0
1,113,0
9,113,0
1,114,0
8,114,0
1,115,0
8,115,0
1,116,0
8,116,0
1,117,0
8,117,0
1,118,0
7,118,0
1,119,0
7,119,0
1,120,0
7,120,0
1,121,0
7,121,0
1,122,0
7,122,0
1,123,0
7,123,0
1,124,0
7,124,0
1,125,0
7,125,0
1,126,0
7,126,0
1,127,0
7,127,0
1,128,0
6,128,0
1,129,0
6,129,0
1,130,0
6,130,0
1,131,0
6,131,0
1,132,0
6,132,0
1,133,0
6,133,0
1,134,0
5,134,0
1,135,0
5,135,0
1,136,0
5,136,0
1,137,0
5,137,0
1,138,0
5,138,0
1,139,0
5,139,0
1,140,0
5,140,0
1,141,0
5,141,0
1,142,0
5,142,0
1,143,0
5,143,0
1,144,0
5,144,0
1,145,0
5,145,0
1,146,0
5,146,0
1,147,0
5,147,0
1,148,0
5,148,0
1,149,0
5,149,0
1,150,0
5,150,0
1,151,0
5,151,0
1,152,0
5,152,0
1,153,0
5,153,0
1,154,0
5,154,0
1,155,0
5,155,0
1,156,0
5,156,0
1,157,0
5,157,0
1,158,0
5,158,0
1,159,0
5,159,0
1,160,0
4,160,0
1,161,0
4,161,0
1,162,0
4,162,0
1,163,0
4,163,0
1,164,0
4,164,0
1,165,0
4,165,0
1,166,0
4,166,0
1,167,0
4,167,0
1,168,0
4,168,0
1,169,0
4,169,0
1,170,0
4,170,0
1,171,0
4,171,0
1,172,0
4,172,0
1,173,0
4,173,0
1,174,0
4,174,0
1,175,0
4,175,0
1,176,0
4,176,0
1,177,0
4,177,0
1,178,0
4,178,0
1,179,0
4,179,0
1,180,0
4,180,0
1,181,0
4,181,0
1,182,0
4,182,0
1,183,0
4,183,0
1,184,0
4,184,0
1,185,0
4,185,0
1,186,0
4,186,0
1,187,0
4,187,0
1,188,0
4,188,0
1,189,0
4,189,0
1,190,0
4,190,0
1,191,0
4,191,0
1,192,0
4,192,0
1,193,0
4,193,0
1,194,0
4,194,0
1,195,0
4,195,0
1,196,0
3,196,0
1,197,0
2,197,0
1,198,0
2,198,0
1,199,0
2,199,0
1,200,0
2,200,0
1,201,0
2,201,0
1,202,0
2,202,0
1,203,0
2,203,0
1,204,0
2,204,0
1,205,0
2,205,0
1,206,0
2,206,0
1,207,0
2,207,0
1,208,0
2,208,0
1,209,0
2,209,0
1,210,0
2,210,0
1,211,0
2,211,0
1,212,0
2,212,0
1,213,0
2,213,0
1,214,0
2,214,0
1,215,0
2,215,0
1,216,0
2,216,0
1,217,0
2,217,0
1,218,0
2,218,0
1,219,0
2,219,0
1,220,0
2,220,0
1,221,0
2,221,0
1,222,0
2,222,0
1,223,0
2,223,0
1,224,0
2,224,0
1,225,0
2,225,0
1,226,0
2,226,0
1,227,0
2,227,0
1,228,0
2,228,0
1,229,0
2,229,0
1,230,0
2,230,0
1,231,0
2,231,0
1,232,0
2,232,0
1,233,0
2,233,0
1,234,0
2,234,0
1,235,0
2,235,0
1,236,0
2,236,0
1,237,0
2,237,0
1,238,0
2,238,0
1,239,0
2,239,0
1,240,0
2,240,0
1,241,0
2,241,0
1,242,0
1,242,0
1,243,0
1,243,0
1,244,0
1,244,0
1,245,0
1,245,0
1,246,0
1,246,0
1,247,0
1,247,0
1,248,0
1,248,0
1,249,0
1,249,0
1,250,0
1,250,0
1,251,0
1,251,0
1,252,0
1,252,0
