1,1,0
326,1,0
1,2,0
288,2,0
1,3,0
285,3,0
1,4,0
261,4,0
1,5,0
259,5,0
1,6,0
215,6,0
1,7,0
189,7,0
1,8,0
183,8,0
1,9,0
175,9,0
1,10,0
171,10,0
1,11,0
154,11,0
1,12,0
141,12,0
1,13,0
137,13,0
1,14,0
137,14,0
1,15,0
135,15,0
1,16,0
135,16,0
1,17,0
129,17,0
1,18,0
127,18,0
1,19,0
125,19,0
1,20,0
125,20,0
1,21,0
120,21,0
1,22,0
116,22,0
1,23,0
113,23,0
1,24,0
106,24,0
1,25,0
102,25,0
1,26,0
102,26,0
1,27,0
99,27,0
1,28,0
99,28,0
1,29,0
98,29,0
1,30,0
86,30,0
1,31,0
85,31,0
1,32,0
81,32,0
1,33,0
80,33,0
1,34,0
80,34,0
1,35,0
79,35,0
1,36,0
73,36,0
1,37,0
73,37,0
1,38,0
73,38,0
1,39,0
71,39,0
1,40,0
71,40,0
1,41,0
71,41,0
1,42,0
71,42,0
1,43,0
71,43,0
1,44,0
70,44,0
1,45,0
69,45,0
1,46,0
69,46,0
1,47,0
69,47,0
1,48,0
68,48,0
1,49,0
67,49,0
1,50,0
67,50,0
1,51,0
66,51,0
1,52,0
63,52,0
1,53,0
62,53,0
1,54,0
59,54,0
1,55,0
59,55,0
1,56,0
59,56,0
1,57,0
59,57,0
1,58,0
59,58,0
1,59,0
58,59,0
1,60,0
53,60,0
1,61,0
53,61,0
1,62,0
53,62,0
1,63,0
52,63,0
1,64,0
51,64,0
1,65,0
51,65,0
1,66,0
51,66,0
1,67,0
50,67,0
1,68,0
48,68,0
1,69,0
47,69,0
1,70,0
44,70,0
1,71,0
43,71,0
1,72,0
38,72,0
1,73,0
38,73,0
1,74,0
35,74,0
1,75,0
35,75,0
1,76,0
35,76,0
1,77,0
35,77,0
1,78,0
35,78,0
1,79,0
35,79,0
1,80,0
34,80,0
1,81,0
32,81,0
1,82,0
31,82,0
1,83,0
31,83,0
1,84,0
31,84,0
1,85,0
31,85,0
1,86,0
30,86,0
1,87,0
29,87,0
1,88,0
29,88,0
1,89,0
29,89,0
1,90,0
29,90,0
1,91,0
29,91,0
1,92,0
29,92,0
1,93,0
29,93,0
1,94,0
29,94,0
1,95,0
29,95,0
1,96,0
29,96,0
1,97,0
29,97,0
1,98,0
29,98,0
1,99,0
28,99,0
1,100,0
26,100,0
1,101,0
26,101,0
1,102,0
26,102,0
1,103,0
24,103,0
1,104,0
24,104,0
1,105,0
24,105,0
1,106,0
24,106,0
1,107,0
23,107,0
1,108,0
23,108,0
1,109,0
23,109,0
1,110,0
23,110,0
1,111,0
23,111,0
1,112,0
23,112,0
1,113,0
23,113,0
1,114,0
22,114,0
1,115,0
22,115,0
1,116,0
22,116,0
1,117,0
21,117,0
1,118,0
21,118,0
1,119,0
21,119,0
1,120,0
21,120,0
1,121,0
20,121,0
1,122,0
20,122,0
1,123,0
20,123,0
1,124,0
20,124,0
1,125,0
20,125,0
1,126,0
18,126,0
1,127,0
18,127,0
1,128,0
17,128,0
1,129,0
17,129,0
1,130,0
16,130,0
1,131,0
16,131,0
1,132,0
16,132,0
1,133,0
16,133,0
1,134,0
16,134,0
1,135,0
16,135,0
1,136,0
14,136,0
1,137,0
14,137,0
1,138,0
12,138,0
1,139,0
12,139,0
1,140,0
12,140,0
1,141,0
12,141,0
1,142,0
11,142,0
1,143,0
11,143,0
1,144,0
11,144,0
1,145,0
11,145,0
1,146,0
11,146,0
1,147,0
11,147,0
1,148,0
11,148,0
1,149,0
11,149,0
1,150,0
11,150,0
1,151,0
11,151,0
1,152,0
11,152,0
1,153,0
11,153,0
1,154,0
11,154,0
1,155,0
10,155,0
1,156,0
10,156,0
1,157,0
10,157,0
1,158,0
10,158,0
1,159,0
10,159,0
1,160,0
10,160,0
1,161,0
10,161,0
1,162,0
10,162,0
1,163,0
10,163,0
1,164,0
10,164,0
1,165,0
10,165,0
1,166,0
10,166,0
1,167,0
10,167,0
1,168,0
10,168,0
1,169,0
10,169,0
1,170,0
10,170,0
1,171,0
10,171,0
1,172,0
9,172,0
1,173,0
9,173,0
1,174,0
9,174,0
1,175,0
9,175,0
1,176,0
8,176,0
1,177,0
8,177,0
1,178,0
8,178,0
1,179,0
8,179,0
1,180,0
8,180,0
1,181,0
8,181,0
1,182,0
8,182,0
1,183,0
8,183,0
1,184,0
7,184,0
1,185,0
7,185,0
1,186,0
7,186,0
1,187,0
7,187,0
1,188,0
7,188,0
1,189,0
7,189,0
1,190,0
6,190,0
1,191,0
6,191,0
1,192,0
6,192,0
1,193,0
6,193,0
1,194,0
6,194,0
1,195,0
6,195,0
1,196,0
6,196,0
1,197,0
6,197,0
1,198,0
6,198,0
1,199,0
6,199,0
1,200,0
6,200,0
1,201,0
6,201,0
1,202,0
6,202,0
1,203,0
6,203,0
1,204,0
6,204,0
1,205,0
6,205,0
1,206,0
6,206,0
1,207,0
6,207,0
1,208,0
6,208,0
1,209,0
6,209,0
1,210,0
6,210,0
1,211,0
6,211,0
1,212,0
6,212,0
1,213,0
6,213,0
1,214,0
6,214,0
1,215,0
6,215,0
1,216,0
5,216,0
1,217,0
5,217,0
1,218,0
5,218,0
1,219,0
5,219,0
1,220,0
5,220,0
1,221,0
5,221,0
1,222,0
5,222,0
1,223,0
5,223,0
1,224,0
5,224,0
1,225,0
5,225,0
1,226,0
5,226,0
1,227,0
5,227,0
1,228,0
5,228,0
1,229,0
5,229,0
1,230,0
5,230,0
1,231,0
5,231,0
1,232,0
5,232,0
1,233,0
5,233,0
1,234,0
5,234,0
1,235,0
5,235,0
1,236,0
5,236,0
1,237,0
5,237,0
1,238,0
5,238,0
1,239,0
5,239,0
1,240,0
5,240,0
1,241,0
5,241,0
1,242,0
5,242,0
1,243,0
5,243,0
1,244,0
5,244,0
1,245,0
5,245,0
1,246,0
5,246,0
1,247,0
5,247,0
1,248,0
5,248,0
1,249,0
5,249,0
1,250,0
5,250,0
1,251,0
5,251,0
1,252,0
5,252,0
1,253,0
5,253,0
1,254,0
5,254,0
1,255,0
5,255,0
1,256,0
5,256,0
1,257,0
5,257,0
1,258,0
5,258,0
1,259,0
5,259,0
1,260,0
4,260,0
1,261,0
4,261,0
1,262,0
3,262,0
1,263,0
3,263,0
1,264,0
3,264,0
1,265,0
3,265,0
1,266,0
3,266,0
1,267,0
3,267,0
1,268,0
3,268,0
1,269,0
3,269,0
1,270,0
3,270,0
1,271,0
3,271,0
1,272,0
3,272,0
1,273,0
3,273,0
1,274,0
3,274,0
1,275,0
3,275,0
1,276,0
3,276,0
1,277,0
3,277,0
1,278,0
3,278,0
1,279,0
3,279,0
1,280,0
3,280,0
1,281,0
3,281,0
1,282,0
3,282,0
1,283,0
3,283,0
1,284,0
3,284,0
1,285,0
3,285,0
1,286,0
2,286,0
1,287,0
2,287,0
1,288,0
2,288,0
1,289,0
1,289,0
1,290,0
1,290,0
1,291,0
1,291,0
1,292,0
1,292,0
1,293,0
1,293,0
1,294,0
1,294,0
1,295,0
1,295,0
1,296,0
1,296,0
1,297,0
1,297,0
1,298,0
1,298,0
1,299,0
1,299,0
1,300,0
1,300,0
1,301,0
1,301,0
1,302,0
1,302,0
1,303,0
1,303,0
1,304,0
1,304,0
1,305,0
1,305,0
1,306,0
1,306,0
1,307,0
1,307,0
1,308,0
1,308,0
1,309,0
1,309,0
1,310,0
1,310,0
1,311,0
1,311,0
1,312,0
1,312,0
1,313,0
1,313,0
1,314,0
1,314,0
1,315,0
1,315,0
1,316,0
1,316,0
1,317,0
1,317,0
1,318,0
1,318,0
1,319,0
1,319,0
1,320,0
1,320,0
1,321,0
1,321,0
1,322,0
1,322,0
1,323,0
1,323,0
1,324,0
1,324,0
1,325,0
1,325,0
1,326,0
1,326,0
