2,2,0
2,2,0
2,3,0
4,3,0
2,4,0
6,4,0
2,5,0
8,5,0
2,6,0
10,6,0
2,7,0
12,7,0
2,8,0
14,8,0
2,9,0
16,9,0
2,10,0
18,10,0
2,11,0
20,11,0
2,12,0
22,12,0
2,13,0
24,13,0
2,14,0
26,14,0
2,15,0
28,15,0
2,16,0
30,16,0
2,17,0
32,17,0
2,18,0
34,18,0
2,19,0
36,19,0
2,20,0
38,20,0
2,21,0
40,21,0
2,22,0
42,22,0
2,23,0
44,23,0
2,24,0
46,24,0
2,25,0
48,25,0
2,26,0
50,26,0
2,27,0
52,27,0
2,28,0
54,28,0
2,29,0
56,29,0
2,30,0
58,30,0
2,31,0
60,31,0
2,32,0
62,32,0
2,33,0
64,33,0
2,34,0
66,34,0
2,35,0
68,35,0
2,36,0
70,36,0
2,37,0
72,37,0
2,38,0
74,38,0
2,39,0
76,39,0
2,40,0
78,40,0
2,41,0
80,41,0
2,42,0
82,42,0
2,43,0
84,43,0
2,44,0
86,44,0
2,45,0
88,45,0
2,46,0
90,46,0
2,47,0
92,47,0
2,48,0
94,48,0
2,49,0
96,49,0
2,50,0
98,50,0
2,51,0
100,51,0
2,52,0
102,52,0
2,53,0
104,53,0
2,54,0
106,54,0
2,55,0
108,55,0
2,56,0
110,56,0
2,57,0
112,57,0
2,58,0
114,58,0
2,59,0
116,59,0
2,60,0
118,60,0
2,61,0
120,61,0
2,62,0
122,62,0
2,63,0
124,63,0
2,64,0
126,64,0
2,65,0
128,65,0
2,66,0
130,66,0
2,67,0
132,67,0
2,68,0
134,68,0
2,69,0
136,69,0
2,70,0
138,70,0
2,71,0
140,71,0
2,72,0
142,72,0
2,73,0
144,73,0
2,74,0
146,74,0
2,75,0
148,75,0
2,76,0
150,76,0
2,77,0
152,77,0
2,78,0
154,78,0
2,79,0
156,79,0
2,80,0
158,80,0
2,81,0
160,81,0
2,82,0
162,82,0
2,83,0
164,83,0
2,84,0
166,84,0
2,85,0
168,85,0
2,86,0
170,86,0
2,87,0
172,87,0
2,88,0
174,88,0
2,89,0
176,89,0
2,90,0
178,90,0
2,91,0
180,91,0
2,92,0
182,92,0
2,93,0
184,93,0
2,94,0
186,94,0
2,95,0
188,95,0
2,96,0
190,96,0
2,97,0
192,97,0
2,98,0
194,98,0
2,99,0
196,99,0
2,100,0
198,100,0
2,101,0
200,101,0
2,102,0
202,102,0
2,103,0
204,103,0
2,104,0
206,104,0
2,105,0
208,105,0
2,106,0
210,106,0
2,107,0
212,107,0
2,108,0
214,108,0
2,109,0
216,109,0
2,110,0
218,110,0
2,111,0
220,111,0
2,112,0
222,112,0
2,113,0
224,113,0
2,114,0
226,114,0
2,115,0
228,115,0
2,116,0
230,116,0
2,117,0
232,117,0
2,118,0
234,118,0
2,119,0
236,119,0
2,120,0
238,120,0
2,121,0
238,121,0
2,122,0
238,122,0
2,123,0
238,123,0
2,124,0
236,124,0
2,125,0
232,125,0
2,126,0
230,126,0
2,127,0
230,127,0
2,128,0
228,128,0
2,129,0
226,129,0
2,130,0
220,130,0
2,131,0
220,131,0
2,132,0
220,132,0
2,133,0
220,133,0
2,134,0
220,134,0
2,135,0
218,135,0
2,136,0
218,136,0
2,137,0
218,137,0
2,138,0
218,138,0
2,139,0
212,139,0
2,140,0
212,140,0
2,141,0
208,141,0
2,142,0
206,142,0
2,143,0
202,143,0
2,144,0
202,144,0
2,145,0
198,145,0
2,146,0
198,146,0
2,147,0
198,147,0
2,148,0
198,148,0
2,149,0
196,149,0
2,150,0
194,150,0
2,151,0
192,151,0
2,152,0
192,152,0
2,153,0
190,153,0
2,154,0
188,154,0
2,155,0
186,155,0
2,156,0
186,156,0
2,157,0
186,157,0
2,158,0
182,158,0
2,159,0
168,159,0
2,160,0
166,160,0
2,161,0
166,161,0
2,162,0
164,162,0
2,163,0
160,163,0
2,164,0
160,164,0
2,165,0
160,165,0
2,166,0
160,166,0
2,167,0
160,167,0
2,168,0
160,168,0
2,169,0
160,169,0
2,170,0
160,170,0
2,171,0
160,171,0
2,172,0
160,172,0
2,173,0
160,173,0
2,174,0
158,174,0
2,175,0
154,175,0
2,176,0
154,176,0
2,177,0
154,177,0
2,178,0
154,178,0
2,179,0
154,179,0
2,180,0
154,180,0
2,181,0
152,181,0
2,182,0
152,182,0
2,183,0
152,183,0
2,184,0
152,184,0
2,185,0
144,185,0
2,186,0
144,186,0
2,187,0
142,187,0
2,188,0
140,188,0
2,189,0
140,189,0
2,190,0
138,190,0
2,191,0
138,191,0
2,192,0
138,192,0
2,193,0
136,193,0
2,194,0
134,194,0
2,195,0
132,195,0
2,196,0
130,196,0
2,197,0
130,197,0
2,198,0
130,198,0
2,199,0
130,199,0
2,200,0
130,200,0
2,201,0
126,201,0
2,202,0
126,202,0
2,203,0
126,203,0
2,204,0
124,204,0
2,205,0
120,205,0
2,206,0
118,206,0
2,207,0
118,207,0
2,208,0
118,208,0
2,209,0
118,209,0
2,210,0
118,210,0
2,211,0
118,211,0
2,212,0
118,212,0
2,213,0
118,213,0
2,214,0
118,214,0
2,215,0
118,215,0
2,216,0
116,216,0
2,217,0
114,217,0
2,218,0
114,218,0
2,219,0
112,219,0
2,220,0
112,220,0
2,221,0
112,221,0
2,222,0
112,222,0
2,223,0
112,223,0
2,224,0
112,224,0
2,225,0
112,225,0
2,226,0
108,226,0
2,227,0
106,227,0
2,228,0
106,228,0
2,229,0
106,229,0
2,230,0
104,230,0
2,231,0
104,231,0
2,232,0
104,232,0
2,233,0
102,233,0
2,234,0
102,234,0
2,235,0
100,235,0
2,236,0
100,236,0
2,237,0
100,237,0
2,238,0
100,238,0
2,239,0
98,239,0
2,240,0
96,240,0
2,241,0
92,241,0
2,242,0
90,242,0
2,243,0
90,243,0
2,244,0
90,244,0
2,245,0
90,245,0
2,246,0
90,246,0
2,247,0
90,247,0
2,248,0
88,248,0
2,249,0
88,249,0
2,250,0
88,250,0
2,251,0
86,251,0
2,252,0
86,252,0
2,253,0
86,253,0
2,254,0
86,254,0
2,255,0
86,255,0
2,256,0
86,256,0
2,257,0
84,257,0
2,258,0
82,258,0
2,259,0
80,259,0
2,260,0
80,260,0
2,261,0
80,261,0
2,262,0
80,262,0
2,263,0
80,263,0
2,264,0
78,264,0
2,265,0
78,265,0
2,266,0
78,266,0
2,267,0
78,267,0
2,268,0
76,268,0
2,269,0
76,269,0
2,270,0
76,270,0
2,271,0
76,271,0
2,272,0
76,272,0
2,273,0
76,273,0
2,274,0
76,274,0
2,275,0
76,275,0
2,276,0
74,276,0
2,277,0
74,277,0
2,278,0
74,278,0
2,279,0
74,279,0
2,280,0
72,280,0
2,281,0
72,281,0
2,282,0
70,282,0
2,283,0
68,283,0
2,284,0
68,284,0
2,285,0
64,285,0
2,286,0
64,286,0
2,287,0
64,287,0
2,288,0
64,288,0
2,289,0
64,289,0
2,290,0
64,290,0
2,291,0
64,291,0
2,292,0
62,292,0
2,293,0
62,293,0
2,294,0
62,294,0
2,295,0
62,295,0
2,296,0
62,296,0
2,297,0
62,297,0
2,298,0
62,298,0
2,299,0
62,299,0
2,300,0
62,300,0
2,301,0
62,301,0
2,302,0
60,302,0
2,303,0
60,303,0
2,304,0
60,304,0
2,305,0
60,305,0
2,306,0
60,306,0
2,307,0
60,307,0
2,308,0
60,308,0
2,309,0
60,309,0
2,310,0
58,310,0
2,311,0
58,311,0
2,312,0
58,312,0
2,313,0
58,313,0
2,314,0
58,314,0
2,315,0
58,315,0
2,316,0
58,316,0
2,317,0
56,317,0
2,318,0
56,318,0
2,319,0
56,319,0
2,320,0
56,320,0
2,321,0
56,321,0
2,322,0
54,322,0
2,323,0
54,323,0
2,324,0
54,324,0
2,325,0
54,325,0
2,326,0
54,326,0
2,327,0
50,327,0
2,328,0
50,328,0
2,329,0
50,329,0
2,330,0
50,330,0
2,331,0
50,331,0
2,332,0
50,332,0
2,333,0
50,333,0
2,334,0
50,334,0
2,335,0
50,335,0
2,336,0
46,336,0
2,337,0
46,337,0
2,338,0
46,338,0
2,339,0
46,339,0
2,340,0
46,340,0
2,341,0
44,341,0
2,342,0
44,342,0
2,343,0
44,343,0
2,344,0
44,344,0
2,345,0
44,345,0
2,346,0
44,346,0
2,347,0
44,347,0
2,348,0
44,348,0
2,349,0
44,349,0
2,350,0
42,350,0
2,351,0
40,351,0
2,352,0
40,352,0
2,353,0
38,353,0
2,354,0
38,354,0
2,355,0
38,355,0
2,356,0
38,356,0
2,357,0
38,357,0
2,358,0
38,358,0
2,359,0
38,359,0
2,360,0
38,360,0
2,361,0
38,361,0
2,362,0
38,362,0
2,363,0
38,363,0
2,364,0
38,364,0
2,365,0
38,365,0
2,366,0
38,366,0
2,367,0
38,367,0
2,368,0
36,368,0
2,369,0
36,369,0
2,370,0
36,370,0
2,371,0
36,371,0
2,372,0
36,372,0
2,373,0
36,373,0
2,374,0
36,374,0
2,375,0
36,375,0
2,376,0
36,376,0
2,377,0
36,377,0
2,378,0
34,378,0
2,379,0
34,379,0
2,380,0
34,380,0
2,381,0
34,381,0
2,382,0
34,382,0
2,383,0
34,383,0
2,384,0
34,384,0
2,385,0
34,385,0
2,386,0
34,386,0
2,387,0
30,387,0
2,388,0
30,388,0
2,389,0
28,389,0
2,390,0
28,390,0
2,391,0
26,391,0
2,392,0
24,392,0
2,393,0
24,393,0
2,394,0
24,394,0
2,395,0
24,395,0
2,396,0
24,396,0
2,397,0
22,397,0
2,398,0
20,398,0
2,399,0
20,399,0
2,400,0
20,400,0
2,401,0
20,401,0
2,402,0
20,402,0
2,403,0
20,403,0
2,404,0
20,404,0
2,405,0
18,405,0
2,406,0
18,406,0
2,407,0
14,407,0
2,408,0
14,408,0
2,409,0
14,409,0
2,410,0
14,410,0
2,411,0
14,411,0
2,412,0
14,412,0
2,413,0
14,413,0
2,414,0
14,414,0
2,415,0
14,415,0
2,416,0
14,416,0
2,417,0
14,417,0
2,418,0
14,418,0
2,419,0
14,419,0
2,420,0
14,420,0
2,421,0
14,421,0
2,422,0
14,422,0
2,423,0
14,423,0
2,424,0
14,424,0
2,425,0
14,425,0
2,426,0
14,426,0
2,427,0
14,427,0
2,428,0
12,428,0
2,429,0
12,429,0
2,430,0
12,430,0
2,431,0
12,431,0
2,432,0
12,432,0
2,433,0
12,433,0
2,434,0
12,434,0
2,435,0
12,435,0
2,436,0
12,436,0
2,437,0
12,437,0
2,438,0
12,438,0
2,439,0
12,439,0
2,440,0
12,440,0
2,441,0
12,441,0
2,442,0
12,442,0
2,443,0
12,443,0
2,444,0
12,444,0
2,445,0
12,445,0
2,446,0
12,446,0
2,447,0
12,447,0
2,448,0
12,448,0
2,449,0
12,449,0
2,450,0
12,450,0
2,451,0
12,451,0
2,452,0
12,452,0
2,453,0
12,453,0
2,454,0
12,454,0
2,455,0
12,455,0
2,456,0
12,456,0
2,457,0
12,457,0
2,458,0
12,458,0
2,459,0
12,459,0
2,460,0
12,460,0
2,461,0
12,461,0
2,462,0
12,462,0
2,463,0
12,463,0
2,464,0
12,464,0
2,465,0
12,465,0
2,466,0
12,466,0
2,467,0
12,467,0
2,468,0
12,468,0
2,469,0
12,469,0
2,470,0
12,470,0
2,471,0
12,471,0
2,472,0
12,472,0
2,473,0
12,473,0
2,474,0
12,474,0
2,475,0
12,475,0
2,476,0
12,476,0
2,477,0
12,477,0
2,478,0
12,478,0
2,479,0
12,479,0
2,480,0
12,480,0
2,481,0
12,481,0
2,482,0
12,482,0
2,483,0
12,483,0
2,484,0
12,484,0
2,485,0
12,485,0
2,486,0
12,486,0
2,487,0
10,487,0
2,488,0
10,488,0
2,489,0
10,489,0
2,490,0
10,490,0
2,491,0
10,491,0
2,492,0
10,492,0
2,493,0
10,493,0
2,494,0
10,494,0
2,495,0
10,495,0
2,496,0
10,496,0
2,497,0
10,497,0
2,498,0
10,498,0
2,499,0
10,499,0
2,500,0
10,500,0
2,501,0
10,501,0
2,502,0
10,502,0
2,503,0
10,503,0
2,504,0
10,504,0
2,505,0
10,505,0
2,506,0
10,506,0
2,507,0
10,507,0
2,508,0
10,508,0
2,509,0
10,509,0
2,510,0
8,510,0
2,511,0
8,511,0
2,512,0
8,512,0
2,513,0
6,513,0
2,514,0
6,514,0
2,515,0
6,515,0
2,516,0
6,516,0
2,517,0
6,517,0
2,518,0
6,518,0
2,519,0
6,519,0
2,520,0
6,520,0
2,521,0
6,521,0
2,522,0
6,522,0
2,523,0
6,523,0
2,524,0
6,524,0
2,525,0
6,525,0
2,526,0
6,526,0
2,527,0
6,527,0
2,528,0
6,528,0
2,529,0
6,529,0
2,530,0
6,530,0
2,531,0
6,531,0
2,532,0
6,532,0
2,533,0
6,533,0
2,534,0
6,534,0
2,535,0
6,535,0
2,536,0
6,536,0
2,537,0
6,537,0
2,538,0
6,538,0
2,539,0
6,539,0
2,540,0
6,540,0
2,541,0
6,541,0
2,542,0
6,542,0
2,543,0
6,543,0
2,544,0
6,544,0
2,545,0
6,545,0
2,546,0
6,546,0
2,547,0
6,547,0
2,548,0
6,548,0
2,549,0
6,549,0
2,550,0
6,550,0
2,551,0
6,551,0
2,552,0
6,552,0
2,553,0
6,553,0
2,554,0
6,554,0
2,555,0
6,555,0
2,556,0
6,556,0
2,557,0
6,557,0
2,558,0
6,558,0
2,559,0
6,559,0
2,560,0
6,560,0
2,561,0
6,561,0
2,562,0
6,562,0
2,563,0
6,563,0
2,564,0
6,564,0
2,565,0
6,565,0
2,566,0
6,566,0
2,567,0
6,567,0
2,568,0
6,568,0
2,569,0
6,569,0
2,570,0
6,570,0
2,571,0
6,571,0
2,572,0
6,572,0
2,573,0
6,573,0
2,574,0
6,574,0
2,575,0
6,575,0
2,576,0
6,576,0
2,577,0
6,577,0
2,578,0
6,578,0
2,579,0
6,579,0
2,580,0
6,580,0
2,581,0
6,581,0
2,582,0
6,582,0
2,583,0
6,583,0
2,584,0
6,584,0
2,585,0
6,585,0
2,586,0
6,586,0
2,587,0
6,587,0
2,588,0
6,588,0
2,589,0
6,589,0
2,590,0
6,590,0
2,591,0
6,591,0
2,592,0
6,592,0
2,593,0
6,593,0
2,594,0
6,594,0
2,595,0
6,595,0
2,596,0
6,596,0
2,597,0
6,597,0
2,598,0
6,598,0
2,599,0
6,599,0
2,600,0
6,600,0
2,601,0
6,601,0
2,602,0
6,602,0
2,603,0
6,603,0
2,604,0
6,604,0
2,605,0
6,605,0
2,606,0
6,606,0
2,607,0
6,607,0
2,608,0
6,608,0
2,609,0
6,609,0
2,610,0
6,610,0
2,611,0
6,611,0
2,612,0
6,612,0
2,613,0
6,613,0
2,614,0
6,614,0
2,615,0
6,615,0
2,616,0
6,616,0
2,617,0
6,617,0
2,618,0
6,618,0
2,619,0
6,619,0
2,620,0
6,620,0
2,621,0
6,621,0
2,622,0
6,622,0
2,623,0
6,623,0
2,624,0
6,624,0
2,625,0
6,625,0
2,626,0
6,626,0
2,627,0
6,627,0
2,628,0
6,628,0
2,629,0
6,629,0
2,630,0
6,630,0
2,631,0
6,631,0
2,632,0
6,632,0
2,633,0
6,633,0
2,634,0
6,634,0
2,635,0
6,635,0
2,636,0
6,636,0
2,637,0
6,637,0
2,638,0
6,638,0
2,639,0
6,639,0
2,640,0
6,640,0
2,641,0
6,641,0
2,642,0
6,642,0
2,643,0
6,643,0
2,644,0
6,644,0
2,645,0
6,645,0
2,646,0
6,646,0
2,647,0
6,647,0
2,648,0
6,648,0
2,649,0
6,649,0
2,650,0
6,650,0
2,651,0
6,651,0
2,652,0
6,652,0
2,653,0
6,653,0
2,654,0
6,654,0
2,655,0
6,655,0
2,656,0
6,656,0
2,657,0
6,657,0
2,658,0
6,658,0
2,659,0
6,659,0
2,660,0
6,660,0
2,661,0
6,661,0
2,662,0
6,662,0
2,663,0
6,663,0
2,664,0
6,664,0
2,665,0
6,665,0
2,666,0
6,666,0
2,667,0
6,667,0
2,668,0
6,668,0
2,669,0
6,669,0
2,670,0
6,670,0
2,671,0
6,671,0
2,672,0
6,672,0
2,673,0
6,673,0
2,674,0
6,674,0
2,675,0
6,675,0
2,676,0
6,676,0
2,677,0
6,677,0
2,678,0
6,678,0
2,679,0
6,679,0
2,680,0
6,680,0
2,681,0
6,681,0
2,682,0
6,682,0
2,683,0
6,683,0
2,684,0
6,684,0
2,685,0
6,685,0
2,686,0
6,686,0
2,687,0
6,687,0
2,688,0
6,688,0
2,689,0
6,689,0
2,690,0
6,690,0
2,691,0
6,691,0
2,692,0
6,692,0
2,693,0
6,693,0
2,694,0
6,694,0
2,695,0
6,695,0
2,696,0
6,696,0
2,697,0
6,697,0
2,698,0
6,698,0
2,699,0
6,699,0
2,700,0
6,700,0
2,701,0
6,701,0
2,702,0
6,702,0
2,703,0
6,703,0
2,704,0
6,704,0
2,705,0
6,705,0
2,706,0
6,706,0
2,707,0
6,707,0
2,708,0
6,708,0
2,709,0
6,709,0
2,710,0
6,710,0
2,711,0
6,711,0
2,712,0
6,712,0
2,713,0
6,713,0
2,714,0
6,714,0
2,715,0
6,715,0
2,716,0
6,716,0
2,717,0
4,717,0
2,718,0
4,718,0
2,719,0
4,719,0
2,720,0
4,720,0
2,721,0
4,721,0
2,722,0
4,722,0
2,723,0
4,723,0
2,724,0
4,724,0
2,725,0
4,725,0
2,726,0
4,726,0
2,727,0
4,727,0
2,728,0
4,728,0
2,729,0
4,729,0
2,730,0
4,730,0
2,731,0
4,731,0
2,732,0
4,732,0
2,733,0
4,733,0
2,734,0
4,734,0
2,735,0
4,735,0
2,736,0
4,736,0
2,737,0
4,737,0
2,738,0
4,738,0
2,739,0
4,739,0
2,740,0
4,740,0
2,741,0
4,741,0
2,742,0
4,742,0
2,743,0
4,743,0
2,744,0
4,744,0
2,745,0
4,745,0
2,746,0
4,746,0
2,747,0
4,747,0
2,748,0
4,748,0
2,749,0
4,749,0
2,750,0
4,750,0
2,751,0
4,751,0
2,752,0
4,752,0
2,753,0
4,753,0
2,754,0
4,754,0
2,755,0
4,755,0
2,756,0
4,756,0
2,757,0
4,757,0
2,758,0
4,758,0
2,759,0
4,759,0
2,760,0
4,760,0
2,761,0
4,761,0
2,762,0
2,762,0
2,763,0
2,763,0
2,764,0
2,764,0
2,765,0
2,765,0
2,766,0
2,766,0
2,767,0
2,767,0
2,768,0
2,768,0
2,769,0
2,769,0
2,770,0
2,770,0
2,771,0
2,771,0
2,772,0
2,772,0
2,773,0
2,773,0
2,774,0
2,774,0
2,775,0
2,775,0
2,776,0
2,776,0
2,777,0
2,777,0
2,778,0
2,778,0
2,779,0
2,779,0
2,780,0
2,780,0
2,781,0
2,781,0
2,782,0
2,782,0
2,783,0
2,783,0
2,784,0
2,784,0
2,785,0
2,785,0
2,786,0
2,786,0
2,787,0
2,787,0
2,788,0
2,788,0
2,789,0
2,789,0
2,790,0
2,790,0
2,791,0
2,791,0
2,792,0
2,792,0
2,793,0
2,793,0
2,794,0
2,794,0
2,795,0
2,795,0
2,796,0
2,796,0
2,797,0
2,797,0
2,798,0
2,798,0
2,799,0
2,799,0
2,800,0
2,800,0
2,801,0
2,801,0
2,802,0
2,802,0
2,803,0
2,803,0
2,804,0
2,804,0
2,805,0
2,805,0
2,806,0
2,806,0
2,807,0
2,807,0
2,808,0
2,808,0
2,809,0
2,809,0
2,810,0
2,810,0
2,811,0
2,811,0
2,812,0
2,812,0
2,813,0
2,813,0
2,814,0
2,814,0
2,815,0
2,815,0
2,816,0
2,816,0
2,817,0
2,817,0
2,818,0
2,818,0
2,819,0
2,819,0
2,820,0
2,820,0
2,821,0
2,821,0
2,822,0
2,822,0
2,823,0
2,823,0
2,824,0
2,824,0
2,825,0
2,825,0
2,826,0
2,826,0
2,827,0
2,827,0
2,828,0
2,828,0
2,829,0
2,829,0
2,830,0
2,830,0
2,831,0
2,831,0
2,832,0
2,832,0
2,833,0
2,833,0
2,834,0
2,834,0
2,835,0
2,835,0
2,836,0
2,836,0
2,837,0
2,837,0
2,838,0
2,838,0
