1,1,0
1,1,0
1,2,0
3,2,0
1,3,0
5,3,0
1,4,0
7,4,0
1,5,0
9,5,0
1,6,0
11,6,0
1,7,0
13,7,0
1,8,0
15,8,0
1,9,0
17,9,0
1,10,0
19,10,0
1,11,0
21,11,0
1,12,0
23,12,0
1,13,0
25,13,0
1,14,0
27,14,0
1,15,0
29,15,0
1,16,0
31,16,0
1,17,0
33,17,0
1,18,0
35,18,0
1,19,0
37,19,0
1,20,0
39,20,0
1,21,0
41,21,0
1,22,0
43,22,0
1,23,0
45,23,0
1,24,0
47,24,0
1,25,0
49,25,0
1,26,0
51,26,0
1,27,0
53,27,0
1,28,0
55,28,0
1,29,0
57,29,0
1,30,0
59,30,0
1,31,0
61,31,0
1,32,0
63,32,0
1,33,0
65,33,0
1,34,0
67,34,0
1,35,0
69,35,0
1,36,0
71,36,0
1,37,0
73,37,0
1,38,0
75,38,0
1,39,0
77,39,0
1,40,0
79,40,0
1,41,0
81,41,0
1,42,0
83,42,0
1,43,0
85,43,0
1,44,0
87,44,0
1,45,0
89,45,0
1,46,0
91,46,0
1,47,0
93,47,0
1,48,0
95,48,0
1,49,0
97,49,0
1,50,0
99,50,0
1,51,0
101,51,0
1,52,0
103,52,0
1,53,0
105,53,0
1,54,0
107,54,0
1,55,0
109,55,0
1,56,0
111,56,0
1,57,0
113,57,0
1,58,0
115,58,0
1,59,0
117,59,0
1,60,0
119,60,0
1,61,0
121,61,0
1,62,0
123,62,0
1,63,0
125,63,0
1,64,0
127,64,0
1,65,0
129,65,0
1,66,0
131,66,0
1,67,0
133,67,0
1,68,0
135,68,0
1,69,0
137,69,0
1,70,0
139,70,0
1,71,0
141,71,0
1,72,0
143,72,0
1,73,0
145,73,0
1,74,0
147,74,0
1,75,0
149,75,0
1,76,0
151,76,0
1,77,0
153,77,0
1,78,0
155,78,0
1,79,0
157,79,0
1,80,0
159,80,0
1,81,0
161,81,0
1,82,0
163,82,0
1,83,0
165,83,0
1,84,0
167,84,0
1,85,0
169,85,0
1,86,0
171,86,0
1,87,0
173,87,0
1,88,0
175,88,0
1,89,0
177,89,0
1,90,0
179,90,0
1,91,0
181,91,0
1,92,0
183,92,0
1,93,0
185,93,0
1,94,0
187,94,0
1,95,0
189,95,0
1,96,0
191,96,0
1,97,0
193,97,0
1,98,0
195,98,0
1,99,0
197,99,0
1,100,0
199,100,0
1,101,0
201,101,0
1,102,0
203,102,0
1,103,0
205,103,0
1,104,0
207,104,0
1,105,0
209,105,0
1,106,0
211,106,0
1,107,0
213,107,0
1,108,0
215,108,0
1,109,0
217,109,0
1,110,0
219,110,0
1,111,0
221,111,0
1,112,0
223,112,0
1,113,0
225,113,0
1,114,0
227,114,0
1,115,0
229,115,0
1,116,0
231,116,0
1,117,0
233,117,0
1,118,0
235,118,0
1,119,0
237,119,0
1,120,0
239,120,0
1,121,0
241,121,0
1,122,0
243,122,0
1,123,0
245,123,0
1,124,0
243,124,0
1,125,0
243,125,0
1,126,0
243,126,0
1,127,0
243,127,0
1,128,0
243,128,0
1,129,0
239,129,0
1,130,0
239,130,0
1,131,0
239,131,0
1,132,0
237,132,0
1,133,0
231,133,0
1,134,0
231,134,0
1,135,0
231,135,0
1,136,0
223,136,0
1,137,0
221,137,0
1,138,0
221,138,0
1,139,0
221,139,0
1,140,0
221,140,0
1,141,0
221,141,0
1,142,0
221,142,0
1,143,0
221,143,0
1,144,0
221,144,0
1,145,0
221,145,0
1,146,0
219,146,0
1,147,0
219,147,0
1,148,0
219,148,0
1,149,0
203,149,0
1,150,0
203,150,0
1,151,0
203,151,0
1,152,0
189,152,0
1,153,0
189,153,0
1,154,0
185,154,0
1,155,0
181,155,0
1,156,0
179,156,0
1,157,0
171,157,0
1,158,0
171,158,0
1,159,0
169,159,0
1,160,0
169,160,0
1,161,0
167,161,0
1,162,0
167,162,0
1,163,0
167,163,0
1,164,0
163,164,0
1,165,0
163,165,0
1,166,0
163,166,0
1,167,0
161,167,0
1,168,0
161,168,0
1,169,0
161,169,0
1,170,0
161,170,0
1,171,0
159,171,0
1,172,0
159,172,0
1,173,0
159,173,0
1,174,0
159,174,0
1,175,0
159,175,0
1,176,0
159,176,0
1,177,0
159,177,0
1,178,0
159,178,0
1,179,0
159,179,0
1,180,0
157,180,0
1,181,0
157,181,0
1,182,0
157,182,0
1,183,0
155,183,0
1,184,0
155,184,0
1,185,0
155,185,0
1,186,0
151,186,0
1,187,0
151,187,0
1,188,0
143,188,0
1,189,0
141,189,0
1,190,0
141,190,0
1,191,0
141,191,0
1,192,0
141,192,0
1,193,0
141,193,0
1,194,0
135,194,0
1,195,0
135,195,0
1,196,0
131,196,0
1,197,0
131,197,0
1,198,0
131,198,0
1,199,0
131,199,0
1,200,0
131,200,0
1,201,0
131,201,0
1,202,0
131,202,0
1,203,0
131,203,0
1,204,0
131,204,0
1,205,0
131,205,0
1,206,0
129,206,0
1,207,0
129,207,0
1,208,0
129,208,0
1,209,0
129,209,0
1,210,0
129,210,0
1,211,0
129,211,0
1,212,0
129,212,0
1,213,0
129,213,0
1,214,0
129,214,0
1,215,0
129,215,0
1,216,0
129,216,0
1,217,0
129,217,0
1,218,0
129,218,0
1,219,0
129,219,0
1,220,0
129,220,0
1,221,0
129,221,0
1,222,0
129,222,0
1,223,0
129,223,0
1,224,0
129,224,0
1,225,0
129,225,0
1,226,0
129,226,0
1,227,0
129,227,0
1,228,0
129,228,0
1,229,0
127,229,0
1,230,0
127,230,0
1,231,0
127,231,0
1,232,0
127,232,0
1,233,0
125,233,0
1,234,0
125,234,0
1,235,0
125,235,0
1,236,0
125,236,0
1,237,0
125,237,0
1,238,0
125,238,0
1,239,0
125,239,0
1,240,0
125,240,0
1,241,0
125,241,0
1,242,0
125,242,0
1,243,0
125,243,0
1,244,0
125,244,0
1,245,0
123,245,0
1,246,0
117,246,0
1,247,0
117,247,0
1,248,0
117,248,0
1,249,0
117,249,0
1,250,0
117,250,0
1,251,0
117,251,0
1,252,0
117,252,0
1,253,0
117,253,0
1,254,0
115,254,0
1,255,0
113,255,0
1,256,0
109,256,0
1,257,0
107,257,0
1,258,0
107,258,0
1,259,0
107,259,0
1,260,0
107,260,0
1,261,0
105,261,0
1,262,0
105,262,0
1,263,0
105,263,0
1,264,0
105,264,0
1,265,0
105,265,0
1,266,0
103,266,0
1,267,0
103,267,0
1,268,0
99,268,0
1,269,0
97,269,0
1,270,0
95,270,0
1,271,0
95,271,0
1,272,0
95,272,0
1,273,0
93,273,0
1,274,0
93,274,0
1,275,0
93,275,0
1,276,0
93,276,0
1,277,0
91,277,0
1,278,0
91,278,0
1,279,0
91,279,0
1,280,0
91,280,0
1,281,0
89,281,0
1,282,0
89,282,0
1,283,0
89,283,0
1,284,0
89,284,0
1,285,0
89,285,0
1,286,0
87,286,0
1,287,0
87,287,0
1,288,0
87,288,0
1,289,0
87,289,0
1,290,0
87,290,0
1,291,0
87,291,0
1,292,0
87,292,0
1,293,0
87,293,0
1,294,0
87,294,0
1,295,0
87,295,0
1,296,0
85,296,0
1,297,0
85,297,0
1,298,0
85,298,0
1,299,0
85,299,0
1,300,0
85,300,0
1,301,0
83,301,0
1,302,0
83,302,0
1,303,0
83,303,0
1,304,0
77,304,0
1,305,0
77,305,0
1,306,0
77,306,0
1,307,0
77,307,0
1,308,0
77,308,0
1,309,0
75,309,0
1,310,0
73,310,0
1,311,0
69,311,0
1,312,0
69,312,0
1,313,0
69,313,0
1,314,0
69,314,0
1,315,0
67,315,0
1,316,0
67,316,0
1,317,0
67,317,0
1,318,0
67,318,0
1,319,0
67,319,0
1,320,0
67,320,0
1,321,0
67,321,0
1,322,0
67,322,0
1,323,0
67,323,0
1,324,0
67,324,0
1,325,0
67,325,0
1,326,0
67,326,0
1,327,0
67,327,0
1,328,0
67,328,0
1,329,0
67,329,0
1,330,0
67,330,0
1,331,0
67,331,0
1,332,0
67,332,0
1,333,0
65,333,0
1,334,0
65,334,0
1,335,0
65,335,0
1,336,0
65,336,0
1,337,0
65,337,0
1,338,0
65,338,0
1,339,0
65,339,0
1,340,0
65,340,0
1,341,0
65,341,0
1,342,0
65,342,0
1,343,0
65,343,0
1,344,0
65,344,0
1,345,0
65,345,0
1,346,0
65,346,0
1,347,0
65,347,0
1,348,0
65,348,0
1,349,0
59,349,0
1,350,0
59,350,0
1,351,0
57,351,0
1,352,0
57,352,0
1,353,0
57,353,0
1,354,0
55,354,0
1,355,0
53,355,0
1,356,0
53,356,0
1,357,0
53,357,0
1,358,0
53,358,0
1,359,0
53,359,0
1,360,0
51,360,0
1,361,0
51,361,0
1,362,0
51,362,0
1,363,0
51,363,0
1,364,0
51,364,0
1,365,0
51,365,0
1,366,0
51,366,0
1,367,0
51,367,0
1,368,0
49,368,0
1,369,0
49,369,0
1,370,0
49,370,0
1,371,0
49,371,0
1,372,0
49,372,0
1,373,0
49,373,0
1,374,0
49,374,0
1,375,0
47,375,0
1,376,0
47,376,0
1,377,0
45,377,0
1,378,0
45,378,0
1,379,0
43,379,0
1,380,0
41,380,0
1,381,0
41,381,0
1,382,0
41,382,0
1,383,0
41,383,0
1,384,0
39,384,0
1,385,0
39,385,0
1,386,0
39,386,0
1,387,0
39,387,0
1,388,0
39,388,0
1,389,0
39,389,0
1,390,0
39,390,0
1,391,0
39,391,0
1,392,0
39,392,0
1,393,0
39,393,0
1,394,0
39,394,0
1,395,0
39,395,0
1,396,0
39,396,0
1,397,0
39,397,0
1,398,0
39,398,0
1,399,0
39,399,0
1,400,0
39,400,0
1,401,0
39,401,0
1,402,0
39,402,0
1,403,0
39,403,0
1,404,0
39,404,0
1,405,0
39,405,0
1,406,0
39,406,0
1,407,0
39,407,0
1,408,0
39,408,0
1,409,0
39,409,0
1,410,0
39,410,0
1,411,0
39,411,0
1,412,0
39,412,0
1,413,0
35,413,0
1,414,0
35,414,0
1,415,0
35,415,0
1,416,0
35,416,0
1,417,0
35,417,0
1,418,0
35,418,0
1,419,0
35,419,0
1,420,0
35,420,0
1,421,0
35,421,0
1,422,0
35,422,0
1,423,0
35,423,0
1,424,0
35,424,0
1,425,0
35,425,0
1,426,0
33,426,0
1,427,0
33,427,0
1,428,0
33,428,0
1,429,0
33,429,0
1,430,0
33,430,0
1,431,0
31,431,0
1,432,0
29,432,0
1,433,0
29,433,0
1,434,0
29,434,0
1,435,0
29,435,0
1,436,0
29,436,0
1,437,0
29,437,0
1,438,0
29,438,0
1,439,0
29,439,0
1,440,0
29,440,0
1,441,0
29,441,0
1,442,0
29,442,0
1,443,0
25,443,0
1,444,0
23,444,0
1,445,0
23,445,0
1,446,0
23,446,0
1,447,0
23,447,0
1,448,0
23,448,0
1,449,0
23,449,0
1,450,0
23,450,0
1,451,0
23,451,0
1,452,0
23,452,0
1,453,0
23,453,0
1,454,0
23,454,0
1,455,0
23,455,0
1,456,0
23,456,0
1,457,0
23,457,0
1,458,0
21,458,0
1,459,0
21,459,0
1,460,0
21,460,0
1,461,0
21,461,0
1,462,0
21,462,0
1,463,0
21,463,0
1,464,0
21,464,0
1,465,0
21,465,0
1,466,0
21,466,0
1,467,0
21,467,0
1,468,0
21,468,0
1,469,0
21,469,0
1,470,0
21,470,0
1,471,0
21,471,0
1,472,0
21,472,0
1,473,0
21,473,0
1,474,0
21,474,0
1,475,0
21,475,0
1,476,0
21,476,0
1,477,0
21,477,0
1,478,0
21,478,0
1,479,0
21,479,0
1,480,0
21,480,0
1,481,0
21,481,0
1,482,0
21,482,0
1,483,0
21,483,0
1,484,0
21,484,0
1,485,0
21,485,0
1,486,0
21,486,0
1,487,0
21,487,0
1,488,0
21,488,0
1,489,0
21,489,0
1,490,0
21,490,0
1,491,0
21,491,0
1,492,0
21,492,0
1,493,0
21,493,0
1,494,0
21,494,0
1,495,0
21,495,0
1,496,0
21,496,0
1,497,0
19,497,0
1,498,0
19,498,0
1,499,0
19,499,0
1,500,0
19,500,0
1,501,0
19,501,0
1,502,0
19,502,0
1,503,0
19,503,0
1,504,0
19,504,0
1,505,0
19,505,0
1,506,0
19,506,0
1,507,0
19,507,0
1,508,0
19,508,0
1,509,0
19,509,0
1,510,0
19,510,0
1,511,0
19,511,0
1,512,0
19,512,0
1,513,0
19,513,0
1,514,0
19,514,0
1,515,0
19,515,0
1,516,0
19,516,0
1,517,0
19,517,0
1,518,0
19,518,0
1,519,0
19,519,0
1,520,0
19,520,0
1,521,0
19,521,0
1,522,0
19,522,0
1,523,0
19,523,0
1,524,0
19,524,0
1,525,0
19,525,0
1,526,0
19,526,0
1,527,0
19,527,0
1,528,0
19,528,0
1,529,0
19,529,0
1,530,0
19,530,0
1,531,0
19,531,0
1,532,0
19,532,0
1,533,0
19,533,0
1,534,0
19,534,0
1,535,0
19,535,0
1,536,0
19,536,0
1,537,0
19,537,0
1,538,0
19,538,0
1,539,0
17,539,0
1,540,0
17,540,0
1,541,0
17,541,0
1,542,0
17,542,0
1,543,0
17,543,0
1,544,0
17,544,0
1,545,0
15,545,0
1,546,0
15,546,0
1,547,0
15,547,0
1,548,0
15,548,0
1,549,0
15,549,0
1,550,0
15,550,0
1,551,0
15,551,0
1,552,0
15,552,0
1,553,0
15,553,0
1,554,0
15,554,0
1,555,0
15,555,0
1,556,0
15,556,0
1,557,0
15,557,0
1,558,0
15,558,0
1,559,0
15,559,0
1,560,0
15,560,0
1,561,0
15,561,0
1,562,0
15,562,0
1,563,0
15,563,0
1,564,0
15,564,0
1,565,0
15,565,0
1,566,0
13,566,0
1,567,0
13,567,0
1,568,0
13,568,0
1,569,0
13,569,0
1,570,0
13,570,0
1,571,0
13,571,0
1,572,0
13,572,0
1,573,0
13,573,0
1,574,0
13,574,0
1,575,0
13,575,0
1,576,0
13,576,0
1,577,0
13,577,0
1,578,0
13,578,0
1,579,0
13,579,0
1,580,0
13,580,0
1,581,0
13,581,0
1,582,0
13,582,0
1,583,0
13,583,0
1,584,0
13,584,0
1,585,0
13,585,0
1,586,0
13,586,0
1,587,0
13,587,0
1,588,0
13,588,0
1,589,0
13,589,0
1,590,0
13,590,0
1,591,0
13,591,0
1,592,0
13,592,0
1,593,0
13,593,0
1,594,0
13,594,0
1,595,0
13,595,0
1,596,0
13,596,0
1,597,0
13,597,0
1,598,0
13,598,0
1,599,0
13,599,0
1,600,0
13,600,0
1,601,0
13,601,0
1,602,0
13,602,0
1,603,0
13,603,0
1,604,0
13,604,0
1,605,0
13,605,0
1,606,0
13,606,0
1,607,0
13,607,0
1,608,0
13,608,0
1,609,0
13,609,0
1,610,0
13,610,0
1,611,0
13,611,0
1,612,0
13,612,0
1,613,0
13,613,0
1,614,0
13,614,0
1,615,0
13,615,0
1,616,0
13,616,0
1,617,0
13,617,0
1,618,0
13,618,0
1,619,0
13,619,0
1,620,0
13,620,0
1,621,0
13,621,0
1,622,0
13,622,0
1,623,0
13,623,0
1,624,0
13,624,0
1,625,0
13,625,0
1,626,0
13,626,0
1,627,0
13,627,0
1,628,0
13,628,0
1,629,0
13,629,0
1,630,0
13,630,0
1,631,0
13,631,0
1,632,0
13,632,0
1,633,0
13,633,0
1,634,0
13,634,0
1,635,0
13,635,0
1,636,0
13,636,0
1,637,0
13,637,0
1,638,0
13,638,0
1,639,0
13,639,0
1,640,0
13,640,0
1,641,0
13,641,0
1,642,0
13,642,0
1,643,0
13,643,0
1,644,0
13,644,0
1,645,0
13,645,0
1,646,0
13,646,0
1,647,0
13,647,0
1,648,0
13,648,0
1,649,0
13,649,0
1,650,0
13,650,0
1,651,0
13,651,0
1,652,0
11,652,0
1,653,0
11,653,0
1,654,0
11,654,0
1,655,0
9,655,0
1,656,0
9,656,0
1,657,0
9,657,0
1,658,0
9,658,0
1,659,0
9,659,0
1,660,0
9,660,0
1,661,0
9,661,0
1,662,0
9,662,0
1,663,0
9,663,0
1,664,0
9,664,0
1,665,0
9,665,0
1,666,0
9,666,0
1,667,0
9,667,0
1,668,0
9,668,0
1,669,0
9,669,0
1,670,0
9,670,0
1,671,0
9,671,0
1,672,0
9,672,0
1,673,0
9,673,0
1,674,0
9,674,0
1,675,0
9,675,0
1,676,0
9,676,0
1,677,0
9,677,0
1,678,0
9,678,0
1,679,0
9,679,0
1,680,0
9,680,0
1,681,0
9,681,0
1,682,0
9,682,0
1,683,0
9,683,0
1,684,0
9,684,0
1,685,0
9,685,0
1,686,0
9,686,0
1,687,0
9,687,0
1,688,0
9,688,0
1,689,0
9,689,0
1,690,0
9,690,0
1,691,0
9,691,0
1,692,0
9,692,0
1,693,0
9,693,0
1,694,0
9,694,0
1,695,0
9,695,0
1,696,0
9,696,0
1,697,0
9,697,0
1,698,0
9,698,0
1,699,0
9,699,0
1,700,0
9,700,0
1,701,0
9,701,0
1,702,0
9,702,0
1,703,0
9,703,0
1,704,0
9,704,0
1,705,0
9,705,0
1,706,0
9,706,0
1,707,0
9,707,0
1,708,0
9,708,0
1,709,0
9,709,0
1,710,0
9,710,0
1,711,0
9,711,0
1,712,0
9,712,0
1,713,0
9,713,0
1,714,0
9,714,0
1,715,0
9,715,0
1,716,0
9,716,0
1,717,0
9,717,0
1,718,0
9,718,0
1,719,0
7,719,0
1,720,0
7,720,0
1,721,0
7,721,0
1,722,0
7,722,0
1,723,0
7,723,0
1,724,0
7,724,0
1,725,0
7,725,0
1,726,0
7,726,0
1,727,0
7,727,0
1,728,0
7,728,0
1,729,0
7,729,0
1,730,0
7,730,0
1,731,0
5,731,0
1,732,0
5,732,0
1,733,0
5,733,0
1,734,0
5,734,0
1,735,0
5,735,0
1,736,0
5,736,0
1,737,0
5,737,0
1,738,0
5,738,0
1,739,0
5,739,0
1,740,0
5,740,0
1,741,0
5,741,0
1,742,0
5,742,0
1,743,0
5,743,0
1,744,0
5,744,0
1,745,0
5,745,0
1,746,0
5,746,0
1,747,0
5,747,0
1,748,0
5,748,0
1,749,0
5,749,0
1,750,0
5,750,0
1,751,0
5,751,0
1,752,0
5,752,0
1,753,0
5,753,0
1,754,0
5,754,0
1,755,0
5,755,0
1,756,0
5,756,0
1,757,0
5,757,0
1,758,0
5,758,0
1,759,0
5,759,0
1,760,0
5,760,0
1,761,0
5,761,0
1,762,0
5,762,0
1,763,0
5,763,0
1,764,0
5,764,0
1,765,0
5,765,0
1,766,0
5,766,0
1,767,0
5,767,0
1,768,0
5,768,0
1,769,0
5,769,0
1,770,0
5,770,0
1,771,0
5,771,0
1,772,0
5,772,0
1,773,0
5,773,0
1,774,0
5,774,0
1,775,0
5,775,0
1,776,0
5,776,0
1,777,0
5,777,0
1,778,0
5,778,0
1,779,0
5,779,0
1,780,0
5,780,0
1,781,0
5,781,0
1,782,0
5,782,0
1,783,0
5,783,0
1,784,0
5,784,0
1,785,0
5,785,0
1,786,0
5,786,0
1,787,0
5,787,0
1,788,0
5,788,0
1,789,0
5,789,0
1,790,0
5,790,0
1,791,0
5,791,0
1,792,0
5,792,0
1,793,0
5,793,0
1,794,0
5,794,0
1,795,0
5,795,0
1,796,0
5,796,0
1,797,0
3,797,0
1,798,0
3,798,0
1,799,0
3,799,0
1,800,0
3,800,0
1,801,0
3,801,0
1,802,0
3,802,0
1,803,0
3,803,0
1,804,0
3,804,0
1,805,0
3,805,0
1,806,0
3,806,0
1,807,0
3,807,0
1,808,0
3,808,0
1,809,0
3,809,0
1,810,0
3,810,0
1,811,0
3,811,0
1,812,0
3,812,0
1,813,0
3,813,0
1,814,0
3,814,0
1,815,0
3,815,0
1,816,0
3,816,0
1,817,0
3,817,0
1,818,0
3,818,0
1,819,0
3,819,0
1,820,0
3,820,0
1,821,0
3,821,0
1,822,0
3,822,0
1,823,0
3,823,0
1,824,0
3,824,0
1,825,0
3,825,0
1,826,0
3,826,0
1,827,0
3,827,0
1,828,0
3,828,0
1,829,0
3,829,0
1,830,0
1,830,0
1,831,0
1,831,0
1,832,0
1,832,0
1,833,0
1,833,0
1,834,0
1,834,0
1,835,0
1,835,0
1,836,0
1,836,0
1,837,0
1,837,0
1,838,0
1,838,0
1,839,0
1,839,0
1,840,0
1,840,0
1,841,0
1,841,0
1,842,0
1,842,0
1,843,0
1,843,0
1,844,0
1,844,0
1,845,0
1,845,0
1,846,0
1,846,0
1,847,0
1,847,0
1,848,0
1,848,0
1,849,0
1,849,0
1,850,0
1,850,0
1,851,0
1,851,0
1,852,0
1,852,0
1,853,0
1,853,0
1,854,0
1,854,0
1,855,0
1,855,0
1,856,0
1,856,0
1,857,0
1,857,0
1,858,0
1,858,0
1,859,0
1,859,0
1,860,0
1,860,0
1,861,0
1,861,0
1,862,0
1,862,0
1,863,0
1,863,0
1,864,0
1,864,0
1,865,0
1,865,0
1,866,0
1,866,0
1,867,0
1,867,0
1,868,0
1,868,0
1,869,0
1,869,0
1,870,0
1,870,0
1,871,0
1,871,0
1,872,0
1,872,0
1,873,0
1,873,0
1,874,0
1,874,0
1,875,0
1,875,0
1,876,0
1,876,0
1,877,0
1,877,0
1,878,0
1,878,0
1,879,0
1,879,0
1,880,0
1,880,0
1,881,0
1,881,0
1,882,0
1,882,0
1,883,0
1,883,0
1,884,0
1,884,0
1,885,0
1,885,0
1,886,0
1,886,0
1,887,0
1,887,0
1,888,0
1,888,0
1,889,0
1,889,0
1,890,0
1,890,0
1,891,0
1,891,0
1,892,0
1,892,0
1,893,0
1,893,0
1,894,0
1,894,0
1,895,0
1,895,0
1,896,0
1,896,0
1,897,0
1,897,0
1,898,0
1,898,0
1,899,0
1,899,0
1,900,0
1,900,0
1,901,0
1,901,0
1,902,0
1,902,0
1,903,0
1,903,0
1,904,0
1,904,0
1,905,0
1,905,0
1,906,0
1,906,0
1,907,0
1,907,0
1,908,0
1,908,0
1,909,0
1,909,0
1,910,0
1,910,0
1,911,0
1,911,0
1,912,0
1,912,0
1,913,0
1,913,0
1,914,0
1,914,0
1,915,0
1,915,0
1,916,0
1,916,0
1,917,0
1,917,0
1,918,0
1,918,0
1,919,0
1,919,0
1,920,0
1,920,0
1,921,0
1,921,0
1,922,0
1,922,0
1,923,0
1,923,0
1,924,0
1,924,0
1,925,0
1,925,0
1,926,0
1,926,0
1,927,0
1,927,0
1,928,0
1,928,0
1,929,0
1,929,0
1,930,0
1,930,0
1,931,0
1,931,0
1,932,0
1,932,0
1,933,0
1,933,0
1,934,0
1,934,0
1,935,0
1,935,0
1,936,0
1,936,0
1,937,0
1,937,0
1,938,0
1,938,0
1,939,0
1,939,0
1,940,0
1,940,0
1,941,0
1,941,0
1,942,0
1,942,0
1,943,0
1,943,0
1,944,0
1,944,0
1,945,0
1,945,0
1,946,0
1,946,0
1,947,0
1,947,0
1,948,0
1,948,0
1,949,0
1,949,0
1,950,0
1,950,0
1,951,0
1,951,0
1,952,0
1,952,0
1,953,0
1,953,0
1,954,0
1,954,0
1,955,0
1,955,0
1,956,0
1,956,0
1,957,0
1,957,0
1,958,0
1,958,0
