1,2,0
1,2,0
1,3,0
2,3,0
1,4,0
3,4,0
1,5,0
4,5,0
1,6,0
5,6,0
1,7,0
6,7,0
1,8,0
7,8,0
1,9,0
8,9,0
1,10,0
9,10,0
1,11,0
10,11,0
1,12,0
11,12,0
1,13,0
12,13,0
1,14,0
13,14,0
1,15,0
14,15,0
1,16,0
15,16,0
1,17,0
16,17,0
1,18,0
17,18,0
1,19,0
18,19,0
1,20,0
19,20,0
1,21,0
20,21,0
1,22,0
21,22,0
1,23,0
22,23,0
1,24,0
23,24,0
1,25,0
24,25,0
1,26,0
25,26,0
1,27,0
26,27,0
1,28,0
27,28,0
1,29,0
28,29,0
1,30,0
29,30,0
1,31,0
30,31,0
1,32,0
31,32,0
1,33,0
32,33,0
1,34,0
33,34,0
1,35,0
34,35,0
1,36,0
35,36,0
1,37,0
36,37,0
1,38,0
37,38,0
1,39,0
38,39,0
1,40,0
39,40,0
1,41,0
40,41,0
1,42,0
41,42,0
1,43,0
42,43,0
1,44,0
43,44,0
1,45,0
44,45,0
1,46,0
45,46,0
1,47,0
46,47,0
1,48,0
47,48,0
1,49,0
48,49,0
1,50,0
49,50,0
1,51,0
50,51,0
1,52,0
51,52,0
1,53,0
52,53,0
1,54,0
53,54,0
1,55,0
54,55,0
1,56,0
55,56,0
1,57,0
56,57,0
1,58,0
57,58,0
1,59,0
58,59,0
1,60,0
59,60,0
1,61,0
60,61,0
1,62,0
61,62,0
1,63,0
62,63,0
1,64,0
63,64,0
1,65,0
64,65,0
1,66,0
65,66,0
1,67,0
66,67,0
1,68,0
67,68,0
1,69,0
68,69,0
1,70,0
69,70,0
1,71,0
70,71,0
1,72,0
71,72,0
1,73,0
72,73,0
1,74,0
73,74,0
1,75,0
74,75,0
1,76,0
75,76,0
1,77,0
76,77,0
1,78,0
77,78,0
1,79,0
78,79,0
1,80,0
79,80,0
1,81,0
80,81,0
1,82,0
81,82,0
1,83,0
82,83,0
1,84,0
83,84,0
1,85,0
84,85,0
1,86,0
85,86,0
1,87,0
86,87,0
1,88,0
87,88,0
1,89,0
88,89,0
1,90,0
89,90,0
1,91,0
90,91,0
1,92,0
91,92,0
1,93,0
92,93,0
1,94,0
93,94,0
1,95,0
94,95,0
1,96,0
95,96,0
1,97,0
96,97,0
1,98,0
97,98,0
1,99,0
98,99,0
1,100,0
99,100,0
1,101,0
100,101,0
1,102,0
101,102,0
1,103,0
102,103,0
1,104,0
103,104,0
1,105,0
104,105,0
1,106,0
105,106,0
1,107,0
106,107,0
1,108,0
107,108,0
1,109,0
108,109,0
1,110,0
109,110,0
1,111,0
110,111,0
1,112,0
111,112,0
1,113,0
112,113,0
1,114,0
113,114,0
1,115,0
114,115,0
1,116,0
115,116,0
1,117,0
116,117,0
1,118,0
117,118,0
1,119,0
118,119,0
1,120,0
119,120,0
1,121,0
120,121,0
1,122,0
120,122,0
1,123,0
119,123,0
1,124,0
119,124,0
1,125,0
118,125,0
1,126,0
117,126,0
1,127,0
117,127,0
1,128,0
115,128,0
1,129,0
115,129,0
1,130,0
113,130,0
1,131,0
113,131,0
1,132,0
111,132,0
1,133,0
111,133,0
1,134,0
111,134,0
1,135,0
111,135,0
1,136,0
111,136,0
1,137,0
109,137,0
1,138,0
109,138,0
1,139,0
109,139,0
1,140,0
109,140,0
1,141,0
105,141,0
1,142,0
102,142,0
1,143,0
102,143,0
1,144,0
101,144,0
1,145,0
101,145,0
1,146,0
100,146,0
1,147,0
100,147,0
1,148,0
99,148,0
1,149,0
99,149,0
1,150,0
99,150,0
1,151,0
99,151,0
1,152,0
98,152,0
1,153,0
97,153,0
1,154,0
94,154,0
1,155,0
93,155,0
1,156,0
92,156,0
1,157,0
92,157,0
1,158,0
91,158,0
1,159,0
88,159,0
1,160,0
88,160,0
1,161,0
88,161,0
1,162,0
88,162,0
1,163,0
88,163,0
1,164,0
88,164,0
1,165,0
88,165,0
1,166,0
88,166,0
1,167,0
86,167,0
1,168,0
84,168,0
1,169,0
82,169,0
1,170,0
80,170,0
1,171,0
78,171,0
1,172,0
77,172,0
1,173,0
77,173,0
1,174,0
76,174,0
1,175,0
76,175,0
1,176,0
76,176,0
1,177,0
76,177,0
1,178,0
75,178,0
1,179,0
73,179,0
1,180,0
73,180,0
1,181,0
73,181,0
1,182,0
73,182,0
1,183,0
73,183,0
1,184,0
73,184,0
1,185,0
73,185,0
1,186,0
73,186,0
1,187,0
71,187,0
1,188,0
71,188,0
1,189,0
71,189,0
1,190,0
71,190,0
1,191,0
71,191,0
1,192,0
70,192,0
1,193,0
68,193,0
1,194,0
68,194,0
1,195,0
67,195,0
1,196,0
65,196,0
1,197,0
64,197,0
1,198,0
64,198,0
1,199,0
62,199,0
1,200,0
62,200,0
1,201,0
62,201,0
1,202,0
62,202,0
1,203,0
62,203,0
1,204,0
62,204,0
1,205,0
61,205,0
1,206,0
61,206,0
1,207,0
61,207,0
1,208,0
60,208,0
1,209,0
59,209,0
1,210,0
57,210,0
1,211,0
56,211,0
1,212,0
55,212,0
1,213,0
55,213,0
1,214,0
55,214,0
1,215,0
55,215,0
1,216,0
55,216,0
1,217,0
55,217,0
1,218,0
54,218,0
1,219,0
54,219,0
1,220,0
53,220,0
1,221,0
53,221,0
1,222,0
51,222,0
1,223,0
50,223,0
1,224,0
50,224,0
1,225,0
50,225,0
1,226,0
50,226,0
1,227,0
50,227,0
1,228,0
50,228,0
1,229,0
50,229,0
1,230,0
50,230,0
1,231,0
50,231,0
1,232,0
50,232,0
1,233,0
50,233,0
1,234,0
50,234,0
1,235,0
50,235,0
1,236,0
49,236,0
1,237,0
49,237,0
1,238,0
48,238,0
1,239,0
48,239,0
1,240,0
48,240,0
1,241,0
48,241,0
1,242,0
47,242,0
1,243,0
47,243,0
1,244,0
47,244,0
1,245,0
46,245,0
1,246,0
46,246,0
1,247,0
46,247,0
1,248,0
46,248,0
1,249,0
46,249,0
1,250,0
46,250,0
1,251,0
46,251,0
1,252,0
46,252,0
1,253,0
46,253,0
1,254,0
46,254,0
1,255,0
46,255,0
1,256,0
46,256,0
1,257,0
46,257,0
1,258,0
46,258,0
1,259,0
46,259,0
1,260,0
46,260,0
1,261,0
46,261,0
1,262,0
45,262,0
1,263,0
45,263,0
1,264,0
45,264,0
1,265,0
45,265,0
1,266,0
45,266,0
1,267,0
45,267,0
1,268,0
44,268,0
1,269,0
44,269,0
1,270,0
44,270,0
1,271,0
44,271,0
1,272,0
44,272,0
1,273,0
44,273,0
1,274,0
44,274,0
1,275,0
44,275,0
1,276,0
44,276,0
1,277,0
41,277,0
1,278,0
41,278,0
1,279,0
41,279,0
1,280,0
41,280,0
1,281,0
41,281,0
1,282,0
41,282,0
1,283,0
41,283,0
1,284,0
41,284,0
1,285,0
40,285,0
1,286,0
40,286,0
1,287,0
39,287,0
1,288,0
39,288,0
1,289,0
39,289,0
1,290,0
39,290,0
1,291,0
39,291,0
1,292,0
39,292,0
1,293,0
38,293,0
1,294,0
38,294,0
1,295,0
38,295,0
1,296,0
38,296,0
1,297,0
38,297,0
1,298,0
38,298,0
1,299,0
38,299,0
1,300,0
38,300,0
1,301,0
37,301,0
1,302,0
37,302,0
1,303,0
37,303,0
1,304,0
37,304,0
1,305,0
37,305,0
1,306,0
37,306,0
1,307,0
37,307,0
1,308,0
37,308,0
1,309,0
37,309,0
1,310,0
37,310,0
1,311,0
37,311,0
1,312,0
37,312,0
1,313,0
36,313,0
1,314,0
36,314,0
1,315,0
34,315,0
1,316,0
34,316,0
1,317,0
34,317,0
1,318,0
34,318,0
1,319,0
34,319,0
1,320,0
33,320,0
1,321,0
33,321,0
1,322,0
33,322,0
1,323,0
33,323,0
1,324,0
33,324,0
1,325,0
33,325,0
1,326,0
33,326,0
1,327,0
33,327,0
1,328,0
33,328,0
1,329,0
32,329,0
1,330,0
32,330,0
1,331,0
31,331,0
1,332,0
31,332,0
1,333,0
31,333,0
1,334,0
31,334,0
1,335,0
30,335,0
1,336,0
27,336,0
1,337,0
27,337,0
1,338,0
27,338,0
1,339,0
27,339,0
1,340,0
27,340,0
1,341,0
26,341,0
1,342,0
26,342,0
1,343,0
26,343,0
1,344,0
25,344,0
1,345,0
25,345,0
1,346,0
25,346,0
1,347,0
25,347,0
1,348,0
25,348,0
1,349,0
25,349,0
1,350,0
25,350,0
1,351,0
25,351,0
1,352,0
25,352,0
1,353,0
24,353,0
1,354,0
24,354,0
1,355,0
24,355,0
1,356,0
24,356,0
1,357,0
24,357,0
1,358,0
23,358,0
1,359,0
23,359,0
1,360,0
23,360,0
1,361,0
23,361,0
1,362,0
23,362,0
1,363,0
23,363,0
1,364,0
22,364,0
1,365,0
22,365,0
1,366,0
22,366,0
1,367,0
22,367,0
1,368,0
22,368,0
1,369,0
22,369,0
1,370,0
22,370,0
1,371,0
22,371,0
1,372,0
22,372,0
1,373,0
22,373,0
1,374,0
22,374,0
1,375,0
22,375,0
1,376,0
22,376,0
1,377,0
22,377,0
1,378,0
22,378,0
1,379,0
21,379,0
1,380,0
21,380,0
1,381,0
21,381,0
1,382,0
20,382,0
1,383,0
20,383,0
1,384,0
19,384,0
1,385,0
19,385,0
1,386,0
19,386,0
1,387,0
19,387,0
1,388,0
19,388,0
1,389,0
19,389,0
1,390,0
19,390,0
1,391,0
19,391,0
1,392,0
19,392,0
1,393,0
19,393,0
1,394,0
19,394,0
1,395,0
19,395,0
1,396,0
19,396,0
1,397,0
19,397,0
1,398,0
19,398,0
1,399,0
19,399,0
1,400,0
19,400,0
1,401,0
19,401,0
1,402,0
19,402,0
1,403,0
19,403,0
1,404,0
19,404,0
1,405,0
19,405,0
1,406,0
19,406,0
1,407,0
19,407,0
1,408,0
19,408,0
1,409,0
19,409,0
1,410,0
19,410,0
1,411,0
19,411,0
1,412,0
19,412,0
1,413,0
19,413,0
1,414,0
19,414,0
1,415,0
19,415,0
1,416,0
19,416,0
1,417,0
19,417,0
1,418,0
19,418,0
1,419,0
19,419,0
1,420,0
19,420,0
1,421,0
19,421,0
1,422,0
19,422,0
1,423,0
19,423,0
1,424,0
19,424,0
1,425,0
18,425,0
1,426,0
18,426,0
1,427,0
18,427,0
1,428,0
18,428,0
1,429,0
18,429,0
1,430,0
18,430,0
1,431,0
18,431,0
1,432,0
18,432,0
1,433,0
18,433,0
1,434,0
18,434,0
1,435,0
18,435,0
1,436,0
18,436,0
1,437,0
18,437,0
1,438,0
18,438,0
1,439,0
18,439,0
1,440,0
18,440,0
1,441,0
18,441,0
1,442,0
18,442,0
1,443,0
18,443,0
1,444,0
18,444,0
1,445,0
18,445,0
1,446,0
18,446,0
1,447,0
18,447,0
1,448,0
18,448,0
1,449,0
17,449,0
1,450,0
17,450,0
1,451,0
17,451,0
1,452,0
17,452,0
1,453,0
16,453,0
1,454,0
16,454,0
1,455,0
16,455,0
1,456,0
15,456,0
1,457,0
15,457,0
1,458,0
15,458,0
1,459,0
15,459,0
1,460,0
15,460,0
1,461,0
15,461,0
1,462,0
15,462,0
1,463,0
15,463,0
1,464,0
15,464,0
1,465,0
15,465,0
1,466,0
15,466,0
1,467,0
14,467,0
1,468,0
14,468,0
1,469,0
14,469,0
1,470,0
14,470,0
1,471,0
14,471,0
1,472,0
14,472,0
1,473,0
14,473,0
1,474,0
14,474,0
1,475,0
13,475,0
1,476,0
13,476,0
1,477,0
13,477,0
1,478,0
13,478,0
1,479,0
13,479,0
1,480,0
13,480,0
1,481,0
13,481,0
1,482,0
13,482,0
1,483,0
13,483,0
1,484,0
13,484,0
1,485,0
13,485,0
1,486,0
13,486,0
1,487,0
13,487,0
1,488,0
13,488,0
1,489,0
13,489,0
1,490,0
13,490,0
1,491,0
13,491,0
1,492,0
13,492,0
1,493,0
13,493,0
1,494,0
13,494,0
1,495,0
13,495,0
1,496,0
12,496,0
1,497,0
12,497,0
1,498,0
12,498,0
1,499,0
12,499,0
1,500,0
10,500,0
1,501,0
10,501,0
1,502,0
10,502,0
1,503,0
10,503,0
1,504,0
9,504,0
1,505,0
9,505,0
1,506,0
9,506,0
1,507,0
9,507,0
1,508,0
9,508,0
1,509,0
8,509,0
1,510,0
8,510,0
1,511,0
8,511,0
1,512,0
8,512,0
1,513,0
8,513,0
1,514,0
8,514,0
1,515,0
8,515,0
1,516,0
8,516,0
1,517,0
8,517,0
1,518,0
8,518,0
1,519,0
8,519,0
1,520,0
8,520,0
1,521,0
8,521,0
1,522,0
7,522,0
1,523,0
7,523,0
1,524,0
7,524,0
1,525,0
7,525,0
1,526,0
7,526,0
1,527,0
7,527,0
1,528,0
6,528,0
1,529,0
6,529,0
1,530,0
6,530,0
1,531,0
6,531,0
1,532,0
6,532,0
1,533,0
6,533,0
1,534,0
6,534,0
1,535,0
6,535,0
1,536,0
6,536,0
1,537,0
6,537,0
1,538,0
5,538,0
1,539,0
5,539,0
1,540,0
5,540,0
1,541,0
5,541,0
1,542,0
5,542,0
1,543,0
5,543,0
1,544,0
5,544,0
1,545,0
5,545,0
1,546,0
5,546,0
1,547,0
5,547,0
1,548,0
5,548,0
1,549,0
5,549,0
1,550,0
5,550,0
1,551,0
5,551,0
1,552,0
5,552,0
1,553,0
4,553,0
1,554,0
4,554,0
1,555,0
4,555,0
1,556,0
4,556,0
1,557,0
4,557,0
1,558,0
4,558,0
1,559,0
4,559,0
1,560,0
4,560,0
1,561,0
4,561,0
1,562,0
4,562,0
1,563,0
4,563,0
1,564,0
4,564,0
1,565,0
4,565,0
1,566,0
4,566,0
1,567,0
4,567,0
1,568,0
4,568,0
1,569,0
4,569,0
1,570,0
4,570,0
1,571,0
4,571,0
1,572,0
4,572,0
1,573,0
4,573,0
1,574,0
4,574,0
1,575,0
4,575,0
1,576,0
4,576,0
1,577,0
4,577,0
1,578,0
4,578,0
1,579,0
4,579,0
1,580,0
4,580,0
1,581,0
4,581,0
1,582,0
4,582,0
1,583,0
4,583,0
1,584,0
3,584,0
1,585,0
3,585,0
1,586,0
3,586,0
1,587,0
3,587,0
1,588,0
3,588,0
1,589,0
3,589,0
1,590,0
3,590,0
1,591,0
3,591,0
1,592,0
3,592,0
1,593,0
3,593,0
1,594,0
3,594,0
1,595,0
3,595,0
1,596,0
3,596,0
1,597,0
3,597,0
1,598,0
3,598,0
1,599,0
3,599,0
1,600,0
3,600,0
1,601,0
3,601,0
1,602,0
3,602,0
1,603,0
3,603,0
1,604,0
3,604,0
1,605,0
3,605,0
1,606,0
3,606,0
1,607,0
3,607,0
1,608,0
3,608,0
1,609,0
3,609,0
1,610,0
3,610,0
1,611,0
3,611,0
1,612,0
3,612,0
1,613,0
3,613,0
1,614,0
3,614,0
1,615,0
3,615,0
1,616,0
3,616,0
1,617,0
3,617,0
1,618,0
3,618,0
1,619,0
3,619,0
1,620,0
3,620,0
1,621,0
3,621,0
1,622,0
3,622,0
1,623,0
3,623,0
1,624,0
3,624,0
1,625,0
3,625,0
1,626,0
3,626,0
1,627,0
3,627,0
1,628,0
3,628,0
1,629,0
3,629,0
1,630,0
3,630,0
1,631,0
3,631,0
1,632,0
3,632,0
1,633,0
3,633,0
1,634,0
3,634,0
1,635,0
3,635,0
1,636,0
3,636,0
1,637,0
3,637,0
1,638,0
3,638,0
1,639,0
3,639,0
1,640,0
2,640,0
1,641,0
2,641,0
1,642,0
2,642,0
1,643,0
2,643,0
1,644,0
2,644,0
1,645,0
2,645,0
1,646,0
2,646,0
1,647,0
2,647,0
1,648,0
2,648,0
1,649,0
2,649,0
1,650,0
2,650,0
1,651,0
2,651,0
1,652,0
2,652,0
1,653,0
2,653,0
1,654,0
2,654,0
1,655,0
2,655,0
1,656,0
2,656,0
1,657,0
2,657,0
1,658,0
2,658,0
1,659,0
2,659,0
1,660,0
2,660,0
1,661,0
2,661,0
1,662,0
2,662,0
1,663,0
2,663,0
1,664,0
2,664,0
1,665,0
2,665,0
1,666,0
2,666,0
1,667,0
2,667,0
1,668,0
2,668,0
1,669,0
2,669,0
1,670,0
2,670,0
1,671,0
2,671,0
1,672,0
2,672,0
1,673,0
2,673,0
1,674,0
2,674,0
1,675,0
2,675,0
1,676,0
2,676,0
1,677,0
2,677,0
1,678,0
2,678,0
1,679,0
2,679,0
1,680,0
2,680,0
1,681,0
2,681,0
1,682,0
2,682,0
1,683,0
2,683,0
1,684,0
2,684,0
1,685,0
2,685,0
1,686,0
2,686,0
1,687,0
2,687,0
1,688,0
2,688,0
1,689,0
2,689,0
1,690,0
2,690,0
1,691,0
2,691,0
1,692,0
2,692,0
1,693,0
2,693,0
1,694,0
2,694,0
1,695,0
2,695,0
1,696,0
2,696,0
1,697,0
2,697,0
1,698,0
2,698,0
1,699,0
2,699,0
1,700,0
2,700,0
1,701,0
2,701,0
1,702,0
2,702,0
1,703,0
2,703,0
1,704,0
2,704,0
1,705,0
2,705,0
1,706,0
2,706,0
1,707,0
2,707,0
1,708,0
2,708,0
1,709,0
1,709,0
1,710,0
1,710,0
1,711,0
1,711,0
1,712,0
1,712,0
1,713,0
1,713,0
1,714,0
1,714,0
1,715,0
1,715,0
1,716,0
1,716,0
1,717,0
1,717,0
1,718,0
1,718,0
1,719,0
1,719,0
1,720,0
1,720,0
1,721,0
1,721,0
1,722,0
1,722,0
1,723,0
1,723,0
1,724,0
1,724,0
1,725,0
1,725,0
1,726,0
1,726,0
1,727,0
1,727,0
1,728,0
1,728,0
1,729,0
1,729,0
1,730,0
1,730,0
1,731,0
1,731,0
1,732,0
1,732,0
1,733,0
1,733,0
1,734,0
1,734,0
1,735,0
1,735,0
1,736,0
1,736,0
1,737,0
1,737,0
1,738,0
1,738,0
1,739,0
1,739,0
1,740,0
1,740,0
1,741,0
1,741,0
1,742,0
1,742,0
1,743,0
1,743,0
1,744,0
1,744,0
1,745,0
1,745,0
1,746,0
1,746,0
1,747,0
1,747,0
1,748,0
1,748,0
1,749,0
1,749,0
1,750,0
1,750,0
1,751,0
1,751,0
1,752,0
1,752,0
1,753,0
1,753,0
1,754,0
1,754,0
1,755,0
1,755,0
1,756,0
1,756,0
1,757,0
1,757,0
1,758,0
1,758,0
1,759,0
1,759,0
1,760,0
1,760,0
1,761,0
1,761,0
1,762,0
1,762,0
1,763,0
1,763,0
1,764,0
1,764,0
1,765,0
1,765,0
1,766,0
1,766,0
1,767,0
1,767,0
1,768,0
1,768,0
1,769,0
1,769,0
1,770,0
1,770,0
1,771,0
1,771,0
1,772,0
1,772,0
1,773,0
1,773,0
1,774,0
1,774,0
1,775,0
1,775,0
1,776,0
1,776,0
1,777,0
1,777,0
1,778,0
1,778,0
1,779,0
1,779,0
1,780,0
1,780,0
1,781,0
1,781,0
1,782,0
1,782,0
1,783,0
1,783,0
1,784,0
1,784,0
1,785,0
1,785,0
1,786,0
1,786,0
1,787,0
1,787,0
1,788,0
1,788,0
1,789,0
1,789,0
1,790,0
1,790,0
1,791,0
1,791,0
1,792,0
1,792,0
1,793,0
1,793,0
1,794,0
1,794,0
1,795,0
1,795,0
1,796,0
1,796,0
1,797,0
1,797,0
1,798,0
1,798,0
1,799,0
1,799,0
1,800,0
1,800,0
1,801,0
1,801,0
1,802,0
1,802,0
1,803,0
1,803,0
1,804,0
1,804,0
1,805,0
1,805,0
1,806,0
1,806,0
1,807,0
1,807,0
1,808,0
1,808,0
1,809,0
1,809,0
1,810,0
1,810,0
1,811,0
1,811,0
1,812,0
1,812,0
1,813,0
1,813,0
1,814,0
1,814,0
1,815,0
1,815,0
1,816,0
1,816,0
1,817,0
1,817,0
1,818,0
1,818,0
1,819,0
1,819,0
1,820,0
1,820,0
1,821,0
1,821,0
1,822,0
1,822,0
1,823,0
1,823,0
1,824,0
1,824,0
1,825,0
1,825,0
1,826,0
1,826,0
1,827,0
1,827,0
1,828,0
1,828,0
1,829,0
1,829,0
1,830,0
1,830,0
1,831,0
1,831,0
1,832,0
1,832,0
1,833,0
1,833,0
1,834,0
1,834,0
1,835,0
1,835,0
1,836,0
1,836,0
1,837,0
1,837,0
1,838,0
1,838,0
1,839,0
1,839,0
1,840,0
1,840,0
1,841,0
1,841,0
1,842,0
1,842,0
1,843,0
1,843,0
1,844,0
1,844,0
1,845,0
1,845,0
1,846,0
1,846,0
1,847,0
1,847,0
