1,1,0
1124,1,0
1,2,0
1124,2,0
1,3,0
900,3,0
1,4,0
900,4,0
1,5,0
769,5,0
1,6,0
769,6,0
1,7,0
749,7,0
1,8,0
749,8,0
1,9,0
616,9,0
1,10,0
616,10,0
1,11,0
606,11,0
1,12,0
606,12,0
1,13,0
594,13,0
1,14,0
594,14,0
1,15,0
505,15,0
1,16,0
505,16,0
1,17,0
489,17,0
1,18,0
489,18,0
1,19,0
466,19,0
1,20,0
466,20,0
1,21,0
457,21,0
1,22,0
457,22,0
1,23,0
454,23,0
1,24,0
454,24,0
1,25,0
451,25,0
1,26,0
451,26,0
1,27,0
445,27,0
1,28,0
445,28,0
1,29,0
441,29,0
1,30,0
441,30,0
1,31,0
440,31,0
1,32,0
440,32,0
1,33,0
422,33,0
1,34,0
422,34,0
1,35,0
418,35,0
1,36,0
418,36,0
1,37,0
400,37,0
1,38,0
400,38,0
1,39,0
392,39,0
1,40,0
392,40,0
1,41,0
349,41,0
1,42,0
349,42,0
1,43,0
338,43,0
1,44,0
338,44,0
1,45,0
328,45,0
1,46,0
328,46,0
1,47,0
325,47,0
1,48,0
325,48,0
1,49,0
322,49,0
1,50,0
322,50,0
1,51,0
316,51,0
1,52,0
316,52,0
1,53,0
301,53,0
1,54,0
301,54,0
1,55,0
300,55,0
1,56,0
300,56,0
1,57,0
297,57,0
1,58,0
297,58,0
1,59,0
296,59,0
1,60,0
296,60,0
1,61,0
291,61,0
1,62,0
291,62,0
1,63,0
290,63,0
1,64,0
290,64,0
1,65,0
289,65,0
1,66,0
289,66,0
1,67,0
287,67,0
1,68,0
287,68,0
1,69,0
286,69,0
1,70,0
286,70,0
1,71,0
284,71,0
1,72,0
284,72,0
1,73,0
275,73,0
1,74,0
275,74,0
1,75,0
269,75,0
1,76,0
269,76,0
1,77,0
268,77,0
1,78,0
268,78,0
1,79,0
266,79,0
1,80,0
266,80,0
1,81,0
260,81,0
1,82,0
260,82,0
1,83,0
256,83,0
1,84,0
256,84,0
1,85,0
244,85,0
1,86,0
244,86,0
1,87,0
242,87,0
1,88,0
242,88,0
1,89,0
241,89,0
1,90,0
241,90,0
1,91,0
221,91,0
1,92,0
221,92,0
1,93,0
218,93,0
1,94,0
218,94,0
1,95,0
215,95,0
1,96,0
215,96,0
1,97,0
209,97,0
1,98,0
209,98,0
1,99,0
196,99,0
1,100,0
196,100,0
1,101,0
194,101,0
1,102,0
194,102,0
1,103,0
187,103,0
1,104,0
187,104,0
1,105,0
185,105,0
1,106,0
185,106,0
1,107,0
176,107,0
1,108,0
176,108,0
1,109,0
173,109,0
1,110,0
173,110,0
1,111,0
169,111,0
1,112,0
169,112,0
1,113,0
168,113,0
1,114,0
168,114,0
1,115,0
165,115,0
1,116,0
165,116,0
1,117,0
155,117,0
1,118,0
155,118,0
1,119,0
153,119,0
1,120,0
153,120,0
1,121,0
148,121,0
1,122,0
148,122,0
1,123,0
146,123,0
1,124,0
146,124,0
1,125,0
144,125,0
1,126,0
144,126,0
1,127,0
143,127,0
1,128,0
143,128,0
1,129,0
142,129,0
1,130,0
142,130,0
1,131,0
138,131,0
1,132,0
138,132,0
1,133,0
134,133,0
1,134,0
134,134,0
1,135,0
122,135,0
1,136,0
122,136,0
1,137,0
120,137,0
1,138,0
120,138,0
1,139,0
119,139,0
1,140,0
119,140,0
1,141,0
116,141,0
1,142,0
116,142,0
1,143,0
115,143,0
1,144,0
115,144,0
1,145,0
110,145,0
1,146,0
110,146,0
1,147,0
108,147,0
1,148,0
108,148,0
1,149,0
100,149,0
1,150,0
100,150,0
1,151,0
99,151,0
1,152,0
99,152,0
1,153,0
91,153,0
1,154,0
91,154,0
1,155,0
89,155,0
1,156,0
89,156,0
1,157,0
88,157,0
1,158,0
88,158,0
1,159,0
85,159,0
1,160,0
85,160,0
1,161,0
83,161,0
1,162,0
83,162,0
1,163,0
79,163,0
1,164,0
79,164,0
1,165,0
77,165,0
1,166,0
77,166,0
1,167,0
76,167,0
1,168,0
76,168,0
1,169,0
72,169,0
1,170,0
72,170,0
1,171,0
71,171,0
1,172,0
71,172,0
1,173,0
69,173,0
1,174,0
69,174,0
1,175,0
67,175,0
1,176,0
67,176,0
1,177,0
66,177,0
1,178,0
66,178,0
1,179,0
64,179,0
1,180,0
64,180,0
1,181,0
62,181,0
1,182,0
62,182,0
1,183,0
58,183,0
1,184,0
58,184,0
1,185,0
57,185,0
1,186,0
57,186,0
1,187,0
53,187,0
1,188,0
53,188,0
1,189,0
49,189,0
1,190,0
49,190,0
1,191,0
39,191,0
1,192,0
39,192,0
1,193,0
37,193,0
1,194,0
37,194,0
1,195,0
35,195,0
1,196,0
35,196,0
1,197,0
34,197,0
1,198,0
34,198,0
1,199,0
33,199,0
1,200,0
33,200,0
1,201,0
32,201,0
1,202,0
32,202,0
1,203,0
31,203,0
1,204,0
31,204,0
1,205,0
30,205,0
1,206,0
30,206,0
1,207,0
28,207,0
1,208,0
28,208,0
1,209,0
27,209,0
1,210,0
27,210,0
1,211,0
25,211,0
1,212,0
25,212,0
1,213,0
24,213,0
1,214,0
24,214,0
1,215,0
23,215,0
1,216,0
23,216,0
1,217,0
21,217,0
1,218,0
21,218,0
1,219,0
20,219,0
1,220,0
20,220,0
1,221,0
19,221,0
1,222,0
19,222,0
1,223,0
18,223,0
1,224,0
18,224,0
1,225,0
16,225,0
1,226,0
16,226,0
1,227,0
15,227,0
1,228,0
15,228,0
1,229,0
14,229,0
1,230,0
14,230,0
1,231,0
9,231,0
1,232,0
9,232,0
1,233,0
8,233,0
1,234,0
8,234,0
1,235,0
7,235,0
1,236,0
7,236,0
1,237,0
6,237,0
1,238,0
6,238,0
1,239,0
3,239,0
1,240,0
3,240,0
