1,1,0
123,1,0
1,2,0
122,2,0
1,3,0
121,3,0
1,4,0
120,4,0
1,5,0
119,5,0
1,6,0
119,6,0
1,7,0
119,7,0
1,8,0
119,8,0
1,9,0
118,9,0
1,10,0
118,10,0
1,11,0
117,11,0
1,12,0
116,12,0
1,13,0
115,13,0
1,14,0
115,14,0
1,15,0
114,15,0
1,16,0
114,16,0
1,17,0
114,17,0
1,18,0
113,18,0
1,19,0
113,19,0
1,20,0
112,20,0
1,21,0
111,21,0
1,22,0
111,22,0
1,23,0
110,23,0
1,24,0
110,24,0
1,25,0
109,25,0
1,26,0
108,26,0
1,27,0
108,27,0
1,28,0
107,28,0
1,29,0
107,29,0
1,30,0
106,30,0
1,31,0
105,31,0
1,32,0
104,32,0
1,33,0
103,33,0
1,34,0
103,34,0
1,35,0
102,35,0
1,36,0
101,36,0
1,37,0
101,37,0
1,38,0
100,38,0
1,39,0
99,39,0
1,40,0
99,40,0
1,41,0
99,41,0
1,42,0
98,42,0
1,43,0
97,43,0
1,44,0
96,44,0
1,45,0
96,45,0
1,46,0
96,46,0
1,47,0
95,47,0
1,48,0
94,48,0
1,49,0
93,49,0
1,50,0
93,50,0
1,51,0
93,51,0
1,52,0
93,52,0
1,53,0
92,53,0
1,54,0
92,54,0
1,55,0
92,55,0
1,56,0
91,56,0
1,57,0
91,57,0
1,58,0
91,58,0
1,59,0
90,59,0
1,60,0
90,60,0
1,61,0
90,61,0
1,62,0
89,62,0
1,63,0
88,63,0
1,64,0
88,64,0
1,65,0
88,65,0
1,66,0
88,66,0
1,67,0
88,67,0
1,68,0
88,68,0
1,69,0
88,69,0
1,70,0
87,70,0
1,71,0
87,71,0
1,72,0
87,72,0
1,73,0
87,73,0
1,74,0
87,74,0
1,75,0
86,75,0
1,76,0
86,76,0
1,77,0
86,77,0
1,78,0
86,78,0
1,79,0
85,79,0
1,80,0
84,80,0
1,81,0
84,81,0
1,82,0
84,82,0
1,83,0
84,83,0
1,84,0
83,84,0
1,85,0
83,85,0
1,86,0
83,86,0
1,87,0
83,87,0
1,88,0
83,88,0
1,89,0
83,89,0
1,90,0
82,90,0
1,91,0
82,91,0
1,92,0
82,92,0
1,93,0
82,93,0
1,94,0
82,94,0
1,95,0
81,95,0
1,96,0
81,96,0
1,97,0
81,97,0
1,98,0
80,98,0
1,99,0
79,99,0
1,100,0
78,100,0
1,101,0
78,101,0
1,102,0
77,102,0
1,103,0
76,103,0
1,104,0
76,104,0
1,105,0
76,105,0
1,106,0
76,106,0
1,107,0
76,107,0
1,108,0
76,108,0
1,109,0
76,109,0
1,110,0
75,110,0
1,111,0
75,111,0
1,112,0
74,112,0
1,113,0
74,113,0
1,114,0
74,114,0
1,115,0
73,115,0
1,116,0
73,116,0
1,117,0
72,117,0
1,118,0
71,118,0
1,119,0
71,119,0
1,120,0
71,120,0
1,121,0
71,121,0
1,122,0
71,122,0
1,123,0
70,123,0
1,124,0
70,124,0
1,125,0
70,125,0
1,126,0
70,126,0
1,127,0
69,127,0
1,128,0
69,128,0
1,129,0
69,129,0
1,130,0
68,130,0
1,131,0
68,131,0
1,132,0
68,132,0
1,133,0
67,133,0
1,134,0
66,134,0
1,135,0
66,135,0
1,136,0
66,136,0
1,137,0
66,137,0
1,138,0
66,138,0
1,139,0
66,139,0
1,140,0
66,140,0
1,141,0
65,141,0
1,142,0
65,142,0
1,143,0
65,143,0
1,144,0
65,144,0
1,145,0
65,145,0
1,146,0
64,146,0
1,147,0
64,147,0
1,148,0
63,148,0
1,149,0
63,149,0
1,150,0
63,150,0
1,151,0
62,151,0
1,152,0
61,152,0
1,153,0
61,153,0
1,154,0
61,154,0
1,155,0
60,155,0
1,156,0
60,156,0
1,157,0
59,157,0
1,158,0
58,158,0
1,159,0
58,159,0
1,160,0
58,160,0
1,161,0
57,161,0
1,162,0
57,162,0
1,163,0
57,163,0
1,164,0
57,164,0
1,165,0
57,165,0
1,166,0
57,166,0
1,167,0
57,167,0
1,168,0
57,168,0
1,169,0
57,169,0
1,170,0
57,170,0
1,171,0
56,171,0
1,172,0
56,172,0
1,173,0
56,173,0
1,174,0
56,174,0
1,175,0
56,175,0
1,176,0
55,176,0
1,177,0
55,177,0
1,178,0
55,178,0
1,179,0
55,179,0
1,180,0
55,180,0
1,181,0
55,181,0
1,182,0
55,182,0
1,183,0
55,183,0
1,184,0
55,184,0
1,185,0
54,185,0
1,186,0
54,186,0
1,187,0
53,187,0
1,188,0
52,188,0
1,189,0
52,189,0
1,190,0
52,190,0
1,191,0
52,191,0
1,192,0
52,192,0
1,193,0
52,193,0
1,194,0
52,194,0
1,195,0
52,195,0
1,196,0
52,196,0
1,197,0
52,197,0
1,198,0
52,198,0
1,199,0
51,199,0
1,200,0
51,200,0
1,201,0
50,201,0
1,202,0
50,202,0
1,203,0
50,203,0
1,204,0
49,204,0
1,205,0
49,205,0
1,206,0
49,206,0
1,207,0
48,207,0
1,208,0
48,208,0
1,209,0
48,209,0
1,210,0
47,210,0
1,211,0
47,211,0
1,212,0
47,212,0
1,213,0
47,213,0
1,214,0
47,214,0
1,215,0
47,215,0
1,216,0
46,216,0
1,217,0
45,217,0
1,218,0
45,218,0
1,219,0
45,219,0
1,220,0
45,220,0
1,221,0
45,221,0
1,222,0
45,222,0
1,223,0
45,223,0
1,224,0
45,224,0
1,225,0
45,225,0
1,226,0
45,226,0
1,227,0
44,227,0
1,228,0
44,228,0
1,229,0
44,229,0
1,230,0
44,230,0
1,231,0
44,231,0
1,232,0
43,232,0
1,233,0
43,233,0
1,234,0
43,234,0
1,235,0
42,235,0
1,236,0
42,236,0
1,237,0
41,237,0
1,238,0
41,238,0
1,239,0
41,239,0
1,240,0
41,240,0
1,241,0
40,241,0
1,242,0
40,242,0
1,243,0
40,243,0
1,244,0
40,244,0
1,245,0
40,245,0
1,246,0
40,246,0
1,247,0
39,247,0
1,248,0
39,248,0
1,249,0
39,249,0
1,250,0
39,250,0
1,251,0
39,251,0
1,252,0
38,252,0
1,253,0
38,253,0
1,254,0
38,254,0
1,255,0
38,255,0
1,256,0
38,256,0
1,257,0
38,257,0
1,258,0
38,258,0
1,259,0
37,259,0
1,260,0
36,260,0
1,261,0
36,261,0
1,262,0
36,262,0
1,263,0
36,263,0
1,264,0
36,264,0
1,265,0
35,265,0
1,266,0
35,266,0
1,267,0
35,267,0
1,268,0
34,268,0
1,269,0
34,269,0
1,270,0
34,270,0
1,271,0
34,271,0
1,272,0
34,272,0
1,273,0
34,273,0
1,274,0
34,274,0
1,275,0
34,275,0
1,276,0
34,276,0
1,277,0
34,277,0
1,278,0
34,278,0
1,279,0
34,279,0
1,280,0
33,280,0
1,281,0
32,281,0
1,282,0
32,282,0
1,283,0
32,283,0
1,284,0
32,284,0
1,285,0
32,285,0
1,286,0
32,286,0
1,287,0
32,287,0
1,288,0
32,288,0
1,289,0
32,289,0
1,290,0
32,290,0
1,291,0
32,291,0
1,292,0
32,292,0
1,293,0
32,293,0
1,294,0
32,294,0
1,295,0
32,295,0
1,296,0
32,296,0
1,297,0
31,297,0
1,298,0
31,298,0
1,299,0
30,299,0
1,300,0
29,300,0
1,301,0
29,301,0
1,302,0
29,302,0
1,303,0
29,303,0
1,304,0
29,304,0
1,305,0
28,305,0
1,306,0
27,306,0
1,307,0
27,307,0
1,308,0
27,308,0
1,309,0
27,309,0
1,310,0
27,310,0
1,311,0
27,311,0
1,312,0
27,312,0
1,313,0
27,313,0
1,314,0
27,314,0
1,315,0
27,315,0
1,316,0
27,316,0
1,317,0
27,317,0
1,318,0
27,318,0
1,319,0
27,319,0
1,320,0
27,320,0
1,321,0
27,321,0
1,322,0
27,322,0
1,323,0
27,323,0
1,324,0
27,324,0
1,325,0
27,325,0
1,326,0
27,326,0
1,327,0
26,327,0
1,328,0
26,328,0
1,329,0
25,329,0
1,330,0
25,330,0
1,331,0
25,331,0
1,332,0
25,332,0
1,333,0
25,333,0
1,334,0
24,334,0
1,335,0
23,335,0
1,336,0
23,336,0
1,337,0
23,337,0
1,338,0
23,338,0
1,339,0
23,339,0
1,340,0
23,340,0
1,341,0
23,341,0
1,342,0
23,342,0
1,343,0
23,343,0
1,344,0
23,344,0
1,345,0
23,345,0
1,346,0
23,346,0
1,347,0
23,347,0
1,348,0
23,348,0
1,349,0
23,349,0
1,350,0
23,350,0
1,351,0
23,351,0
1,352,0
22,352,0
1,353,0
22,353,0
1,354,0
22,354,0
1,355,0
22,355,0
1,356,0
22,356,0
1,357,0
22,357,0
1,358,0
22,358,0
1,359,0
21,359,0
1,360,0
21,360,0
1,361,0
21,361,0
1,362,0
21,362,0
1,363,0
21,363,0
1,364,0
21,364,0
1,365,0
21,365,0
1,366,0
21,366,0
1,367,0
21,367,0
1,368,0
21,368,0
1,369,0
20,369,0
1,370,0
20,370,0
1,371,0
20,371,0
1,372,0
20,372,0
1,373,0
20,373,0
1,374,0
20,374,0
1,375,0
20,375,0
1,376,0
20,376,0
1,377,0
20,377,0
1,378,0
19,378,0
1,379,0
19,379,0
1,380,0
19,380,0
1,381,0
19,381,0
1,382,0
19,382,0
1,383,0
19,383,0
1,384,0
18,384,0
1,385,0
18,385,0
1,386,0
18,386,0
1,387,0
18,387,0
1,388,0
18,388,0
1,389,0
18,389,0
1,390,0
17,390,0
1,391,0
17,391,0
1,392,0
17,392,0
1,393,0
17,393,0
1,394,0
17,394,0
1,395,0
17,395,0
1,396,0
16,396,0
1,397,0
16,397,0
1,398,0
15,398,0
1,399,0
15,399,0
1,400,0
15,400,0
1,401,0
15,401,0
1,402,0
15,402,0
1,403,0
15,403,0
1,404,0
15,404,0
1,405,0
15,405,0
1,406,0
15,406,0
1,407,0
14,407,0
1,408,0
14,408,0
1,409,0
14,409,0
1,410,0
14,410,0
1,411,0
14,411,0
1,412,0
14,412,0
1,413,0
14,413,0
1,414,0
14,414,0
1,415,0
14,415,0
1,416,0
14,416,0
1,417,0
14,417,0
1,418,0
14,418,0
1,419,0
14,419,0
1,420,0
14,420,0
1,421,0
14,421,0
1,422,0
14,422,0
1,423,0
14,423,0
1,424,0
14,424,0
1,425,0
14,425,0
1,426,0
14,426,0
1,427,0
14,427,0
1,428,0
13,428,0
1,429,0
13,429,0
1,430,0
13,430,0
1,431,0
13,431,0
1,432,0
13,432,0
1,433,0
13,433,0
1,434,0
13,434,0
1,435,0
13,435,0
1,436,0
13,436,0
1,437,0
13,437,0
1,438,0
13,438,0
1,439,0
13,439,0
1,440,0
13,440,0
1,441,0
13,441,0
1,442,0
13,442,0
1,443,0
13,443,0
1,444,0
13,444,0
1,445,0
13,445,0
1,446,0
12,446,0
1,447,0
12,447,0
1,448,0
11,448,0
1,449,0
11,449,0
1,450,0
10,450,0
1,451,0
10,451,0
1,452,0
10,452,0
1,453,0
10,453,0
1,454,0
10,454,0
1,455,0
10,455,0
1,456,0
10,456,0
1,457,0
10,457,0
1,458,0
10,458,0
1,459,0
9,459,0
1,460,0
9,460,0
1,461,0
9,461,0
1,462,0
9,462,0
1,463,0
9,463,0
1,464,0
9,464,0
1,465,0
9,465,0
1,466,0
9,466,0
1,467,0
9,467,0
1,468,0
9,468,0
1,469,0
9,469,0
1,470,0
9,470,0
1,471,0
9,471,0
1,472,0
9,472,0
1,473,0
9,473,0
1,474,0
9,474,0
1,475,0
9,475,0
1,476,0
9,476,0
1,477,0
9,477,0
1,478,0
9,478,0
1,479,0
9,479,0
1,480,0
9,480,0
1,481,0
9,481,0
1,482,0
9,482,0
1,483,0
9,483,0
1,484,0
9,484,0
1,485,0
9,485,0
1,486,0
9,486,0
1,487,0
9,487,0
1,488,0
9,488,0
1,489,0
9,489,0
1,490,0
9,490,0
1,491,0
9,491,0
1,492,0
9,492,0
1,493,0
9,493,0
1,494,0
9,494,0
1,495,0
9,495,0
1,496,0
9,496,0
1,497,0
9,497,0
1,498,0
9,498,0
1,499,0
9,499,0
1,500,0
9,500,0
1,501,0
8,501,0
1,502,0
8,502,0
1,503,0
8,503,0
1,504,0
8,504,0
1,505,0
8,505,0
1,506,0
8,506,0
1,507,0
8,507,0
1,508,0
8,508,0
1,509,0
8,509,0
1,510,0
8,510,0
1,511,0
8,511,0
1,512,0
8,512,0
1,513,0
8,513,0
1,514,0
8,514,0
1,515,0
8,515,0
1,516,0
8,516,0
1,517,0
8,517,0
1,518,0
8,518,0
1,519,0
8,519,0
1,520,0
8,520,0
1,521,0
8,521,0
1,522,0
8,522,0
1,523,0
8,523,0
1,524,0
8,524,0
1,525,0
8,525,0
1,526,0
8,526,0
1,527,0
8,527,0
1,528,0
8,528,0
1,529,0
8,529,0
1,530,0
8,530,0
1,531,0
8,531,0
1,532,0
8,532,0
1,533,0
8,533,0
1,534,0
8,534,0
1,535,0
8,535,0
1,536,0
8,536,0
1,537,0
8,537,0
1,538,0
8,538,0
1,539,0
8,539,0
1,540,0
8,540,0
1,541,0
7,541,0
1,542,0
7,542,0
1,543,0
7,543,0
1,544,0
7,544,0
1,545,0
7,545,0
1,546,0
7,546,0
1,547,0
7,547,0
1,548,0
7,548,0
1,549,0
7,549,0
1,550,0
7,550,0
1,551,0
7,551,0
1,552,0
7,552,0
1,553,0
7,553,0
1,554,0
7,554,0
1,555,0
6,555,0
1,556,0
6,556,0
1,557,0
6,557,0
1,558,0
6,558,0
1,559,0
6,559,0
1,560,0
6,560,0
1,561,0
6,561,0
1,562,0
6,562,0
1,563,0
6,563,0
1,564,0
6,564,0
1,565,0
6,565,0
1,566,0
6,566,0
1,567,0
6,567,0
1,568,0
6,568,0
1,569,0
6,569,0
1,570,0
6,570,0
1,571,0
6,571,0
1,572,0
6,572,0
1,573,0
6,573,0
1,574,0
6,574,0
1,575,0
6,575,0
1,576,0
6,576,0
1,577,0
6,577,0
1,578,0
6,578,0
1,579,0
6,579,0
1,580,0
6,580,0
1,581,0
6,581,0
1,582,0
6,582,0
1,583,0
6,583,0
1,584,0
6,584,0
1,585,0
6,585,0
1,586,0
6,586,0
1,587,0
6,587,0
1,588,0
6,588,0
1,589,0
6,589,0
1,590,0
6,590,0
1,591,0
6,591,0
1,592,0
6,592,0
1,593,0
6,593,0
1,594,0
6,594,0
1,595,0
6,595,0
1,596,0
6,596,0
1,597,0
6,597,0
1,598,0
6,598,0
1,599,0
6,599,0
1,600,0
5,600,0
1,601,0
5,601,0
1,602,0
5,602,0
1,603,0
5,603,0
1,604,0
5,604,0
1,605,0
5,605,0
1,606,0
5,606,0
1,607,0
5,607,0
1,608,0
5,608,0
1,609,0
5,609,0
1,610,0
5,610,0
1,611,0
5,611,0
1,612,0
5,612,0
1,613,0
5,613,0
1,614,0
5,614,0
1,615,0
5,615,0
1,616,0
5,616,0
1,617,0
5,617,0
1,618,0
5,618,0
1,619,0
5,619,0
1,620,0
5,620,0
1,621,0
5,621,0
1,622,0
5,622,0
1,623,0
5,623,0
1,624,0
5,624,0
1,625,0
5,625,0
1,626,0
5,626,0
1,627,0
5,627,0
1,628,0
5,628,0
1,629,0
5,629,0
1,630,0
4,630,0
1,631,0
4,631,0
1,632,0
4,632,0
1,633,0
4,633,0
1,634,0
4,634,0
1,635,0
4,635,0
1,636,0
4,636,0
1,637,0
4,637,0
1,638,0
4,638,0
1,639,0
4,639,0
1,640,0
4,640,0
1,641,0
4,641,0
1,642,0
4,642,0
1,643,0
4,643,0
1,644,0
4,644,0
1,645,0
4,645,0
1,646,0
4,646,0
1,647,0
4,647,0
1,648,0
4,648,0
1,649,0
4,649,0
1,650,0
4,650,0
1,651,0
4,651,0
1,652,0
4,652,0
1,653,0
4,653,0
1,654,0
4,654,0
1,655,0
4,655,0
1,656,0
4,656,0
1,657,0
4,657,0
1,658,0
4,658,0
1,659,0
4,659,0
1,660,0
4,660,0
1,661,0
4,661,0
1,662,0
4,662,0
1,663,0
4,663,0
1,664,0
4,664,0
1,665,0
4,665,0
1,666,0
4,666,0
1,667,0
4,667,0
1,668,0
4,668,0
1,669,0
4,669,0
1,670,0
4,670,0
1,671,0
4,671,0
1,672,0
4,672,0
1,673,0
4,673,0
1,674,0
4,674,0
1,675,0
4,675,0
1,676,0
4,676,0
1,677,0
4,677,0
1,678,0
4,678,0
1,679,0
4,679,0
1,680,0
4,680,0
1,681,0
4,681,0
1,682,0
4,682,0
1,683,0
4,683,0
1,684,0
4,684,0
1,685,0
4,685,0
1,686,0
4,686,0
1,687,0
4,687,0
1,688,0
4,688,0
1,689,0
4,689,0
1,690,0
4,690,0
1,691,0
4,691,0
1,692,0
4,692,0
1,693,0
4,693,0
1,694,0
4,694,0
1,695,0
4,695,0
1,696,0
4,696,0
1,697,0
4,697,0
1,698,0
4,698,0
1,699,0
4,699,0
1,700,0
4,700,0
1,701,0
4,701,0
1,702,0
4,702,0
1,703,0
4,703,0
1,704,0
4,704,0
1,705,0
4,705,0
1,706,0
4,706,0
1,707,0
4,707,0
1,708,0
4,708,0
1,709,0
4,709,0
1,710,0
4,710,0
1,711,0
4,711,0
1,712,0
4,712,0
1,713,0
4,713,0
1,714,0
4,714,0
1,715,0
4,715,0
1,716,0
4,716,0
1,717,0
4,717,0
1,718,0
4,718,0
1,719,0
4,719,0
1,720,0
4,720,0
1,721,0
4,721,0
1,722,0
4,722,0
1,723,0
4,723,0
1,724,0
4,724,0
1,725,0
4,725,0
1,726,0
4,726,0
1,727,0
4,727,0
1,728,0
4,728,0
1,729,0
4,729,0
1,730,0
4,730,0
1,731,0
4,731,0
1,732,0
4,732,0
1,733,0
4,733,0
1,734,0
4,734,0
1,735,0
4,735,0
1,736,0
4,736,0
1,737,0
4,737,0
1,738,0
4,738,0
1,739,0
4,739,0
1,740,0
4,740,0
1,741,0
4,741,0
1,742,0
4,742,0
1,743,0
4,743,0
1,744,0
4,744,0
1,745,0
4,745,0
1,746,0
4,746,0
1,747,0
4,747,0
1,748,0
4,748,0
1,749,0
4,749,0
1,750,0
4,750,0
1,751,0
4,751,0
1,752,0
4,752,0
1,753,0
4,753,0
1,754,0
4,754,0
1,755,0
4,755,0
1,756,0
4,756,0
1,757,0
4,757,0
1,758,0
4,758,0
1,759,0
4,759,0
1,760,0
4,760,0
1,761,0
4,761,0
1,762,0
4,762,0
1,763,0
4,763,0
1,764,0
4,764,0
1,765,0
4,765,0
1,766,0
4,766,0
1,767,0
4,767,0
1,768,0
4,768,0
1,769,0
4,769,0
1,770,0
4,770,0
1,771,0
4,771,0
1,772,0
4,772,0
1,773,0
4,773,0
1,774,0
4,774,0
1,775,0
4,775,0
1,776,0
4,776,0
1,777,0
4,777,0
1,778,0
4,778,0
1,779,0
4,779,0
1,780,0
4,780,0
1,781,0
4,781,0
1,782,0
4,782,0
1,783,0
4,783,0
1,784,0
4,784,0
1,785,0
4,785,0
1,786,0
4,786,0
1,787,0
4,787,0
1,788,0
4,788,0
1,789,0
4,789,0
1,790,0
4,790,0
1,791,0
4,791,0
1,792,0
4,792,0
1,793,0
4,793,0
1,794,0
4,794,0
1,795,0
4,795,0
1,796,0
4,796,0
1,797,0
4,797,0
1,798,0
4,798,0
1,799,0
4,799,0
1,800,0
4,800,0
1,801,0
4,801,0
1,802,0
4,802,0
1,803,0
4,803,0
1,804,0
4,804,0
1,805,0
4,805,0
1,806,0
4,806,0
1,807,0
4,807,0
1,808,0
4,808,0
1,809,0
4,809,0
1,810,0
4,810,0
1,811,0
4,811,0
1,812,0
4,812,0
1,813,0
4,813,0
1,814,0
4,814,0
1,815,0
4,815,0
1,816,0
4,816,0
1,817,0
4,817,0
1,818,0
4,818,0
1,819,0
4,819,0
1,820,0
4,820,0
1,821,0
4,821,0
1,822,0
4,822,0
1,823,0
4,823,0
1,824,0
4,824,0
1,825,0
4,825,0
1,826,0
4,826,0
1,827,0
4,827,0
1,828,0
4,828,0
1,829,0
4,829,0
1,830,0
4,830,0
1,831,0
4,831,0
1,832,0
4,832,0
1,833,0
4,833,0
1,834,0
4,834,0
1,835,0
4,835,0
1,836,0
4,836,0
1,837,0
4,837,0
1,838,0
4,838,0
1,839,0
4,839,0
1,840,0
4,840,0
1,841,0
4,841,0
1,842,0
4,842,0
1,843,0
4,843,0
1,844,0
4,844,0
1,845,0
4,845,0
1,846,0
4,846,0
1,847,0
4,847,0
1,848,0
4,848,0
1,849,0
4,849,0
1,850,0
4,850,0
1,851,0
4,851,0
1,852,0
4,852,0
1,853,0
4,853,0
1,854,0
4,854,0
1,855,0
4,855,0
1,856,0
4,856,0
1,857,0
4,857,0
1,858,0
4,858,0
1,859,0
4,859,0
1,860,0
4,860,0
1,861,0
4,861,0
1,862,0
4,862,0
1,863,0
4,863,0
1,864,0
4,864,0
1,865,0
4,865,0
1,866,0
4,866,0
1,867,0
4,867,0
1,868,0
4,868,0
1,869,0
4,869,0
1,870,0
4,870,0
1,871,0
4,871,0
1,872,0
4,872,0
1,873,0
4,873,0
1,874,0
3,874,0
1,875,0
3,875,0
1,876,0
3,876,0
1,877,0
3,877,0
1,878,0
3,878,0
1,879,0
3,879,0
1,880,0
3,880,0
1,881,0
3,881,0
1,882,0
3,882,0
1,883,0
3,883,0
1,884,0
3,884,0
1,885,0
3,885,0
1,886,0
3,886,0
1,887,0
3,887,0
1,888,0
3,888,0
1,889,0
3,889,0
1,890,0
3,890,0
1,891,0
3,891,0
1,892,0
3,892,0
1,893,0
2,893,0
1,894,0
2,894,0
1,895,0
2,895,0
1,896,0
2,896,0
1,897,0
2,897,0
1,898,0
2,898,0
1,899,0
2,899,0
1,900,0
2,900,0
1,901,0
2,901,0
1,902,0
2,902,0
1,903,0
2,903,0
1,904,0
2,904,0
1,905,0
2,905,0
1,906,0
2,906,0
1,907,0
2,907,0
1,908,0
2,908,0
1,909,0
2,909,0
1,910,0
2,910,0
1,911,0
2,911,0
1,912,0
2,912,0
1,913,0
2,913,0
1,914,0
2,914,0
1,915,0
2,915,0
1,916,0
2,916,0
1,917,0
2,917,0
1,918,0
2,918,0
1,919,0
2,919,0
1,920,0
2,920,0
1,921,0
2,921,0
1,922,0
2,922,0
1,923,0
2,923,0
1,924,0
2,924,0
1,925,0
2,925,0
1,926,0
2,926,0
1,927,0
2,927,0
1,928,0
2,928,0
1,929,0
2,929,0
1,930,0
2,930,0
1,931,0
2,931,0
1,932,0
2,932,0
1,933,0
2,933,0
1,934,0
2,934,0
1,935,0
2,935,0
1,936,0
2,936,0
1,937,0
2,937,0
1,938,0
2,938,0
1,939,0
2,939,0
1,940,0
2,940,0
1,941,0
2,941,0
1,942,0
2,942,0
1,943,0
2,943,0
1,944,0
2,944,0
1,945,0
2,945,0
1,946,0
2,946,0
1,947,0
2,947,0
1,948,0
2,948,0
1,949,0
2,949,0
1,950,0
2,950,0
1,951,0
2,951,0
1,952,0
2,952,0
1,953,0
2,953,0
1,954,0
2,954,0
1,955,0
2,955,0
1,956,0
2,956,0
1,957,0
2,957,0
1,958,0
2,958,0
1,959,0
2,959,0
1,960,0
2,960,0
1,961,0
2,961,0
1,962,0
2,962,0
1,963,0
2,963,0
1,964,0
2,964,0
1,965,0
2,965,0
1,966,0
2,966,0
1,967,0
2,967,0
1,968,0
2,968,0
1,969,0
2,969,0
1,970,0
2,970,0
1,971,0
2,971,0
1,972,0
2,972,0
1,973,0
2,973,0
1,974,0
2,974,0
1,975,0
2,975,0
1,976,0
2,976,0
1,977,0
2,977,0
1,978,0
2,978,0
1,979,0
2,979,0
1,980,0
2,980,0
1,981,0
2,981,0
1,982,0
2,982,0
1,983,0
2,983,0
1,984,0
2,984,0
1,985,0
2,985,0
1,986,0
2,986,0
1,987,0
2,987,0
1,988,0
2,988,0
1,989,0
2,989,0
1,990,0
2,990,0
1,991,0
2,991,0
1,992,0
2,992,0
1,993,0
2,993,0
1,994,0
2,994,0
1,995,0
2,995,0
1,996,0
2,996,0
1,997,0
2,997,0
1,998,0
2,998,0
1,999,0
2,999,0
1,1000,0
1,1000,0
1,1001,0
1,1001,0
1,1002,0
1,1002,0
1,1003,0
1,1003,0
1,1004,0
1,1004,0
