1,1,0
121,1,0
1,2,0
120,2,0
1,3,0
120,3,0
1,4,0
120,4,0
1,5,0
120,5,0
1,6,0
120,6,0
1,7,0
120,7,0
1,8,0
120,8,0
1,9,0
120,9,0
1,10,0
119,10,0
1,11,0
119,11,0
1,12,0
119,12,0
1,13,0
118,13,0
1,14,0
117,14,0
1,15,0
117,15,0
1,16,0
116,16,0
1,17,0
115,17,0
1,18,0
114,18,0
1,19,0
113,19,0
1,20,0
113,20,0
1,21,0
113,21,0
1,22,0
113,22,0
1,23,0
113,23,0
1,24,0
112,24,0
1,25,0
111,25,0
1,26,0
111,26,0
1,27,0
110,27,0
1,28,0
110,28,0
1,29,0
110,29,0
1,30,0
110,30,0
1,31,0
109,31,0
1,32,0
109,32,0
1,33,0
108,33,0
1,34,0
108,34,0
1,35,0
107,35,0
1,36,0
107,36,0
1,37,0
107,37,0
1,38,0
106,38,0
1,39,0
105,39,0
1,40,0
104,40,0
1,41,0
103,41,0
1,42,0
103,42,0
1,43,0
102,43,0
1,44,0
101,44,0
1,45,0
101,45,0
1,46,0
101,46,0
1,47,0
100,47,0
1,48,0
100,48,0
1,49,0
99,49,0
1,50,0
99,50,0
1,51,0
99,51,0
1,52,0
99,52,0
1,53,0
99,53,0
1,54,0
98,54,0
1,55,0
98,55,0
1,56,0
98,56,0
1,57,0
97,57,0
1,58,0
97,58,0
1,59,0
96,59,0
1,60,0
96,60,0
1,61,0
96,61,0
1,62,0
95,62,0
1,63,0
94,63,0
1,64,0
94,64,0
1,65,0
94,65,0
1,66,0
94,66,0
1,67,0
94,67,0
1,68,0
93,68,0
1,69,0
93,69,0
1,70,0
93,70,0
1,71,0
93,71,0
1,72,0
93,72,0
1,73,0
92,73,0
1,74,0
92,74,0
1,75,0
91,75,0
1,76,0
91,76,0
1,77,0
90,77,0
1,78,0
89,78,0
1,79,0
88,79,0
1,80,0
87,80,0
1,81,0
86,81,0
1,82,0
85,82,0
1,83,0
85,83,0
1,84,0
84,84,0
1,85,0
84,85,0
1,86,0
83,86,0
1,87,0
82,87,0
1,88,0
81,88,0
1,89,0
81,89,0
1,90,0
80,90,0
1,91,0
80,91,0
1,92,0
80,92,0
1,93,0
79,93,0
1,94,0
78,94,0
1,95,0
78,95,0
1,96,0
78,96,0
1,97,0
78,97,0
1,98,0
77,98,0
1,99,0
77,99,0
1,100,0
76,100,0
1,101,0
75,101,0
1,102,0
75,102,0
1,103,0
74,103,0
1,104,0
74,104,0
1,105,0
74,105,0
1,106,0
74,106,0
1,107,0
74,107,0
1,108,0
74,108,0
1,109,0
73,109,0
1,110,0
73,110,0
1,111,0
72,111,0
1,112,0
71,112,0
1,113,0
71,113,0
1,114,0
70,114,0
1,115,0
70,115,0
1,116,0
69,116,0
1,117,0
68,117,0
1,118,0
68,118,0
1,119,0
68,119,0
1,120,0
67,120,0
1,121,0
67,121,0
1,122,0
67,122,0
1,123,0
67,123,0
1,124,0
66,124,0
1,125,0
65,125,0
1,126,0
65,126,0
1,127,0
65,127,0
1,128,0
65,128,0
1,129,0
65,129,0
1,130,0
65,130,0
1,131,0
65,131,0
1,132,0
64,132,0
1,133,0
64,133,0
1,134,0
64,134,0
1,135,0
63,135,0
1,136,0
63,136,0
1,137,0
63,137,0
1,138,0
63,138,0
1,139,0
63,139,0
1,140,0
62,140,0
1,141,0
61,141,0
1,142,0
61,142,0
1,143,0
60,143,0
1,144,0
60,144,0
1,145,0
60,145,0
1,146,0
60,146,0
1,147,0
60,147,0
1,148,0
60,148,0
1,149,0
60,149,0
1,150,0
60,150,0
1,151,0
60,151,0
1,152,0
59,152,0
1,153,0
59,153,0
1,154,0
58,154,0
1,155,0
58,155,0
1,156,0
57,156,0
1,157,0
56,157,0
1,158,0
55,158,0
1,159,0
55,159,0
1,160,0
55,160,0
1,161,0
55,161,0
1,162,0
55,162,0
1,163,0
55,163,0
1,164,0
55,164,0
1,165,0
54,165,0
1,166,0
54,166,0
1,167,0
54,167,0
1,168,0
54,168,0
1,169,0
54,169,0
1,170,0
54,170,0
1,171,0
54,171,0
1,172,0
53,172,0
1,173,0
53,173,0
1,174,0
53,174,0
1,175,0
53,175,0
1,176,0
53,176,0
1,177,0
53,177,0
1,178,0
53,178,0
1,179,0
53,179,0
1,180,0
53,180,0
1,181,0
53,181,0
1,182,0
53,182,0
1,183,0
53,183,0
1,184,0
52,184,0
1,185,0
52,185,0
1,186,0
52,186,0
1,187,0
52,187,0
1,188,0
51,188,0
1,189,0
51,189,0
1,190,0
50,190,0
1,191,0
50,191,0
1,192,0
49,192,0
1,193,0
49,193,0
1,194,0
49,194,0
1,195,0
49,195,0
1,196,0
49,196,0
1,197,0
49,197,0
1,198,0
49,198,0
1,199,0
49,199,0
1,200,0
49,200,0
1,201,0
49,201,0
1,202,0
49,202,0
1,203,0
48,203,0
1,204,0
47,204,0
1,205,0
47,205,0
1,206,0
47,206,0
1,207,0
47,207,0
1,208,0
46,208,0
1,209,0
46,209,0
1,210,0
45,210,0
1,211,0
44,211,0
1,212,0
43,212,0
1,213,0
42,213,0
1,214,0
42,214,0
1,215,0
42,215,0
1,216,0
42,216,0
1,217,0
42,217,0
1,218,0
42,218,0
1,219,0
41,219,0
1,220,0
41,220,0
1,221,0
40,221,0
1,222,0
39,222,0
1,223,0
39,223,0
1,224,0
38,224,0
1,225,0
37,225,0
1,226,0
37,226,0
1,227,0
37,227,0
1,228,0
37,228,0
1,229,0
36,229,0
1,230,0
36,230,0
1,231,0
36,231,0
1,232,0
36,232,0
1,233,0
36,233,0
1,234,0
36,234,0
1,235,0
36,235,0
1,236,0
36,236,0
1,237,0
36,237,0
1,238,0
36,238,0
1,239,0
36,239,0
1,240,0
36,240,0
1,241,0
36,241,0
1,242,0
36,242,0
1,243,0
36,243,0
1,244,0
35,244,0
1,245,0
35,245,0
1,246,0
35,246,0
1,247,0
35,247,0
1,248,0
35,248,0
1,249,0
35,249,0
1,250,0
35,250,0
1,251,0
35,251,0
1,252,0
35,252,0
1,253,0
35,253,0
1,254,0
35,254,0
1,255,0
35,255,0
1,256,0
34,256,0
1,257,0
33,257,0
1,258,0
32,258,0
1,259,0
32,259,0
1,260,0
32,260,0
1,261,0
32,261,0
1,262,0
31,262,0
1,263,0
31,263,0
1,264,0
31,264,0
1,265,0
31,265,0
1,266,0
31,266,0
1,267,0
31,267,0
1,268,0
31,268,0
1,269,0
31,269,0
1,270,0
30,270,0
1,271,0
30,271,0
1,272,0
30,272,0
1,273,0
29,273,0
1,274,0
29,274,0
1,275,0
29,275,0
1,276,0
29,276,0
1,277,0
29,277,0
1,278,0
29,278,0
1,279,0
29,279,0
1,280,0
29,280,0
1,281,0
29,281,0
1,282,0
28,282,0
1,283,0
28,283,0
1,284,0
28,284,0
1,285,0
28,285,0
1,286,0
28,286,0
1,287,0
28,287,0
1,288,0
28,288,0
1,289,0
28,289,0
1,290,0
28,290,0
1,291,0
28,291,0
1,292,0
28,292,0
1,293,0
28,293,0
1,294,0
28,294,0
1,295,0
28,295,0
1,296,0
28,296,0
1,297,0
27,297,0
1,298,0
27,298,0
1,299,0
27,299,0
1,300,0
27,300,0
1,301,0
27,301,0
1,302,0
27,302,0
1,303,0
27,303,0
1,304,0
27,304,0
1,305,0
27,305,0
1,306,0
27,306,0
1,307,0
27,307,0
1,308,0
27,308,0
1,309,0
27,309,0
1,310,0
27,310,0
1,311,0
27,311,0
1,312,0
26,312,0
1,313,0
26,313,0
1,314,0
26,314,0
1,315,0
26,315,0
1,316,0
26,316,0
1,317,0
26,317,0
1,318,0
26,318,0
1,319,0
26,319,0
1,320,0
26,320,0
1,321,0
25,321,0
1,322,0
25,322,0
1,323,0
25,323,0
1,324,0
25,324,0
1,325,0
25,325,0
1,326,0
25,326,0
1,327,0
25,327,0
1,328,0
25,328,0
1,329,0
25,329,0
1,330,0
25,330,0
1,331,0
25,331,0
1,332,0
25,332,0
1,333,0
25,333,0
1,334,0
25,334,0
1,335,0
25,335,0
1,336,0
25,336,0
1,337,0
25,337,0
1,338,0
25,338,0
1,339,0
25,339,0
1,340,0
25,340,0
1,341,0
25,341,0
1,342,0
25,342,0
1,343,0
25,343,0
1,344,0
25,344,0
1,345,0
25,345,0
1,346,0
25,346,0
1,347,0
24,347,0
1,348,0
24,348,0
1,349,0
24,349,0
1,350,0
24,350,0
1,351,0
24,351,0
1,352,0
24,352,0
1,353,0
24,353,0
1,354,0
24,354,0
1,355,0
24,355,0
1,356,0
24,356,0
1,357,0
24,357,0
1,358,0
24,358,0
1,359,0
24,359,0
1,360,0
24,360,0
1,361,0
24,361,0
1,362,0
24,362,0
1,363,0
24,363,0
1,364,0
24,364,0
1,365,0
24,365,0
1,366,0
24,366,0
1,367,0
24,367,0
1,368,0
24,368,0
1,369,0
24,369,0
1,370,0
24,370,0
1,371,0
24,371,0
1,372,0
24,372,0
1,373,0
24,373,0
1,374,0
24,374,0
1,375,0
24,375,0
1,376,0
23,376,0
1,377,0
23,377,0
1,378,0
23,378,0
1,379,0
23,379,0
1,380,0
23,380,0
1,381,0
22,381,0
1,382,0
22,382,0
1,383,0
22,383,0
1,384,0
22,384,0
1,385,0
22,385,0
1,386,0
22,386,0
1,387,0
22,387,0
1,388,0
22,388,0
1,389,0
22,389,0
1,390,0
22,390,0
1,391,0
22,391,0
1,392,0
21,392,0
1,393,0
21,393,0
1,394,0
21,394,0
1,395,0
21,395,0
1,396,0
21,396,0
1,397,0
21,397,0
1,398,0
21,398,0
1,399,0
21,399,0
1,400,0
21,400,0
1,401,0
21,401,0
1,402,0
21,402,0
1,403,0
21,403,0
1,404,0
21,404,0
1,405,0
21,405,0
1,406,0
21,406,0
1,407,0
21,407,0
1,408,0
21,408,0
1,409,0
21,409,0
1,410,0
21,410,0
1,411,0
21,411,0
1,412,0
21,412,0
1,413,0
21,413,0
1,414,0
21,414,0
1,415,0
21,415,0
1,416,0
21,416,0
1,417,0
21,417,0
1,418,0
21,418,0
1,419,0
20,419,0
1,420,0
20,420,0
1,421,0
20,421,0
1,422,0
20,422,0
1,423,0
20,423,0
1,424,0
20,424,0
1,425,0
20,425,0
1,426,0
20,426,0
1,427,0
20,427,0
1,428,0
20,428,0
1,429,0
20,429,0
1,430,0
20,430,0
1,431,0
20,431,0
1,432,0
20,432,0
1,433,0
20,433,0
1,434,0
20,434,0
1,435,0
20,435,0
1,436,0
20,436,0
1,437,0
20,437,0
1,438,0
20,438,0
1,439,0
20,439,0
1,440,0
20,440,0
1,441,0
20,441,0
1,442,0
20,442,0
1,443,0
20,443,0
1,444,0
20,444,0
1,445,0
20,445,0
1,446,0
20,446,0
1,447,0
20,447,0
1,448,0
20,448,0
1,449,0
20,449,0
1,450,0
19,450,0
1,451,0
19,451,0
1,452,0
19,452,0
1,453,0
19,453,0
1,454,0
19,454,0
1,455,0
19,455,0
1,456,0
19,456,0
1,457,0
19,457,0
1,458,0
19,458,0
1,459,0
18,459,0
1,460,0
17,460,0
1,461,0
17,461,0
1,462,0
16,462,0
1,463,0
16,463,0
1,464,0
15,464,0
1,465,0
15,465,0
1,466,0
15,466,0
1,467,0
15,467,0
1,468,0
15,468,0
1,469,0
15,469,0
1,470,0
15,470,0
1,471,0
15,471,0
1,472,0
15,472,0
1,473,0
15,473,0
1,474,0
15,474,0
1,475,0
15,475,0
1,476,0
15,476,0
1,477,0
15,477,0
1,478,0
14,478,0
1,479,0
14,479,0
1,480,0
14,480,0
1,481,0
13,481,0
1,482,0
13,482,0
1,483,0
13,483,0
1,484,0
13,484,0
1,485,0
13,485,0
1,486,0
13,486,0
1,487,0
13,487,0
1,488,0
13,488,0
1,489,0
13,489,0
1,490,0
13,490,0
1,491,0
13,491,0
1,492,0
13,492,0
1,493,0
13,493,0
1,494,0
12,494,0
1,495,0
12,495,0
1,496,0
12,496,0
1,497,0
12,497,0
1,498,0
12,498,0
1,499,0
12,499,0
1,500,0
12,500,0
1,501,0
12,501,0
1,502,0
12,502,0
1,503,0
12,503,0
1,504,0
12,504,0
1,505,0
12,505,0
1,506,0
12,506,0
1,507,0
12,507,0
1,508,0
12,508,0
1,509,0
12,509,0
1,510,0
12,510,0
1,511,0
12,511,0
1,512,0
12,512,0
1,513,0
12,513,0
1,514,0
12,514,0
1,515,0
12,515,0
1,516,0
12,516,0
1,517,0
12,517,0
1,518,0
12,518,0
1,519,0
12,519,0
1,520,0
12,520,0
1,521,0
12,521,0
1,522,0
12,522,0
1,523,0
12,523,0
1,524,0
12,524,0
1,525,0
12,525,0
1,526,0
11,526,0
1,527,0
11,527,0
1,528,0
11,528,0
1,529,0
11,529,0
1,530,0
11,530,0
1,531,0
11,531,0
1,532,0
11,532,0
1,533,0
11,533,0
1,534,0
11,534,0
1,535,0
11,535,0
1,536,0
11,536,0
1,537,0
11,537,0
1,538,0
11,538,0
1,539,0
11,539,0
1,540,0
11,540,0
1,541,0
11,541,0
1,542,0
11,542,0
1,543,0
11,543,0
1,544,0
11,544,0
1,545,0
11,545,0
1,546,0
11,546,0
1,547,0
11,547,0
1,548,0
11,548,0
1,549,0
11,549,0
1,550,0
11,550,0
1,551,0
11,551,0
1,552,0
11,552,0
1,553,0
10,553,0
1,554,0
10,554,0
1,555,0
10,555,0
1,556,0
10,556,0
1,557,0
10,557,0
1,558,0
10,558,0
1,559,0
10,559,0
1,560,0
10,560,0
1,561,0
9,561,0
1,562,0
9,562,0
1,563,0
9,563,0
1,564,0
9,564,0
1,565,0
9,565,0
1,566,0
9,566,0
1,567,0
9,567,0
1,568,0
9,568,0
1,569,0
9,569,0
1,570,0
9,570,0
1,571,0
9,571,0
1,572,0
9,572,0
1,573,0
9,573,0
1,574,0
8,574,0
1,575,0
8,575,0
1,576,0
8,576,0
1,577,0
8,577,0
1,578,0
8,578,0
1,579,0
8,579,0
1,580,0
8,580,0
1,581,0
8,581,0
1,582,0
7,582,0
1,583,0
7,583,0
1,584,0
7,584,0
1,585,0
7,585,0
1,586,0
7,586,0
1,587,0
7,587,0
1,588,0
7,588,0
1,589,0
7,589,0
1,590,0
7,590,0
1,591,0
7,591,0
1,592,0
7,592,0
1,593,0
7,593,0
1,594,0
7,594,0
1,595,0
7,595,0
1,596,0
7,596,0
1,597,0
7,597,0
1,598,0
7,598,0
1,599,0
7,599,0
1,600,0
7,600,0
1,601,0
7,601,0
1,602,0
7,602,0
1,603,0
7,603,0
1,604,0
7,604,0
1,605,0
7,605,0
1,606,0
7,606,0
1,607,0
7,607,0
1,608,0
7,608,0
1,609,0
7,609,0
1,610,0
7,610,0
1,611,0
7,611,0
1,612,0
7,612,0
1,613,0
7,613,0
1,614,0
7,614,0
1,615,0
7,615,0
1,616,0
7,616,0
1,617,0
7,617,0
1,618,0
7,618,0
1,619,0
7,619,0
1,620,0
7,620,0
1,621,0
7,621,0
1,622,0
7,622,0
1,623,0
7,623,0
1,624,0
7,624,0
1,625,0
7,625,0
1,626,0
7,626,0
1,627,0
7,627,0
1,628,0
7,628,0
1,629,0
7,629,0
1,630,0
7,630,0
1,631,0
7,631,0
1,632,0
7,632,0
1,633,0
7,633,0
1,634,0
7,634,0
1,635,0
7,635,0
1,636,0
7,636,0
1,637,0
7,637,0
1,638,0
7,638,0
1,639,0
7,639,0
1,640,0
7,640,0
1,641,0
7,641,0
1,642,0
7,642,0
1,643,0
7,643,0
1,644,0
7,644,0
1,645,0
7,645,0
1,646,0
7,646,0
1,647,0
7,647,0
1,648,0
7,648,0
1,649,0
7,649,0
1,650,0
7,650,0
1,651,0
7,651,0
1,652,0
7,652,0
1,653,0
7,653,0
1,654,0
7,654,0
1,655,0
7,655,0
1,656,0
7,656,0
1,657,0
7,657,0
1,658,0
7,658,0
1,659,0
7,659,0
1,660,0
7,660,0
1,661,0
7,661,0
1,662,0
7,662,0
1,663,0
7,663,0
1,664,0
7,664,0
1,665,0
7,665,0
1,666,0
7,666,0
1,667,0
7,667,0
1,668,0
7,668,0
1,669,0
7,669,0
1,670,0
7,670,0
1,671,0
7,671,0
1,672,0
7,672,0
1,673,0
7,673,0
1,674,0
7,674,0
1,675,0
7,675,0
1,676,0
7,676,0
1,677,0
7,677,0
1,678,0
7,678,0
1,679,0
7,679,0
1,680,0
6,680,0
1,681,0
6,681,0
1,682,0
6,682,0
1,683,0
6,683,0
1,684,0
6,684,0
1,685,0
6,685,0
1,686,0
6,686,0
1,687,0
6,687,0
1,688,0
6,688,0
1,689,0
6,689,0
1,690,0
6,690,0
1,691,0
6,691,0
1,692,0
6,692,0
1,693,0
6,693,0
1,694,0
6,694,0
1,695,0
6,695,0
1,696,0
6,696,0
1,697,0
6,697,0
1,698,0
6,698,0
1,699,0
6,699,0
1,700,0
6,700,0
1,701,0
6,701,0
1,702,0
6,702,0
1,703,0
6,703,0
1,704,0
6,704,0
1,705,0
6,705,0
1,706,0
6,706,0
1,707,0
6,707,0
1,708,0
6,708,0
1,709,0
6,709,0
1,710,0
6,710,0
1,711,0
6,711,0
1,712,0
6,712,0
1,713,0
6,713,0
1,714,0
5,714,0
1,715,0
5,715,0
1,716,0
5,716,0
1,717,0
5,717,0
1,718,0
5,718,0
1,719,0
5,719,0
1,720,0
5,720,0
1,721,0
5,721,0
1,722,0
5,722,0
1,723,0
5,723,0
1,724,0
5,724,0
1,725,0
5,725,0
1,726,0
5,726,0
1,727,0
5,727,0
1,728,0
5,728,0
1,729,0
5,729,0
1,730,0
5,730,0
1,731,0
5,731,0
1,732,0
5,732,0
1,733,0
5,733,0
1,734,0
5,734,0
1,735,0
5,735,0
1,736,0
4,736,0
1,737,0
4,737,0
1,738,0
4,738,0
1,739,0
4,739,0
1,740,0
4,740,0
1,741,0
4,741,0
1,742,0
4,742,0
1,743,0
4,743,0
1,744,0
4,744,0
1,745,0
4,745,0
1,746,0
4,746,0
1,747,0
4,747,0
1,748,0
4,748,0
1,749,0
4,749,0
1,750,0
4,750,0
1,751,0
4,751,0
1,752,0
4,752,0
1,753,0
4,753,0
1,754,0
4,754,0
1,755,0
4,755,0
1,756,0
4,756,0
1,757,0
4,757,0
1,758,0
4,758,0
1,759,0
4,759,0
1,760,0
4,760,0
1,761,0
4,761,0
1,762,0
4,762,0
1,763,0
4,763,0
1,764,0
4,764,0
1,765,0
4,765,0
1,766,0
4,766,0
1,767,0
4,767,0
1,768,0
4,768,0
1,769,0
4,769,0
1,770,0
4,770,0
1,771,0
4,771,0
1,772,0
4,772,0
1,773,0
4,773,0
1,774,0
4,774,0
1,775,0
4,775,0
1,776,0
4,776,0
1,777,0
4,777,0
1,778,0
4,778,0
1,779,0
4,779,0
1,780,0
4,780,0
1,781,0
4,781,0
1,782,0
4,782,0
1,783,0
4,783,0
1,784,0
4,784,0
1,785,0
4,785,0
1,786,0
4,786,0
1,787,0
4,787,0
1,788,0
4,788,0
1,789,0
4,789,0
1,790,0
4,790,0
1,791,0
4,791,0
1,792,0
4,792,0
1,793,0
4,793,0
1,794,0
4,794,0
1,795,0
4,795,0
1,796,0
4,796,0
1,797,0
4,797,0
1,798,0
4,798,0
1,799,0
4,799,0
1,800,0
4,800,0
1,801,0
4,801,0
1,802,0
4,802,0
1,803,0
4,803,0
1,804,0
4,804,0
1,805,0
4,805,0
1,806,0
4,806,0
1,807,0
4,807,0
1,808,0
4,808,0
1,809,0
4,809,0
1,810,0
4,810,0
1,811,0
4,811,0
1,812,0
4,812,0
1,813,0
4,813,0
1,814,0
4,814,0
1,815,0
4,815,0
1,816,0
4,816,0
1,817,0
4,817,0
1,818,0
4,818,0
1,819,0
4,819,0
1,820,0
4,820,0
1,821,0
4,821,0
1,822,0
4,822,0
1,823,0
4,823,0
1,824,0
4,824,0
1,825,0
4,825,0
1,826,0
4,826,0
1,827,0
4,827,0
1,828,0
4,828,0
1,829,0
4,829,0
1,830,0
4,830,0
1,831,0
4,831,0
1,832,0
4,832,0
1,833,0
4,833,0
1,834,0
4,834,0
1,835,0
4,835,0
1,836,0
4,836,0
1,837,0
4,837,0
1,838,0
4,838,0
1,839,0
4,839,0
1,840,0
4,840,0
1,841,0
4,841,0
1,842,0
4,842,0
1,843,0
4,843,0
1,844,0
4,844,0
1,845,0
4,845,0
1,846,0
4,846,0
1,847,0
4,847,0
1,848,0
4,848,0
1,849,0
4,849,0
1,850,0
4,850,0
1,851,0
4,851,0
1,852,0
4,852,0
1,853,0
4,853,0
1,854,0
4,854,0
1,855,0
4,855,0
1,856,0
4,856,0
1,857,0
4,857,0
1,858,0
4,858,0
1,859,0
4,859,0
1,860,0
4,860,0
1,861,0
4,861,0
1,862,0
4,862,0
1,863,0
4,863,0
1,864,0
4,864,0
1,865,0
4,865,0
1,866,0
4,866,0
1,867,0
4,867,0
1,868,0
4,868,0
1,869,0
4,869,0
1,870,0
4,870,0
1,871,0
4,871,0
1,872,0
4,872,0
1,873,0
4,873,0
1,874,0
4,874,0
1,875,0
4,875,0
1,876,0
4,876,0
1,877,0
4,877,0
1,878,0
4,878,0
1,879,0
4,879,0
1,880,0
3,880,0
1,881,0
3,881,0
1,882,0
3,882,0
1,883,0
3,883,0
1,884,0
3,884,0
1,885,0
3,885,0
1,886,0
3,886,0
1,887,0
3,887,0
1,888,0
3,888,0
1,889,0
3,889,0
1,890,0
3,890,0
1,891,0
3,891,0
1,892,0
3,892,0
1,893,0
3,893,0
1,894,0
3,894,0
1,895,0
3,895,0
1,896,0
3,896,0
1,897,0
3,897,0
1,898,0
3,898,0
1,899,0
3,899,0
1,900,0
3,900,0
1,901,0
3,901,0
1,902,0
3,902,0
1,903,0
3,903,0
1,904,0
3,904,0
1,905,0
3,905,0
1,906,0
3,906,0
1,907,0
3,907,0
1,908,0
3,908,0
1,909,0
3,909,0
1,910,0
3,910,0
1,911,0
3,911,0
1,912,0
3,912,0
1,913,0
3,913,0
1,914,0
3,914,0
1,915,0
3,915,0
1,916,0
3,916,0
1,917,0
3,917,0
1,918,0
3,918,0
1,919,0
3,919,0
1,920,0
3,920,0
1,921,0
3,921,0
1,922,0
3,922,0
1,923,0
3,923,0
1,924,0
3,924,0
1,925,0
3,925,0
1,926,0
3,926,0
1,927,0
3,927,0
1,928,0
3,928,0
1,929,0
3,929,0
1,930,0
3,930,0
1,931,0
3,931,0
1,932,0
3,932,0
1,933,0
3,933,0
1,934,0
3,934,0
1,935,0
3,935,0
1,936,0
3,936,0
1,937,0
3,937,0
1,938,0
3,938,0
1,939,0
3,939,0
1,940,0
3,940,0
1,941,0
3,941,0
1,942,0
3,942,0
1,943,0
3,943,0
1,944,0
3,944,0
1,945,0
3,945,0
1,946,0
3,946,0
1,947,0
3,947,0
1,948,0
3,948,0
1,949,0
3,949,0
1,950,0
3,950,0
1,951,0
3,951,0
1,952,0
3,952,0
1,953,0
3,953,0
1,954,0
3,954,0
1,955,0
3,955,0
1,956,0
3,956,0
1,957,0
3,957,0
1,958,0
3,958,0
1,959,0
3,959,0
1,960,0
3,960,0
1,961,0
3,961,0
1,962,0
3,962,0
1,963,0
3,963,0
1,964,0
3,964,0
1,965,0
3,965,0
1,966,0
3,966,0
1,967,0
3,967,0
1,968,0
3,968,0
1,969,0
3,969,0
1,970,0
3,970,0
1,971,0
3,971,0
1,972,0
3,972,0
1,973,0
3,973,0
1,974,0
3,974,0
1,975,0
3,975,0
1,976,0
3,976,0
1,977,0
3,977,0
1,978,0
3,978,0
1,979,0
3,979,0
1,980,0
3,980,0
1,981,0
3,981,0
1,982,0
3,982,0
1,983,0
3,983,0
1,984,0
3,984,0
1,985,0
3,985,0
1,986,0
3,986,0
1,987,0
3,987,0
1,988,0
3,988,0
1,989,0
3,989,0
1,990,0
3,990,0
1,991,0
2,991,0
1,992,0
2,992,0
1,993,0
2,993,0
1,994,0
2,994,0
1,995,0
2,995,0
1,996,0
2,996,0
1,997,0
2,997,0
1,998,0
2,998,0
1,999,0
2,999,0
1,1000,0
2,1000,0
1,1001,0
2,1001,0
1,1002,0
2,1002,0
1,1003,0
2,1003,0
1,1004,0
2,1004,0
1,1005,0
2,1005,0
1,1006,0
2,1006,0
1,1007,0
2,1007,0
1,1008,0
2,1008,0
1,1009,0
2,1009,0
1,1010,0
2,1010,0
1,1011,0
2,1011,0
1,1012,0
2,1012,0
1,1013,0
2,1013,0
1,1014,0
2,1014,0
1,1015,0
2,1015,0
1,1016,0
2,1016,0
1,1017,0
2,1017,0
1,1018,0
2,1018,0
1,1019,0
2,1019,0
1,1020,0
2,1020,0
1,1021,0
2,1021,0
1,1022,0
2,1022,0
1,1023,0
2,1023,0
1,1024,0
2,1024,0
1,1025,0
2,1025,0
1,1026,0
2,1026,0
1,1027,0
2,1027,0
1,1028,0
2,1028,0
1,1029,0
2,1029,0
1,1030,0
2,1030,0
1,1031,0
2,1031,0
1,1032,0
2,1032,0
1,1033,0
2,1033,0
1,1034,0
2,1034,0
1,1035,0
2,1035,0
1,1036,0
2,1036,0
1,1037,0
2,1037,0
1,1038,0
2,1038,0
1,1039,0
2,1039,0
1,1040,0
2,1040,0
1,1041,0
2,1041,0
1,1042,0
2,1042,0
1,1043,0
2,1043,0
1,1044,0
2,1044,0
1,1045,0
2,1045,0
1,1046,0
2,1046,0
1,1047,0
2,1047,0
1,1048,0
2,1048,0
1,1049,0
2,1049,0
1,1050,0
2,1050,0
1,1051,0
2,1051,0
1,1052,0
2,1052,0
1,1053,0
2,1053,0
1,1054,0
2,1054,0
1,1055,0
2,1055,0
1,1056,0
2,1056,0
1,1057,0
2,1057,0
1,1058,0
2,1058,0
1,1059,0
2,1059,0
1,1060,0
2,1060,0
1,1061,0
2,1061,0
1,1062,0
2,1062,0
1,1063,0
2,1063,0
1,1064,0
2,1064,0
1,1065,0
2,1065,0
1,1066,0
2,1066,0
1,1067,0
2,1067,0
1,1068,0
2,1068,0
1,1069,0
2,1069,0
1,1070,0
2,1070,0
1,1071,0
2,1071,0
1,1072,0
2,1072,0
1,1073,0
2,1073,0
1,1074,0
2,1074,0
1,1075,0
2,1075,0
1,1076,0
2,1076,0
1,1077,0
2,1077,0
1,1078,0
2,1078,0
1,1079,0
2,1079,0
1,1080,0
2,1080,0
1,1081,0
2,1081,0
1,1082,0
2,1082,0
1,1083,0
2,1083,0
1,1084,0
2,1084,0
1,1085,0
2,1085,0
1,1086,0
2,1086,0
1,1087,0
2,1087,0
1,1088,0
2,1088,0
1,1089,0
2,1089,0
1,1090,0
2,1090,0
1,1091,0
2,1091,0
1,1092,0
2,1092,0
1,1093,0
2,1093,0
1,1094,0
2,1094,0
1,1095,0
2,1095,0
1,1096,0
2,1096,0
1,1097,0
2,1097,0
1,1098,0
2,1098,0
1,1099,0
2,1099,0
1,1100,0
2,1100,0
1,1101,0
2,1101,0
1,1102,0
2,1102,0
1,1103,0
2,1103,0
1,1104,0
2,1104,0
1,1105,0
2,1105,0
1,1106,0
2,1106,0
1,1107,0
2,1107,0
1,1108,0
2,1108,0
1,1109,0
2,1109,0
1,1110,0
2,1110,0
1,1111,0
2,1111,0
1,1112,0
2,1112,0
1,1113,0
2,1113,0
1,1114,0
2,1114,0
1,1115,0
2,1115,0
1,1116,0
2,1116,0
1,1117,0
2,1117,0
1,1118,0
2,1118,0
1,1119,0
2,1119,0
1,1120,0
2,1120,0
1,1121,0
1,1121,0
1,1122,0
1,1122,0
1,1123,0
1,1123,0
1,1124,0
1,1124,0
1,1125,0
1,1125,0
1,1126,0
1,1126,0
1,1127,0
1,1127,0
1,1128,0
1,1128,0
1,1129,0
1,1129,0
1,1130,0
1,1130,0
1,1131,0
1,1131,0
1,1132,0
1,1132,0
1,1133,0
1,1133,0
1,1134,0
1,1134,0
1,1135,0
1,1135,0
1,1136,0
1,1136,0
1,1137,0
1,1137,0
1,1138,0
1,1138,0
1,1139,0
1,1139,0
1,1140,0
1,1140,0
1,1141,0
1,1141,0
1,1142,0
1,1142,0
1,1143,0
1,1143,0
1,1144,0
1,1144,0
1,1145,0
1,1145,0
1,1146,0
1,1146,0
1,1147,0
1,1147,0
1,1148,0
1,1148,0
1,1149,0
1,1149,0
1,1150,0
1,1150,0
1,1151,0
1,1151,0
1,1152,0
1,1152,0
1,1153,0
1,1153,0
1,1154,0
1,1154,0
1,1155,0
1,1155,0
1,1156,0
1,1156,0
1,1157,0
1,1157,0
1,1158,0
1,1158,0
1,1159,0
1,1159,0
1,1160,0
1,1160,0
1,1161,0
1,1161,0
1,1162,0
1,1162,0
1,1163,0
1,1163,0
1,1164,0
1,1164,0
1,1165,0
1,1165,0
1,1166,0
1,1166,0
1,1167,0
1,1167,0
1,1168,0
1,1168,0
1,1169,0
1,1169,0
1,1170,0
1,1170,0
1,1171,0
1,1171,0
1,1172,0
1,1172,0
1,1173,0
1,1173,0
1,1174,0
1,1174,0
1,1175,0
1,1175,0
1,1176,0
1,1176,0
1,1177,0
1,1177,0
1,1178,0
1,1178,0
1,1179,0
1,1179,0
1,1180,0
1,1180,0
1,1181,0
1,1181,0
1,1182,0
1,1182,0
1,1183,0
1,1183,0
1,1184,0
1,1184,0
1,1185,0
1,1185,0
1,1186,0
1,1186,0
1,1187,0
1,1187,0
1,1188,0
1,1188,0
1,1189,0
1,1189,0
1,1190,0
1,1190,0
1,1191,0
1,1191,0
1,1192,0
1,1192,0
1,1193,0
1,1193,0
1,1194,0
1,1194,0
1,1195,0
1,1195,0
1,1196,0
1,1196,0
1,1197,0
1,1197,0
1,1198,0
1,1198,0
1,1199,0
1,1199,0
1,1200,0
1,1200,0
1,1201,0
1,1201,0
1,1202,0
1,1202,0
1,1203,0
1,1203,0
1,1204,0
1,1204,0
1,1205,0
1,1205,0
1,1206,0
1,1206,0
1,1207,0
1,1207,0
1,1208,0
1,1208,0
1,1209,0
1,1209,0
1,1210,0
1,1210,0
1,1211,0
1,1211,0
1,1212,0
1,1212,0
1,1213,0
1,1213,0
1,1214,0
1,1214,0
1,1215,0
1,1215,0
1,1216,0
1,1216,0
1,1217,0
1,1217,0
1,1218,0
1,1218,0
1,1219,0
1,1219,0
1,1220,0
1,1220,0
1,1221,0
1,1221,0
1,1222,0
1,1222,0
1,1223,0
1,1223,0
1,1224,0
1,1224,0
1,1225,0
1,1225,0
1,1226,0
1,1226,0
1,1227,0
1,1227,0
1,1228,0
1,1228,0
1,1229,0
1,1229,0
1,1230,0
1,1230,0
1,1231,0
1,1231,0
1,1232,0
1,1232,0
1,1233,0
1,1233,0
1,1234,0
1,1234,0
1,1235,0
1,1235,0
1,1236,0
1,1236,0
1,1237,0
1,1237,0
1,1238,0
1,1238,0
1,1239,0
1,1239,0
1,1240,0
1,1240,0
1,1241,0
1,1241,0
1,1242,0
1,1242,0
1,1243,0
1,1243,0
1,1244,0
1,1244,0
1,1245,0
1,1245,0
1,1246,0
1,1246,0
1,1247,0
1,1247,0
1,1248,0
1,1248,0
1,1249,0
1,1249,0
1,1250,0
1,1250,0
1,1251,0
1,1251,0
1,1252,0
1,1252,0
1,1253,0
1,1253,0
1,1254,0
1,1254,0
1,1255,0
1,1255,0
1,1256,0
1,1256,0
1,1257,0
1,1257,0
1,1258,0
1,1258,0
1,1259,0
1,1259,0
1,1260,0
1,1260,0
1,1261,0
1,1261,0
1,1262,0
1,1262,0
1,1263,0
1,1263,0
1,1264,0
1,1264,0
1,1265,0
1,1265,0
1,1266,0
1,1266,0
1,1267,0
1,1267,0
1,1268,0
1,1268,0
1,1269,0
1,1269,0
1,1270,0
1,1270,0
1,1271,0
1,1271,0
1,1272,0
1,1272,0
1,1273,0
1,1273,0
1,1274,0
1,1274,0
1,1275,0
1,1275,0
1,1276,0
1,1276,0
1,1277,0
1,1277,0
1,1278,0
1,1278,0
1,1279,0
1,1279,0
1,1280,0
1,1280,0
1,1281,0
1,1281,0
1,1282,0
1,1282,0
1,1283,0
1,1283,0
1,1284,0
1,1284,0
1,1285,0
1,1285,0
1,1286,0
1,1286,0
1,1287,0
1,1287,0
1,1288,0
1,1288,0
1,1289,0
1,1289,0
1,1290,0
1,1290,0
1,1291,0
1,1291,0
1,1292,0
1,1292,0
1,1293,0
1,1293,0
1,1294,0
1,1294,0
1,1295,0
1,1295,0
1,1296,0
1,1296,0
1,1297,0
1,1297,0
1,1298,0
1,1298,0
1,1299,0
1,1299,0
1,1300,0
1,1300,0
1,1301,0
1,1301,0
1,1302,0
1,1302,0
1,1303,0
1,1303,0
1,1304,0
1,1304,0
1,1305,0
1,1305,0
1,1306,0
1,1306,0
1,1307,0
1,1307,0
1,1308,0
1,1308,0
1,1309,0
1,1309,0
1,1310,0
1,1310,0
1,1311,0
1,1311,0
1,1312,0
1,1312,0
1,1313,0
1,1313,0
1,1314,0
1,1314,0
1,1315,0
1,1315,0
1,1316,0
1,1316,0
1,1317,0
1,1317,0
1,1318,0
1,1318,0
1,1319,0
1,1319,0
1,1320,0
1,1320,0
