1,1,0
1,1,0
1,2,0
2,2,0
1,3,0
3,3,0
1,4,0
4,4,0
1,5,0
5,5,0
1,6,0
6,6,0
1,7,0
7,7,0
1,8,0
8,8,0
1,9,0
9,9,0
1,10,0
10,10,0
1,11,0
11,11,0
1,12,0
12,12,0
1,13,0
13,13,0
1,14,0
14,14,0
1,15,0
15,15,0
1,16,0
16,16,0
1,17,0
17,17,0
1,18,0
18,18,0
1,19,0
19,19,0
1,20,0
20,20,0
1,21,0
21,21,0
1,22,0
22,22,0
1,23,0
23,23,0
1,24,0
24,24,0
1,25,0
25,25,0
1,26,0
26,26,0
1,27,0
27,27,0
1,28,0
28,28,0
1,29,0
29,29,0
1,30,0
30,30,0
1,31,0
31,31,0
1,32,0
32,32,0
1,33,0
33,33,0
1,34,0
34,34,0
1,35,0
35,35,0
1,36,0
36,36,0
1,37,0
37,37,0
1,38,0
38,38,0
1,39,0
39,39,0
1,40,0
40,40,0
1,41,0
41,41,0
1,42,0
42,42,0
1,43,0
43,43,0
1,44,0
44,44,0
1,45,0
45,45,0
1,46,0
46,46,0
1,47,0
47,47,0
1,48,0
48,48,0
1,49,0
49,49,0
1,50,0
50,50,0
1,51,0
51,51,0
1,52,0
52,52,0
1,53,0
53,53,0
1,54,0
54,54,0
1,55,0
55,55,0
1,56,0
56,56,0
1,57,0
57,57,0
1,58,0
58,58,0
1,59,0
59,59,0
1,60,0
60,60,0
1,61,0
61,61,0
1,62,0
62,62,0
1,63,0
63,63,0
1,64,0
64,64,0
1,65,0
65,65,0
1,66,0
66,66,0
1,67,0
67,67,0
1,68,0
68,68,0
1,69,0
69,69,0
1,70,0
70,70,0
1,71,0
71,71,0
1,72,0
72,72,0
1,73,0
73,73,0
1,74,0
74,74,0
1,75,0
75,75,0
1,76,0
76,76,0
1,77,0
77,77,0
1,78,0
78,78,0
1,79,0
79,79,0
1,80,0
80,80,0
1,81,0
81,81,0
1,82,0
82,82,0
1,83,0
83,83,0
1,84,0
84,84,0
1,85,0
85,85,0
1,86,0
86,86,0
1,87,0
87,87,0
1,88,0
88,88,0
1,89,0
89,89,0
1,90,0
90,90,0
1,91,0
91,91,0
1,92,0
92,92,0
1,93,0
93,93,0
1,94,0
94,94,0
1,95,0
95,95,0
1,96,0
96,96,0
1,97,0
97,97,0
1,98,0
98,98,0
1,99,0
99,99,0
1,100,0
100,100,0
1,101,0
101,101,0
1,102,0
102,102,0
1,103,0
103,103,0
1,104,0
104,104,0
1,105,0
105,105,0
1,106,0
106,106,0
1,107,0
107,107,0
1,108,0
108,108,0
1,109,0
109,109,0
1,110,0
110,110,0
1,111,0
111,111,0
1,112,0
112,112,0
1,113,0
113,113,0
1,114,0
114,114,0
1,115,0
115,115,0
1,116,0
116,116,0
1,117,0
117,117,0
1,118,0
118,118,0
1,119,0
118,119,0
1,120,0
117,120,0
1,121,0
117,121,0
1,122,0
117,122,0
1,123,0
117,123,0
1,124,0
117,124,0
1,125,0
117,125,0
1,126,0
117,126,0
1,127,0
117,127,0
1,128,0
117,128,0
1,129,0
115,129,0
1,130,0
111,130,0
1,131,0
111,131,0
1,132,0
111,132,0
1,133,0
111,133,0
1,134,0
110,134,0
1,135,0
108,135,0
1,136,0
108,136,0
1,137,0
108,137,0
1,138,0
107,138,0
1,139,0
106,139,0
1,140,0
105,140,0
1,141,0
104,141,0
1,142,0
103,142,0
1,143,0
101,143,0
1,144,0
101,144,0
1,145,0
100,145,0
1,146,0
99,146,0
1,147,0
97,147,0
1,148,0
95,148,0
1,149,0
95,149,0
1,150,0
95,150,0
1,151,0
95,151,0
1,152,0
93,152,0
1,153,0
93,153,0
1,154,0
93,154,0
1,155,0
91,155,0
1,156,0
91,156,0
1,157,0
88,157,0
1,158,0
87,158,0
1,159,0
87,159,0
1,160,0
86,160,0
1,161,0
86,161,0
1,162,0
85,162,0
1,163,0
85,163,0
1,164,0
85,164,0
1,165,0
85,165,0
1,166,0
82,166,0
1,167,0
82,167,0
1,168,0
82,168,0
1,169,0
82,169,0
1,170,0
80,170,0
1,171,0
80,171,0
1,172,0
79,172,0
1,173,0
77,173,0
1,174,0
77,174,0
1,175,0
77,175,0
1,176,0
77,176,0
1,177,0
76,177,0
1,178,0
76,178,0
1,179,0
76,179,0
1,180,0
76,180,0
1,181,0
76,181,0
1,182,0
76,182,0
1,183,0
75,183,0
1,184,0
75,184,0
1,185,0
74,185,0
1,186,0
73,186,0
1,187,0
72,187,0
1,188,0
72,188,0
1,189,0
71,189,0
1,190,0
70,190,0
1,191,0
70,191,0
1,192,0
70,192,0
1,193,0
70,193,0
1,194,0
70,194,0
1,195,0
69,195,0
1,196,0
69,196,0
1,197,0
66,197,0
1,198,0
66,198,0
1,199,0
65,199,0
1,200,0
65,200,0
1,201,0
65,201,0
1,202,0
65,202,0
1,203,0
64,203,0
1,204,0
64,204,0
1,205,0
62,205,0
1,206,0
62,206,0
1,207,0
62,207,0
1,208,0
62,208,0
1,209,0
62,209,0
1,210,0
61,210,0
1,211,0
61,211,0
1,212,0
61,212,0
1,213,0
58,213,0
1,214,0
58,214,0
1,215,0
58,215,0
1,216,0
58,216,0
1,217,0
58,217,0
1,218,0
58,218,0
1,219,0
57,219,0
1,220,0
57,220,0
1,221,0
57,221,0
1,222,0
56,222,0
1,223,0
56,223,0
1,224,0
56,224,0
1,225,0
56,225,0
1,226,0
56,226,0
1,227,0
56,227,0
1,228,0
56,228,0
1,229,0
56,229,0
1,230,0
55,230,0
1,231,0
54,231,0
1,232,0
54,232,0
1,233,0
54,233,0
1,234,0
54,234,0
1,235,0
54,235,0
1,236,0
54,236,0
1,237,0
54,237,0
1,238,0
54,238,0
1,239,0
53,239,0
1,240,0
53,240,0
1,241,0
53,241,0
1,242,0
53,242,0
1,243,0
53,243,0
1,244,0
50,244,0
1,245,0
50,245,0
1,246,0
49,246,0
1,247,0
49,247,0
1,248,0
49,248,0
1,249,0
49,249,0
1,250,0
49,250,0
1,251,0
48,251,0
1,252,0
48,252,0
1,253,0
47,253,0
1,254,0
47,254,0
1,255,0
46,255,0
1,256,0
46,256,0
1,257,0
45,257,0
1,258,0
45,258,0
1,259,0
45,259,0
1,260,0
45,260,0
1,261,0
45,261,0
1,262,0
45,262,0
1,263,0
45,263,0
1,264,0
45,264,0
1,265,0
45,265,0
1,266,0
45,266,0
1,267,0
44,267,0
1,268,0
44,268,0
1,269,0
44,269,0
1,270,0
44,270,0
1,271,0
43,271,0
1,272,0
43,272,0
1,273,0
43,273,0
1,274,0
42,274,0
1,275,0
42,275,0
1,276,0
42,276,0
1,277,0
42,277,0
1,278,0
42,278,0
1,279,0
40,279,0
1,280,0
40,280,0
1,281,0
39,281,0
1,282,0
39,282,0
1,283,0
39,283,0
1,284,0
38,284,0
1,285,0
37,285,0
1,286,0
36,286,0
1,287,0
36,287,0
1,288,0
34,288,0
1,289,0
34,289,0
1,290,0
34,290,0
1,291,0
34,291,0
1,292,0
34,292,0
1,293,0
34,293,0
1,294,0
34,294,0
1,295,0
34,295,0
1,296,0
33,296,0
1,297,0
33,297,0
1,298,0
33,298,0
1,299,0
32,299,0
1,300,0
32,300,0
1,301,0
32,301,0
1,302,0
32,302,0
1,303,0
32,303,0
1,304,0
32,304,0
1,305,0
32,305,0
1,306,0
32,306,0
1,307,0
32,307,0
1,308,0
32,308,0
1,309,0
32,309,0
1,310,0
32,310,0
1,311,0
32,311,0
1,312,0
32,312,0
1,313,0
32,313,0
1,314,0
32,314,0
1,315,0
32,315,0
1,316,0
32,316,0
1,317,0
32,317,0
1,318,0
32,318,0
1,319,0
32,319,0
1,320,0
32,320,0
1,321,0
31,321,0
1,322,0
31,322,0
1,323,0
31,323,0
1,324,0
31,324,0
1,325,0
31,325,0
1,326,0
31,326,0
1,327,0
31,327,0
1,328,0
31,328,0
1,329,0
31,329,0
1,330,0
31,330,0
1,331,0
31,331,0
1,332,0
31,332,0
1,333,0
31,333,0
1,334,0
31,334,0
1,335,0
30,335,0
1,336,0
30,336,0
1,337,0
29,337,0
1,338,0
29,338,0
1,339,0
29,339,0
1,340,0
28,340,0
1,341,0
28,341,0
1,342,0
28,342,0
1,343,0
28,343,0
1,344,0
28,344,0
1,345,0
28,345,0
1,346,0
27,346,0
1,347,0
27,347,0
1,348,0
27,348,0
1,349,0
27,349,0
1,350,0
27,350,0
1,351,0
27,351,0
1,352,0
27,352,0
1,353,0
27,353,0
1,354,0
27,354,0
1,355,0
27,355,0
1,356,0
27,356,0
1,357,0
27,357,0
1,358,0
27,358,0
1,359,0
26,359,0
1,360,0
26,360,0
1,361,0
26,361,0
1,362,0
26,362,0
1,363,0
25,363,0
1,364,0
25,364,0
1,365,0
25,365,0
1,366,0
25,366,0
1,367,0
25,367,0
1,368,0
24,368,0
1,369,0
24,369,0
1,370,0
24,370,0
1,371,0
24,371,0
1,372,0
24,372,0
1,373,0
24,373,0
1,374,0
24,374,0
1,375,0
24,375,0
1,376,0
24,376,0
1,377,0
24,377,0
1,378,0
24,378,0
1,379,0
23,379,0
1,380,0
23,380,0
1,381,0
23,381,0
1,382,0
23,382,0
1,383,0
23,383,0
1,384,0
23,384,0
1,385,0
23,385,0
1,386,0
22,386,0
1,387,0
22,387,0
1,388,0
22,388,0
1,389,0
22,389,0
1,390,0
22,390,0
1,391,0
22,391,0
1,392,0
22,392,0
1,393,0
22,393,0
1,394,0
22,394,0
1,395,0
21,395,0
1,396,0
21,396,0
1,397,0
21,397,0
1,398,0
21,398,0
1,399,0
21,399,0
1,400,0
21,400,0
1,401,0
21,401,0
1,402,0
21,402,0
1,403,0
21,403,0
1,404,0
21,404,0
1,405,0
21,405,0
1,406,0
21,406,0
1,407,0
21,407,0
1,408,0
21,408,0
1,409,0
21,409,0
1,410,0
20,410,0
1,411,0
20,411,0
1,412,0
20,412,0
1,413,0
20,413,0
1,414,0
20,414,0
1,415,0
20,415,0
1,416,0
20,416,0
1,417,0
19,417,0
1,418,0
19,418,0
1,419,0
19,419,0
1,420,0
19,420,0
1,421,0
19,421,0
1,422,0
19,422,0
1,423,0
19,423,0
1,424,0
19,424,0
1,425,0
19,425,0
1,426,0
19,426,0
1,427,0
19,427,0
1,428,0
19,428,0
1,429,0
19,429,0
1,430,0
19,430,0
1,431,0
19,431,0
1,432,0
19,432,0
1,433,0
19,433,0
1,434,0
19,434,0
1,435,0
19,435,0
1,436,0
19,436,0
1,437,0
19,437,0
1,438,0
18,438,0
1,439,0
18,439,0
1,440,0
17,440,0
1,441,0
17,441,0
1,442,0
17,442,0
1,443,0
17,443,0
1,444,0
17,444,0
1,445,0
17,445,0
1,446,0
17,446,0
1,447,0
17,447,0
1,448,0
15,448,0
1,449,0
14,449,0
1,450,0
14,450,0
1,451,0
14,451,0
1,452,0
14,452,0
1,453,0
14,453,0
1,454,0
14,454,0
1,455,0
14,455,0
1,456,0
14,456,0
1,457,0
14,457,0
1,458,0
13,458,0
1,459,0
13,459,0
1,460,0
13,460,0
1,461,0
13,461,0
1,462,0
13,462,0
1,463,0
13,463,0
1,464,0
13,464,0
1,465,0
13,465,0
1,466,0
13,466,0
1,467,0
13,467,0
1,468,0
13,468,0
1,469,0
13,469,0
1,470,0
13,470,0
1,471,0
13,471,0
1,472,0
13,472,0
1,473,0
13,473,0
1,474,0
13,474,0
1,475,0
13,475,0
1,476,0
13,476,0
1,477,0
13,477,0
1,478,0
13,478,0
1,479,0
13,479,0
1,480,0
13,480,0
1,481,0
13,481,0
1,482,0
13,482,0
1,483,0
13,483,0
1,484,0
13,484,0
1,485,0
13,485,0
1,486,0
13,486,0
1,487,0
13,487,0
1,488,0
13,488,0
1,489,0
13,489,0
1,490,0
13,490,0
1,491,0
13,491,0
1,492,0
13,492,0
1,493,0
13,493,0
1,494,0
12,494,0
1,495,0
12,495,0
1,496,0
12,496,0
1,497,0
12,497,0
1,498,0
12,498,0
1,499,0
12,499,0
1,500,0
12,500,0
1,501,0
12,501,0
1,502,0
12,502,0
1,503,0
12,503,0
1,504,0
12,504,0
1,505,0
12,505,0
1,506,0
12,506,0
1,507,0
12,507,0
1,508,0
12,508,0
1,509,0
12,509,0
1,510,0
12,510,0
1,511,0
11,511,0
1,512,0
11,512,0
1,513,0
11,513,0
1,514,0
11,514,0
1,515,0
11,515,0
1,516,0
11,516,0
1,517,0
11,517,0
1,518,0
11,518,0
1,519,0
11,519,0
1,520,0
11,520,0
1,521,0
11,521,0
1,522,0
11,522,0
1,523,0
11,523,0
1,524,0
11,524,0
1,525,0
11,525,0
1,526,0
10,526,0
1,527,0
10,527,0
1,528,0
10,528,0
1,529,0
10,529,0
1,530,0
9,530,0
1,531,0
8,531,0
1,532,0
8,532,0
1,533,0
8,533,0
1,534,0
7,534,0
1,535,0
7,535,0
1,536,0
7,536,0
1,537,0
7,537,0
1,538,0
7,538,0
1,539,0
6,539,0
1,540,0
6,540,0
1,541,0
6,541,0
1,542,0
6,542,0
1,543,0
6,543,0
1,544,0
6,544,0
1,545,0
6,545,0
1,546,0
6,546,0
1,547,0
6,547,0
1,548,0
6,548,0
1,549,0
6,549,0
1,550,0
6,550,0
1,551,0
6,551,0
1,552,0
6,552,0
1,553,0
6,553,0
1,554,0
6,554,0
1,555,0
6,555,0
1,556,0
6,556,0
1,557,0
6,557,0
1,558,0
6,558,0
1,559,0
6,559,0
1,560,0
6,560,0
1,561,0
6,561,0
1,562,0
6,562,0
1,563,0
6,563,0
1,564,0
6,564,0
1,565,0
6,565,0
1,566,0
6,566,0
1,567,0
6,567,0
1,568,0
6,568,0
1,569,0
6,569,0
1,570,0
6,570,0
1,571,0
6,571,0
1,572,0
6,572,0
1,573,0
6,573,0
1,574,0
6,574,0
1,575,0
6,575,0
1,576,0
6,576,0
1,577,0
6,577,0
1,578,0
6,578,0
1,579,0
6,579,0
1,580,0
6,580,0
1,581,0
6,581,0
1,582,0
6,582,0
1,583,0
6,583,0
1,584,0
6,584,0
1,585,0
6,585,0
1,586,0
6,586,0
1,587,0
6,587,0
1,588,0
6,588,0
1,589,0
6,589,0
1,590,0
6,590,0
1,591,0
6,591,0
1,592,0
6,592,0
1,593,0
6,593,0
1,594,0
6,594,0
1,595,0
6,595,0
1,596,0
6,596,0
1,597,0
6,597,0
1,598,0
6,598,0
1,599,0
6,599,0
1,600,0
6,600,0
1,601,0
6,601,0
1,602,0
6,602,0
1,603,0
6,603,0
1,604,0
6,604,0
1,605,0
6,605,0
1,606,0
6,606,0
1,607,0
6,607,0
1,608,0
6,608,0
1,609,0
6,609,0
1,610,0
6,610,0
1,611,0
6,611,0
1,612,0
6,612,0
1,613,0
6,613,0
1,614,0
6,614,0
1,615,0
6,615,0
1,616,0
6,616,0
1,617,0
6,617,0
1,618,0
6,618,0
1,619,0
6,619,0
1,620,0
6,620,0
1,621,0
6,621,0
1,622,0
6,622,0
1,623,0
6,623,0
1,624,0
6,624,0
1,625,0
6,625,0
1,626,0
6,626,0
1,627,0
6,627,0
1,628,0
5,628,0
1,629,0
5,629,0
1,630,0
5,630,0
1,631,0
5,631,0
1,632,0
4,632,0
1,633,0
4,633,0
1,634,0
4,634,0
1,635,0
4,635,0
1,636,0
4,636,0
1,637,0
4,637,0
1,638,0
4,638,0
1,639,0
4,639,0
1,640,0
4,640,0
1,641,0
4,641,0
1,642,0
4,642,0
1,643,0
4,643,0
1,644,0
4,644,0
1,645,0
4,645,0
1,646,0
4,646,0
1,647,0
4,647,0
1,648,0
4,648,0
1,649,0
4,649,0
1,650,0
3,650,0
1,651,0
3,651,0
1,652,0
3,652,0
1,653,0
3,653,0
1,654,0
3,654,0
1,655,0
3,655,0
1,656,0
3,656,0
1,657,0
3,657,0
1,658,0
3,658,0
1,659,0
3,659,0
1,660,0
3,660,0
1,661,0
3,661,0
1,662,0
3,662,0
1,663,0
3,663,0
1,664,0
3,664,0
1,665,0
3,665,0
1,666,0
3,666,0
1,667,0
3,667,0
1,668,0
3,668,0
1,669,0
3,669,0
1,670,0
3,670,0
1,671,0
3,671,0
1,672,0
3,672,0
1,673,0
3,673,0
1,674,0
3,674,0
1,675,0
3,675,0
1,676,0
3,676,0
1,677,0
3,677,0
1,678,0
3,678,0
1,679,0
3,679,0
1,680,0
3,680,0
1,681,0
3,681,0
1,682,0
3,682,0
1,683,0
3,683,0
1,684,0
3,684,0
1,685,0
3,685,0
1,686,0
3,686,0
1,687,0
3,687,0
1,688,0
3,688,0
1,689,0
3,689,0
1,690,0
3,690,0
1,691,0
3,691,0
1,692,0
3,692,0
1,693,0
3,693,0
1,694,0
3,694,0
1,695,0
3,695,0
1,696,0
3,696,0
1,697,0
3,697,0
1,698,0
3,698,0
1,699,0
3,699,0
1,700,0
3,700,0
1,701,0
3,701,0
1,702,0
3,702,0
1,703,0
3,703,0
1,704,0
3,704,0
1,705,0
3,705,0
1,706,0
3,706,0
1,707,0
3,707,0
1,708,0
3,708,0
1,709,0
3,709,0
1,710,0
3,710,0
1,711,0
3,711,0
1,712,0
3,712,0
1,713,0
3,713,0
1,714,0
3,714,0
1,715,0
3,715,0
1,716,0
3,716,0
1,717,0
3,717,0
1,718,0
3,718,0
1,719,0
3,719,0
1,720,0
3,720,0
1,721,0
3,721,0
1,722,0
3,722,0
1,723,0
3,723,0
1,724,0
3,724,0
1,725,0
3,725,0
1,726,0
3,726,0
1,727,0
3,727,0
1,728,0
3,728,0
1,729,0
3,729,0
1,730,0
3,730,0
1,731,0
3,731,0
1,732,0
3,732,0
1,733,0
3,733,0
1,734,0
3,734,0
1,735,0
3,735,0
1,736,0
3,736,0
1,737,0
3,737,0
1,738,0
3,738,0
1,739,0
3,739,0
1,740,0
3,740,0
1,741,0
3,741,0
1,742,0
3,742,0
1,743,0
3,743,0
1,744,0
3,744,0
1,745,0
3,745,0
1,746,0
3,746,0
1,747,0
3,747,0
1,748,0
3,748,0
1,749,0
3,749,0
1,750,0
3,750,0
1,751,0
3,751,0
1,752,0
3,752,0
1,753,0
3,753,0
1,754,0
3,754,0
1,755,0
3,755,0
1,756,0
3,756,0
1,757,0
3,757,0
1,758,0
3,758,0
1,759,0
3,759,0
1,760,0
3,760,0
1,761,0
2,761,0
1,762,0
2,762,0
1,763,0
2,763,0
1,764,0
2,764,0
1,765,0
2,765,0
1,766,0
2,766,0
1,767,0
2,767,0
1,768,0
2,768,0
1,769,0
2,769,0
1,770,0
2,770,0
1,771,0
2,771,0
1,772,0
2,772,0
1,773,0
2,773,0
1,774,0
2,774,0
1,775,0
2,775,0
1,776,0
2,776,0
1,777,0
1,777,0
1,778,0
1,778,0
1,779,0
1,779,0
1,780,0
1,780,0
1,781,0
1,781,0
1,782,0
1,782,0
1,783,0
1,783,0
1,784,0
1,784,0
1,785,0
1,785,0
1,786,0
1,786,0
1,787,0
1,787,0
1,788,0
1,788,0
1,789,0
1,789,0
1,790,0
1,790,0
1,791,0
1,791,0
1,792,0
1,792,0
1,793,0
1,793,0
1,794,0
1,794,0
1,795,0
1,795,0
1,796,0
1,796,0
1,797,0
1,797,0
1,798,0
1,798,0
1,799,0
1,799,0
1,800,0
1,800,0
1,801,0
1,801,0
1,802,0
1,802,0
1,803,0
1,803,0
1,804,0
1,804,0
1,805,0
1,805,0
1,806,0
1,806,0
1,807,0
1,807,0
1,808,0
1,808,0
1,809,0
1,809,0
1,810,0
1,810,0
1,811,0
1,811,0
1,812,0
1,812,0
1,813,0
1,813,0
1,814,0
1,814,0
1,815,0
1,815,0
1,816,0
1,816,0
1,817,0
1,817,0
1,818,0
1,818,0
1,819,0
1,819,0
1,820,0
1,820,0
1,821,0
1,821,0
1,822,0
1,822,0
1,823,0
1,823,0
1,824,0
1,824,0
1,825,0
1,825,0
1,826,0
1,826,0
1,827,0
1,827,0
1,828,0
1,828,0
1,829,0
1,829,0
1,830,0
1,830,0
1,831,0
1,831,0
1,832,0
1,832,0
1,833,0
1,833,0
1,834,0
1,834,0
1,835,0
1,835,0
1,836,0
1,836,0
1,837,0
1,837,0
1,838,0
1,838,0
1,839,0
1,839,0
1,840,0
1,840,0
1,841,0
1,841,0
1,842,0
1,842,0
1,843,0
1,843,0
1,844,0
1,844,0
1,845,0
1,845,0
1,846,0
1,846,0
1,847,0
1,847,0
1,848,0
1,848,0
1,849,0
1,849,0
1,850,0
1,850,0
1,851,0
1,851,0
1,852,0
1,852,0
1,853,0
1,853,0
1,854,0
1,854,0
1,855,0
1,855,0
1,856,0
1,856,0
1,857,0
1,857,0
1,858,0
1,858,0
1,859,0
1,859,0
1,860,0
1,860,0
1,861,0
1,861,0
1,862,0
1,862,0
1,863,0
1,863,0
1,864,0
1,864,0
1,865,0
1,865,0
1,866,0
1,866,0
1,867,0
1,867,0
1,868,0
1,868,0
1,869,0
1,869,0
1,870,0
1,870,0
1,871,0
1,871,0
1,872,0
1,872,0
1,873,0
1,873,0
1,874,0
1,874,0
1,875,0
1,875,0
1,876,0
1,876,0
1,877,0
1,877,0
1,878,0
1,878,0
1,879,0
1,879,0
1,880,0
1,880,0
1,881,0
1,881,0
1,882,0
1,882,0
1,883,0
1,883,0
1,884,0
1,884,0
1,885,0
1,885,0
1,886,0
1,886,0
1,887,0
1,887,0
1,888,0
1,888,0
1,889,0
1,889,0
1,890,0
1,890,0
1,891,0
1,891,0
1,892,0
1,892,0
1,893,0
1,893,0
1,894,0
1,894,0
1,895,0
1,895,0
1,896,0
1,896,0
1,897,0
1,897,0
1,898,0
1,898,0
1,899,0
1,899,0
1,900,0
1,900,0
1,901,0
1,901,0
1,902,0
1,902,0
1,903,0
1,903,0
1,904,0
1,904,0
1,905,0
1,905,0
1,906,0
1,906,0
1,907,0
1,907,0
1,908,0
1,908,0
1,909,0
1,909,0
1,910,0
1,910,0
1,911,0
1,911,0
1,912,0
1,912,0
1,913,0
1,913,0
1,914,0
1,914,0
1,915,0
1,915,0
1,916,0
1,916,0
1,917,0
1,917,0
1,918,0
1,918,0
1,919,0
1,919,0
1,920,0
1,920,0
1,921,0
1,921,0
1,922,0
1,922,0
1,923,0
1,923,0
1,924,0
1,924,0
1,925,0
1,925,0
1,926,0
1,926,0
1,927,0
1,927,0
1,928,0
1,928,0
1,929,0
1,929,0
1,930,0
1,930,0
1,931,0
1,931,0
1,932,0
1,932,0
1,933,0
1,933,0
1,934,0
1,934,0
1,935,0
1,935,0
1,936,0
1,936,0
1,937,0
1,937,0
1,938,0
1,938,0
1,939,0
1,939,0
1,940,0
1,940,0
1,941,0
1,941,0
1,942,0
1,942,0
1,943,0
1,943,0
1,944,0
1,944,0
1,945,0
1,945,0
1,946,0
1,946,0
1,947,0
1,947,0
1,948,0
1,948,0
1,949,0
1,949,0
1,950,0
1,950,0
1,951,0
1,951,0
1,952,0
1,952,0
1,953,0
1,953,0
1,954,0
1,954,0
1,955,0
1,955,0
1,956,0
1,956,0
1,957,0
1,957,0
1,958,0
1,958,0
1,959,0
1,959,0
1,960,0
1,960,0
1,961,0
1,961,0
1,962,0
1,962,0
1,963,0
1,963,0
1,964,0
1,964,0
1,965,0
1,965,0
1,966,0
1,966,0
