1,1,0
116,1,0
1,2,0
116,2,0
1,3,0
115,3,0
1,4,0
115,4,0
1,5,0
114,5,0
1,6,0
113,6,0
1,7,0
113,7,0
1,8,0
113,8,0
1,9,0
113,9,0
1,10,0
113,10,0
1,11,0
113,11,0
1,12,0
112,12,0
1,13,0
111,13,0
1,14,0
111,14,0
1,15,0
111,15,0
1,16,0
111,16,0
1,17,0
110,17,0
1,18,0
110,18,0
1,19,0
110,19,0
1,20,0
110,20,0
1,21,0
110,21,0
1,22,0
110,22,0
1,23,0
109,23,0
1,24,0
108,24,0
1,25,0
107,25,0
1,26,0
107,26,0
1,27,0
106,27,0
1,28,0
105,28,0
1,29,0
105,29,0
1,30,0
104,30,0
1,31,0
103,31,0
1,32,0
102,32,0
1,33,0
102,33,0
1,34,0
101,34,0
1,35,0
101,35,0
1,36,0
101,36,0
1,37,0
101,37,0
1,38,0
101,38,0
1,39,0
100,39,0
1,40,0
99,40,0
1,41,0
99,41,0
1,42,0
99,42,0
1,43,0
99,43,0
1,44,0
98,44,0
1,45,0
97,45,0
1,46,0
97,46,0
1,47,0
96,47,0
1,48,0
95,48,0
1,49,0
95,49,0
1,50,0
94,50,0
1,51,0
93,51,0
1,52,0
92,52,0
1,53,0
92,53,0
1,54,0
92,54,0
1,55,0
91,55,0
1,56,0
90,56,0
1,57,0
90,57,0
1,58,0
90,58,0
1,59,0
90,59,0
1,60,0
90,60,0
1,61,0
89,61,0
1,62,0
89,62,0
1,63,0
89,63,0
1,64,0
89,64,0
1,65,0
89,65,0
1,66,0
89,66,0
1,67,0
88,67,0
1,68,0
88,68,0
1,69,0
87,69,0
1,70,0
86,70,0
1,71,0
85,71,0
1,72,0
85,72,0
1,73,0
84,73,0
1,74,0
83,74,0
1,75,0
83,75,0
1,76,0
83,76,0
1,77,0
83,77,0
1,78,0
83,78,0
1,79,0
83,79,0
1,80,0
83,80,0
1,81,0
83,81,0
1,82,0
83,82,0
1,83,0
82,83,0
1,84,0
82,84,0
1,85,0
81,85,0
1,86,0
81,86,0
1,87,0
81,87,0
1,88,0
81,88,0
1,89,0
80,89,0
1,90,0
80,90,0
1,91,0
80,91,0
1,92,0
80,92,0
1,93,0
80,93,0
1,94,0
80,94,0
1,95,0
80,95,0
1,96,0
79,96,0
1,97,0
79,97,0
1,98,0
78,98,0
1,99,0
77,99,0
1,100,0
77,100,0
1,101,0
76,101,0
1,102,0
76,102,0
1,103,0
76,103,0
1,104,0
75,104,0
1,105,0
75,105,0
1,106,0
74,106,0
1,107,0
74,107,0
1,108,0
74,108,0
1,109,0
73,109,0
1,110,0
73,110,0
1,111,0
72,111,0
1,112,0
72,112,0
1,113,0
72,113,0
1,114,0
72,114,0
1,115,0
72,115,0
1,116,0
72,116,0
1,117,0
72,117,0
1,118,0
72,118,0
1,119,0
72,119,0
1,120,0
71,120,0
1,121,0
71,121,0
1,122,0
71,122,0
1,123,0
71,123,0
1,124,0
71,124,0
1,125,0
71,125,0
1,126,0
70,126,0
1,127,0
70,127,0
1,128,0
70,128,0
1,129,0
69,129,0
1,130,0
69,130,0
1,131,0
69,131,0
1,132,0
69,132,0
1,133,0
69,133,0
1,134,0
69,134,0
1,135,0
69,135,0
1,136,0
68,136,0
1,137,0
68,137,0
1,138,0
67,138,0
1,139,0
67,139,0
1,140,0
67,140,0
1,141,0
66,141,0
1,142,0
66,142,0
1,143,0
65,143,0
1,144,0
65,144,0
1,145,0
65,145,0
1,146,0
64,146,0
1,147,0
64,147,0
1,148,0
63,148,0
1,149,0
63,149,0
1,150,0
63,150,0
1,151,0
63,151,0
1,152,0
63,152,0
1,153,0
63,153,0
1,154,0
63,154,0
1,155,0
62,155,0
1,156,0
62,156,0
1,157,0
62,157,0
1,158,0
62,158,0
1,159,0
62,159,0
1,160,0
61,160,0
1,161,0
61,161,0
1,162,0
61,162,0
1,163,0
61,163,0
1,164,0
61,164,0
1,165,0
60,165,0
1,166,0
60,166,0
1,167,0
59,167,0
1,168,0
59,168,0
1,169,0
58,169,0
1,170,0
58,170,0
1,171,0
58,171,0
1,172,0
58,172,0
1,173,0
57,173,0
1,174,0
57,174,0
1,175,0
56,175,0
1,176,0
56,176,0
1,177,0
56,177,0
1,178,0
56,178,0
1,179,0
56,179,0
1,180,0
56,180,0
1,181,0
56,181,0
1,182,0
56,182,0
1,183,0
56,183,0
1,184,0
56,184,0
1,185,0
56,185,0
1,186,0
55,186,0
1,187,0
55,187,0
1,188,0
55,188,0
1,189,0
55,189,0
1,190,0
55,190,0
1,191,0
55,191,0
1,192,0
55,192,0
1,193,0
55,193,0
1,194,0
54,194,0
1,195,0
54,195,0
1,196,0
54,196,0
1,197,0
54,197,0
1,198,0
54,198,0
1,199,0
54,199,0
1,200,0
53,200,0
1,201,0
52,201,0
1,202,0
52,202,0
1,203,0
51,203,0
1,204,0
50,204,0
1,205,0
49,205,0
1,206,0
49,206,0
1,207,0
49,207,0
1,208,0
49,208,0
1,209,0
48,209,0
1,210,0
48,210,0
1,211,0
47,211,0
1,212,0
47,212,0
1,213,0
47,213,0
1,214,0
47,214,0
1,215,0
47,215,0
1,216,0
47,216,0
1,217,0
46,217,0
1,218,0
46,218,0
1,219,0
46,219,0
1,220,0
45,220,0
1,221,0
45,221,0
1,222,0
45,222,0
1,223,0
44,223,0
1,224,0
44,224,0
1,225,0
44,225,0
1,226,0
44,226,0
1,227,0
44,227,0
1,228,0
43,228,0
1,229,0
43,229,0
1,230,0
43,230,0
1,231,0
43,231,0
1,232,0
43,232,0
1,233,0
43,233,0
1,234,0
42,234,0
1,235,0
42,235,0
1,236,0
42,236,0
1,237,0
42,237,0
1,238,0
41,238,0
1,239,0
41,239,0
1,240,0
41,240,0
1,241,0
41,241,0
1,242,0
41,242,0
1,243,0
41,243,0
1,244,0
41,244,0
1,245,0
41,245,0
1,246,0
40,246,0
1,247,0
40,247,0
1,248,0
40,248,0
1,249,0
40,249,0
1,250,0
40,250,0
1,251,0
40,251,0
1,252,0
40,252,0
1,253,0
39,253,0
1,254,0
39,254,0
1,255,0
39,255,0
1,256,0
38,256,0
1,257,0
38,257,0
1,258,0
38,258,0
1,259,0
38,259,0
1,260,0
38,260,0
1,261,0
37,261,0
1,262,0
37,262,0
1,263,0
37,263,0
1,264,0
37,264,0
1,265,0
37,265,0
1,266,0
37,266,0
1,267,0
37,267,0
1,268,0
36,268,0
1,269,0
36,269,0
1,270,0
36,270,0
1,271,0
36,271,0
1,272,0
35,272,0
1,273,0
35,273,0
1,274,0
35,274,0
1,275,0
35,275,0
1,276,0
35,276,0
1,277,0
35,277,0
1,278,0
34,278,0
1,279,0
33,279,0
1,280,0
33,280,0
1,281,0
33,281,0
1,282,0
33,282,0
1,283,0
33,283,0
1,284,0
33,284,0
1,285,0
32,285,0
1,286,0
31,286,0
1,287,0
31,287,0
1,288,0
31,288,0
1,289,0
31,289,0
1,290,0
31,290,0
1,291,0
31,291,0
1,292,0
31,292,0
1,293,0
31,293,0
1,294,0
31,294,0
1,295,0
31,295,0
1,296,0
31,296,0
1,297,0
31,297,0
1,298,0
30,298,0
1,299,0
29,299,0
1,300,0
29,300,0
1,301,0
29,301,0
1,302,0
29,302,0
1,303,0
29,303,0
1,304,0
29,304,0
1,305,0
28,305,0
1,306,0
28,306,0
1,307,0
28,307,0
1,308,0
28,308,0
1,309,0
28,309,0
1,310,0
28,310,0
1,311,0
27,311,0
1,312,0
27,312,0
1,313,0
27,313,0
1,314,0
27,314,0
1,315,0
27,315,0
1,316,0
27,316,0
1,317,0
26,317,0
1,318,0
25,318,0
1,319,0
25,319,0
1,320,0
24,320,0
1,321,0
24,321,0
1,322,0
24,322,0
1,323,0
24,323,0
1,324,0
24,324,0
1,325,0
24,325,0
1,326,0
24,326,0
1,327,0
24,327,0
1,328,0
24,328,0
1,329,0
24,329,0
1,330,0
24,330,0
1,331,0
24,331,0
1,332,0
24,332,0
1,333,0
24,333,0
1,334,0
24,334,0
1,335,0
24,335,0
1,336,0
24,336,0
1,337,0
24,337,0
1,338,0
24,338,0
1,339,0
24,339,0
1,340,0
24,340,0
1,341,0
24,341,0
1,342,0
23,342,0
1,343,0
23,343,0
1,344,0
23,344,0
1,345,0
23,345,0
1,346,0
23,346,0
1,347,0
23,347,0
1,348,0
23,348,0
1,349,0
23,349,0
1,350,0
23,350,0
1,351,0
23,351,0
1,352,0
23,352,0
1,353,0
23,353,0
1,354,0
23,354,0
1,355,0
23,355,0
1,356,0
23,356,0
1,357,0
23,357,0
1,358,0
23,358,0
1,359,0
23,359,0
1,360,0
23,360,0
1,361,0
23,361,0
1,362,0
23,362,0
1,363,0
23,363,0
1,364,0
23,364,0
1,365,0
23,365,0
1,366,0
23,366,0
1,367,0
23,367,0
1,368,0
23,368,0
1,369,0
23,369,0
1,370,0
23,370,0
1,371,0
23,371,0
1,372,0
23,372,0
1,373,0
23,373,0
1,374,0
23,374,0
1,375,0
23,375,0
1,376,0
23,376,0
1,377,0
23,377,0
1,378,0
23,378,0
1,379,0
23,379,0
1,380,0
23,380,0
1,381,0
23,381,0
1,382,0
23,382,0
1,383,0
23,383,0
1,384,0
23,384,0
1,385,0
23,385,0
1,386,0
23,386,0
1,387,0
23,387,0
1,388,0
23,388,0
1,389,0
22,389,0
1,390,0
22,390,0
1,391,0
22,391,0
1,392,0
22,392,0
1,393,0
21,393,0
1,394,0
21,394,0
1,395,0
21,395,0
1,396,0
20,396,0
1,397,0
20,397,0
1,398,0
19,398,0
1,399,0
19,399,0
1,400,0
19,400,0
1,401,0
19,401,0
1,402,0
19,402,0
1,403,0
19,403,0
1,404,0
19,404,0
1,405,0
19,405,0
1,406,0
19,406,0
1,407,0
19,407,0
1,408,0
19,408,0
1,409,0
19,409,0
1,410,0
19,410,0
1,411,0
19,411,0
1,412,0
19,412,0
1,413,0
19,413,0
1,414,0
19,414,0
1,415,0
19,415,0
1,416,0
19,416,0
1,417,0
19,417,0
1,418,0
19,418,0
1,419,0
19,419,0
1,420,0
19,420,0
1,421,0
18,421,0
1,422,0
18,422,0
1,423,0
18,423,0
1,424,0
18,424,0
1,425,0
18,425,0
1,426,0
18,426,0
1,427,0
17,427,0
1,428,0
17,428,0
1,429,0
17,429,0
1,430,0
17,430,0
1,431,0
17,431,0
1,432,0
17,432,0
1,433,0
16,433,0
1,434,0
16,434,0
1,435,0
16,435,0
1,436,0
16,436,0
1,437,0
16,437,0
1,438,0
16,438,0
1,439,0
15,439,0
1,440,0
15,440,0
1,441,0
14,441,0
1,442,0
13,442,0
1,443,0
13,443,0
1,444,0
13,444,0
1,445,0
13,445,0
1,446,0
13,446,0
1,447,0
13,447,0
1,448,0
13,448,0
1,449,0
13,449,0
1,450,0
13,450,0
1,451,0
13,451,0
1,452,0
13,452,0
1,453,0
13,453,0
1,454,0
13,454,0
1,455,0
13,455,0
1,456,0
13,456,0
1,457,0
13,457,0
1,458,0
13,458,0
1,459,0
13,459,0
1,460,0
13,460,0
1,461,0
13,461,0
1,462,0
13,462,0
1,463,0
13,463,0
1,464,0
13,464,0
1,465,0
13,465,0
1,466,0
13,466,0
1,467,0
12,467,0
1,468,0
12,468,0
1,469,0
12,469,0
1,470,0
12,470,0
1,471,0
12,471,0
1,472,0
12,472,0
1,473,0
12,473,0
1,474,0
12,474,0
1,475,0
12,475,0
1,476,0
12,476,0
1,477,0
12,477,0
1,478,0
12,478,0
1,479,0
12,479,0
1,480,0
12,480,0
1,481,0
12,481,0
1,482,0
12,482,0
1,483,0
12,483,0
1,484,0
12,484,0
1,485,0
12,485,0
1,486,0
12,486,0
1,487,0
12,487,0
1,488,0
11,488,0
1,489,0
11,489,0
1,490,0
11,490,0
1,491,0
10,491,0
1,492,0
10,492,0
1,493,0
10,493,0
1,494,0
10,494,0
1,495,0
10,495,0
1,496,0
10,496,0
1,497,0
10,497,0
1,498,0
9,498,0
1,499,0
9,499,0
1,500,0
9,500,0
1,501,0
9,501,0
1,502,0
9,502,0
1,503,0
9,503,0
1,504,0
9,504,0
1,505,0
9,505,0
1,506,0
9,506,0
1,507,0
9,507,0
1,508,0
9,508,0
1,509,0
9,509,0
1,510,0
9,510,0
1,511,0
9,511,0
1,512,0
9,512,0
1,513,0
9,513,0
1,514,0
9,514,0
1,515,0
9,515,0
1,516,0
9,516,0
1,517,0
9,517,0
1,518,0
9,518,0
1,519,0
9,519,0
1,520,0
8,520,0
1,521,0
8,521,0
1,522,0
8,522,0
1,523,0
8,523,0
1,524,0
7,524,0
1,525,0
7,525,0
1,526,0
7,526,0
1,527,0
7,527,0
1,528,0
7,528,0
1,529,0
7,529,0
1,530,0
7,530,0
1,531,0
7,531,0
1,532,0
7,532,0
1,533,0
7,533,0
1,534,0
7,534,0
1,535,0
7,535,0
1,536,0
7,536,0
1,537,0
7,537,0
1,538,0
7,538,0
1,539,0
7,539,0
1,540,0
7,540,0
1,541,0
7,541,0
1,542,0
7,542,0
1,543,0
7,543,0
1,544,0
7,544,0
1,545,0
7,545,0
1,546,0
7,546,0
1,547,0
7,547,0
1,548,0
7,548,0
1,549,0
7,549,0
1,550,0
7,550,0
1,551,0
7,551,0
1,552,0
7,552,0
1,553,0
7,553,0
1,554,0
7,554,0
1,555,0
7,555,0
1,556,0
7,556,0
1,557,0
7,557,0
1,558,0
7,558,0
1,559,0
7,559,0
1,560,0
7,560,0
1,561,0
7,561,0
1,562,0
7,562,0
1,563,0
7,563,0
1,564,0
7,564,0
1,565,0
7,565,0
1,566,0
7,566,0
1,567,0
7,567,0
1,568,0
7,568,0
1,569,0
7,569,0
1,570,0
7,570,0
1,571,0
7,571,0
1,572,0
7,572,0
1,573,0
7,573,0
1,574,0
7,574,0
1,575,0
7,575,0
1,576,0
7,576,0
1,577,0
7,577,0
1,578,0
7,578,0
1,579,0
7,579,0
1,580,0
7,580,0
1,581,0
7,581,0
1,582,0
7,582,0
1,583,0
7,583,0
1,584,0
7,584,0
1,585,0
7,585,0
1,586,0
7,586,0
1,587,0
7,587,0
1,588,0
7,588,0
1,589,0
7,589,0
1,590,0
7,590,0
1,591,0
7,591,0
1,592,0
7,592,0
1,593,0
7,593,0
1,594,0
7,594,0
1,595,0
7,595,0
1,596,0
7,596,0
1,597,0
7,597,0
1,598,0
7,598,0
1,599,0
7,599,0
1,600,0
7,600,0
1,601,0
7,601,0
1,602,0
7,602,0
1,603,0
7,603,0
1,604,0
7,604,0
1,605,0
7,605,0
1,606,0
7,606,0
1,607,0
7,607,0
1,608,0
7,608,0
1,609,0
7,609,0
1,610,0
7,610,0
1,611,0
7,611,0
1,612,0
7,612,0
1,613,0
7,613,0
1,614,0
7,614,0
1,615,0
7,615,0
1,616,0
7,616,0
1,617,0
7,617,0
1,618,0
7,618,0
1,619,0
7,619,0
1,620,0
7,620,0
1,621,0
7,621,0
1,622,0
7,622,0
1,623,0
7,623,0
1,624,0
7,624,0
1,625,0
7,625,0
1,626,0
7,626,0
1,627,0
7,627,0
1,628,0
7,628,0
1,629,0
7,629,0
1,630,0
7,630,0
1,631,0
7,631,0
1,632,0
7,632,0
1,633,0
7,633,0
1,634,0
7,634,0
1,635,0
7,635,0
1,636,0
7,636,0
1,637,0
7,637,0
1,638,0
7,638,0
1,639,0
7,639,0
1,640,0
7,640,0
1,641,0
6,641,0
1,642,0
6,642,0
1,643,0
6,643,0
1,644,0
6,644,0
1,645,0
6,645,0
1,646,0
6,646,0
1,647,0
6,647,0
1,648,0
6,648,0
1,649,0
6,649,0
1,650,0
6,650,0
1,651,0
5,651,0
1,652,0
5,652,0
1,653,0
5,653,0
1,654,0
5,654,0
1,655,0
5,655,0
1,656,0
5,656,0
1,657,0
5,657,0
1,658,0
5,658,0
1,659,0
5,659,0
1,660,0
5,660,0
1,661,0
5,661,0
1,662,0
5,662,0
1,663,0
5,663,0
1,664,0
4,664,0
1,665,0
4,665,0
1,666,0
4,666,0
1,667,0
4,667,0
1,668,0
4,668,0
1,669,0
4,669,0
1,670,0
4,670,0
1,671,0
4,671,0
1,672,0
4,672,0
1,673,0
4,673,0
1,674,0
4,674,0
1,675,0
4,675,0
1,676,0
4,676,0
1,677,0
4,677,0
1,678,0
4,678,0
1,679,0
4,679,0
1,680,0
4,680,0
1,681,0
4,681,0
1,682,0
4,682,0
1,683,0
4,683,0
1,684,0
4,684,0
1,685,0
4,685,0
1,686,0
4,686,0
1,687,0
4,687,0
1,688,0
4,688,0
1,689,0
4,689,0
1,690,0
4,690,0
1,691,0
4,691,0
1,692,0
4,692,0
1,693,0
4,693,0
1,694,0
4,694,0
1,695,0
4,695,0
1,696,0
4,696,0
1,697,0
4,697,0
1,698,0
4,698,0
1,699,0
4,699,0
1,700,0
4,700,0
1,701,0
4,701,0
1,702,0
4,702,0
1,703,0
4,703,0
1,704,0
4,704,0
1,705,0
4,705,0
1,706,0
4,706,0
1,707,0
4,707,0
1,708,0
4,708,0
1,709,0
4,709,0
1,710,0
4,710,0
1,711,0
4,711,0
1,712,0
4,712,0
1,713,0
4,713,0
1,714,0
4,714,0
1,715,0
4,715,0
1,716,0
4,716,0
1,717,0
4,717,0
1,718,0
4,718,0
1,719,0
3,719,0
1,720,0
3,720,0
1,721,0
3,721,0
1,722,0
3,722,0
1,723,0
3,723,0
1,724,0
3,724,0
1,725,0
3,725,0
1,726,0
3,726,0
1,727,0
3,727,0
1,728,0
3,728,0
1,729,0
3,729,0
1,730,0
3,730,0
1,731,0
3,731,0
1,732,0
3,732,0
1,733,0
3,733,0
1,734,0
3,734,0
1,735,0
3,735,0
1,736,0
3,736,0
1,737,0
3,737,0
1,738,0
3,738,0
1,739,0
3,739,0
1,740,0
3,740,0
1,741,0
3,741,0
1,742,0
3,742,0
1,743,0
3,743,0
1,744,0
3,744,0
1,745,0
3,745,0
1,746,0
3,746,0
1,747,0
3,747,0
1,748,0
3,748,0
1,749,0
3,749,0
1,750,0
3,750,0
1,751,0
3,751,0
1,752,0
3,752,0
1,753,0
3,753,0
1,754,0
3,754,0
1,755,0
3,755,0
1,756,0
3,756,0
1,757,0
3,757,0
1,758,0
3,758,0
1,759,0
3,759,0
1,760,0
3,760,0
1,761,0
3,761,0
1,762,0
3,762,0
1,763,0
3,763,0
1,764,0
3,764,0
1,765,0
3,765,0
1,766,0
3,766,0
1,767,0
3,767,0
1,768,0
3,768,0
1,769,0
2,769,0
1,770,0
2,770,0
1,771,0
2,771,0
1,772,0
2,772,0
1,773,0
2,773,0
1,774,0
1,774,0
1,775,0
1,775,0
1,776,0
1,776,0
1,777,0
1,777,0
1,778,0
1,778,0
1,779,0
1,779,0
1,780,0
1,780,0
1,781,0
1,781,0
1,782,0
1,782,0
1,783,0
1,783,0
1,784,0
1,784,0
1,785,0
1,785,0
1,786,0
1,786,0
1,787,0
1,787,0
1,788,0
1,788,0
1,789,0
1,789,0
1,790,0
1,790,0
1,791,0
1,791,0
1,792,0
1,792,0
1,793,0
1,793,0
1,794,0
1,794,0
