2,2,0
2,2,0
2,3,0
4,3,0
2,4,0
6,4,0
2,5,0
8,5,0
2,6,0
10,6,0
2,7,0
12,7,0
2,8,0
14,8,0
2,9,0
16,9,0
2,10,0
18,10,0
2,11,0
20,11,0
2,12,0
22,12,0
2,13,0
24,13,0
2,14,0
26,14,0
2,15,0
28,15,0
2,16,0
30,16,0
2,17,0
32,17,0
2,18,0
34,18,0
2,19,0
36,19,0
2,20,0
38,20,0
2,21,0
40,21,0
2,22,0
42,22,0
2,23,0
44,23,0
2,24,0
46,24,0
2,25,0
48,25,0
2,26,0
50,26,0
2,27,0
52,27,0
2,28,0
54,28,0
2,29,0
56,29,0
2,30,0
58,30,0
2,31,0
60,31,0
2,32,0
62,32,0
2,33,0
64,33,0
2,34,0
66,34,0
2,35,0
68,35,0
2,36,0
70,36,0
2,37,0
72,37,0
2,38,0
74,38,0
2,39,0
76,39,0
2,40,0
78,40,0
2,41,0
80,41,0
2,42,0
82,42,0
2,43,0
84,43,0
2,44,0
86,44,0
2,45,0
88,45,0
2,46,0
90,46,0
2,47,0
92,47,0
2,48,0
94,48,0
2,49,0
96,49,0
2,50,0
98,50,0
2,51,0
100,51,0
2,52,0
102,52,0
2,53,0
104,53,0
2,54,0
106,54,0
2,55,0
108,55,0
2,56,0
110,56,0
2,57,0
112,57,0
2,58,0
114,58,0
2,59,0
116,59,0
2,60,0
118,60,0
2,61,0
120,61,0
2,62,0
122,62,0
2,63,0
124,63,0
2,64,0
126,64,0
2,65,0
128,65,0
2,66,0
130,66,0
2,67,0
132,67,0
2,68,0
134,68,0
2,69,0
136,69,0
2,70,0
138,70,0
2,71,0
140,71,0
2,72,0
142,72,0
2,73,0
144,73,0
2,74,0
146,74,0
2,75,0
148,75,0
2,76,0
150,76,0
2,77,0
152,77,0
2,78,0
154,78,0
2,79,0
156,79,0
2,80,0
158,80,0
2,81,0
160,81,0
2,82,0
162,82,0
2,83,0
164,83,0
2,84,0
166,84,0
2,85,0
168,85,0
2,86,0
170,86,0
2,87,0
172,87,0
2,88,0
174,88,0
2,89,0
176,89,0
2,90,0
178,90,0
2,91,0
180,91,0
2,92,0
182,92,0
2,93,0
184,93,0
2,94,0
186,94,0
2,95,0
188,95,0
2,96,0
190,96,0
2,97,0
192,97,0
2,98,0
194,98,0
2,99,0
196,99,0
2,100,0
198,100,0
2,101,0
200,101,0
2,102,0
202,102,0
2,103,0
204,103,0
2,104,0
206,104,0
2,105,0
208,105,0
2,106,0
210,106,0
2,107,0
212,107,0
2,108,0
214,108,0
2,109,0
216,109,0
2,110,0
218,110,0
2,111,0
220,111,0
2,112,0
222,112,0
2,113,0
224,113,0
2,114,0
226,114,0
2,115,0
228,115,0
2,116,0
230,116,0
2,117,0
232,117,0
2,118,0
234,118,0
2,119,0
236,119,0
2,120,0
236,120,0
2,121,0
236,121,0
2,122,0
236,122,0
2,123,0
236,123,0
2,124,0
236,124,0
2,125,0
236,125,0
2,126,0
236,126,0
2,127,0
228,127,0
2,128,0
228,128,0
2,129,0
226,129,0
2,130,0
226,130,0
2,131,0
224,131,0
2,132,0
222,132,0
2,133,0
218,133,0
2,134,0
216,134,0
2,135,0
212,135,0
2,136,0
212,136,0
2,137,0
210,137,0
2,138,0
210,138,0
2,139,0
210,139,0
2,140,0
210,140,0
2,141,0
206,141,0
2,142,0
206,142,0
2,143,0
202,143,0
2,144,0
196,144,0
2,145,0
196,145,0
2,146,0
196,146,0
2,147,0
192,147,0
2,148,0
192,148,0
2,149,0
190,149,0
2,150,0
190,150,0
2,151,0
188,151,0
2,152,0
186,152,0
2,153,0
178,153,0
2,154,0
176,154,0
2,155,0
176,155,0
2,156,0
174,156,0
2,157,0
174,157,0
2,158,0
170,158,0
2,159,0
168,159,0
2,160,0
166,160,0
2,161,0
162,161,0
2,162,0
160,162,0
2,163,0
160,163,0
2,164,0
160,164,0
2,165,0
160,165,0
2,166,0
156,166,0
2,167,0
154,167,0
2,168,0
152,168,0
2,169,0
152,169,0
2,170,0
150,170,0
2,171,0
148,171,0
2,172,0
148,172,0
2,173,0
148,173,0
2,174,0
148,174,0
2,175,0
148,175,0
2,176,0
148,176,0
2,177,0
148,177,0
2,178,0
148,178,0
2,179,0
146,179,0
2,180,0
146,180,0
2,181,0
146,181,0
2,182,0
144,182,0
2,183,0
142,183,0
2,184,0
142,184,0
2,185,0
142,185,0
2,186,0
142,186,0
2,187,0
142,187,0
2,188,0
140,188,0
2,189,0
138,189,0
2,190,0
138,190,0
2,191,0
138,191,0
2,192,0
138,192,0
2,193,0
136,193,0
2,194,0
128,194,0
2,195,0
128,195,0
2,196,0
128,196,0
2,197,0
126,197,0
2,198,0
122,198,0
2,199,0
122,199,0
2,200,0
122,200,0
2,201,0
122,201,0
2,202,0
118,202,0
2,203,0
118,203,0
2,204,0
118,204,0
2,205,0
118,205,0
2,206,0
118,206,0
2,207,0
118,207,0
2,208,0
116,208,0
2,209,0
114,209,0
2,210,0
114,210,0
2,211,0
112,211,0
2,212,0
112,212,0
2,213,0
110,213,0
2,214,0
110,214,0
2,215,0
108,215,0
2,216,0
108,216,0
2,217,0
106,217,0
2,218,0
106,218,0
2,219,0
106,219,0
2,220,0
106,220,0
2,221,0
106,221,0
2,222,0
106,222,0
2,223,0
106,223,0
2,224,0
104,224,0
2,225,0
102,225,0
2,226,0
102,226,0
2,227,0
100,227,0
2,228,0
100,228,0
2,229,0
100,229,0
2,230,0
100,230,0
2,231,0
100,231,0
2,232,0
100,232,0
2,233,0
98,233,0
2,234,0
98,234,0
2,235,0
98,235,0
2,236,0
96,236,0
2,237,0
96,237,0
2,238,0
96,238,0
2,239,0
96,239,0
2,240,0
96,240,0
2,241,0
96,241,0
2,242,0
96,242,0
2,243,0
96,243,0
2,244,0
96,244,0
2,245,0
96,245,0
2,246,0
96,246,0
2,247,0
96,247,0
2,248,0
96,248,0
2,249,0
90,249,0
2,250,0
90,250,0
2,251,0
90,251,0
2,252,0
90,252,0
2,253,0
88,253,0
2,254,0
88,254,0
2,255,0
88,255,0
2,256,0
88,256,0
2,257,0
86,257,0
2,258,0
84,258,0
2,259,0
84,259,0
2,260,0
84,260,0
2,261,0
84,261,0
2,262,0
80,262,0
2,263,0
80,263,0
2,264,0
80,264,0
2,265,0
80,265,0
2,266,0
78,266,0
2,267,0
76,267,0
2,268,0
76,268,0
2,269,0
76,269,0
2,270,0
76,270,0
2,271,0
76,271,0
2,272,0
76,272,0
2,273,0
76,273,0
2,274,0
74,274,0
2,275,0
74,275,0
2,276,0
74,276,0
2,277,0
74,277,0
2,278,0
72,278,0
2,279,0
72,279,0
2,280,0
66,280,0
2,281,0
66,281,0
2,282,0
66,282,0
2,283,0
66,283,0
2,284,0
66,284,0
2,285,0
66,285,0
2,286,0
66,286,0
2,287,0
66,287,0
2,288,0
66,288,0
2,289,0
66,289,0
2,290,0
66,290,0
2,291,0
64,291,0
2,292,0
64,292,0
2,293,0
62,293,0
2,294,0
62,294,0
2,295,0
62,295,0
2,296,0
62,296,0
2,297,0
62,297,0
2,298,0
62,298,0
2,299,0
60,299,0
2,300,0
60,300,0
2,301,0
60,301,0
2,302,0
60,302,0
2,303,0
60,303,0
2,304,0
60,304,0
2,305,0
60,305,0
2,306,0
60,306,0
2,307,0
60,307,0
2,308,0
60,308,0
2,309,0
60,309,0
2,310,0
60,310,0
2,311,0
60,311,0
2,312,0
60,312,0
2,313,0
60,313,0
2,314,0
58,314,0
2,315,0
58,315,0
2,316,0
58,316,0
2,317,0
58,317,0
2,318,0
58,318,0
2,319,0
58,319,0
2,320,0
56,320,0
2,321,0
56,321,0
2,322,0
56,322,0
2,323,0
56,323,0
2,324,0
56,324,0
2,325,0
56,325,0
2,326,0
56,326,0
2,327,0
54,327,0
2,328,0
54,328,0
2,329,0
54,329,0
2,330,0
54,330,0
2,331,0
54,331,0
2,332,0
54,332,0
2,333,0
54,333,0
2,334,0
50,334,0
2,335,0
50,335,0
2,336,0
50,336,0
2,337,0
50,337,0
2,338,0
50,338,0
2,339,0
50,339,0
2,340,0
50,340,0
2,341,0
50,341,0
2,342,0
50,342,0
2,343,0
50,343,0
2,344,0
50,344,0
2,345,0
50,345,0
2,346,0
50,346,0
2,347,0
50,347,0
2,348,0
50,348,0
2,349,0
50,349,0
2,350,0
50,350,0
2,351,0
50,351,0
2,352,0
50,352,0
2,353,0
50,353,0
2,354,0
50,354,0
2,355,0
48,355,0
2,356,0
46,356,0
2,357,0
46,357,0
2,358,0
46,358,0
2,359,0
46,359,0
2,360,0
44,360,0
2,361,0
44,361,0
2,362,0
42,362,0
2,363,0
40,363,0
2,364,0
40,364,0
2,365,0
38,365,0
2,366,0
38,366,0
2,367,0
38,367,0
2,368,0
38,368,0
2,369,0
38,369,0
2,370,0
38,370,0
2,371,0
38,371,0
2,372,0
38,372,0
2,373,0
38,373,0
2,374,0
38,374,0
2,375,0
36,375,0
2,376,0
36,376,0
2,377,0
36,377,0
2,378,0
36,378,0
2,379,0
36,379,0
2,380,0
34,380,0
2,381,0
34,381,0
2,382,0
34,382,0
2,383,0
34,383,0
2,384,0
34,384,0
2,385,0
34,385,0
2,386,0
34,386,0
2,387,0
34,387,0
2,388,0
34,388,0
2,389,0
34,389,0
2,390,0
34,390,0
2,391,0
34,391,0
2,392,0
34,392,0
2,393,0
34,393,0
2,394,0
34,394,0
2,395,0
34,395,0
2,396,0
34,396,0
2,397,0
34,397,0
2,398,0
34,398,0
2,399,0
34,399,0
2,400,0
34,400,0
2,401,0
34,401,0
2,402,0
32,402,0
2,403,0
32,403,0
2,404,0
32,404,0
2,405,0
32,405,0
2,406,0
26,406,0
2,407,0
24,407,0
2,408,0
24,408,0
2,409,0
24,409,0
2,410,0
24,410,0
2,411,0
24,411,0
2,412,0
24,412,0
2,413,0
24,413,0
2,414,0
24,414,0
2,415,0
24,415,0
2,416,0
24,416,0
2,417,0
24,417,0
2,418,0
24,418,0
2,419,0
24,419,0
2,420,0
24,420,0
2,421,0
24,421,0
2,422,0
24,422,0
2,423,0
24,423,0
2,424,0
24,424,0
2,425,0
24,425,0
2,426,0
24,426,0
2,427,0
24,427,0
2,428,0
24,428,0
2,429,0
24,429,0
2,430,0
24,430,0
2,431,0
24,431,0
2,432,0
24,432,0
2,433,0
24,433,0
2,434,0
24,434,0
2,435,0
24,435,0
2,436,0
24,436,0
2,437,0
24,437,0
2,438,0
24,438,0
2,439,0
24,439,0
2,440,0
24,440,0
2,441,0
24,441,0
2,442,0
24,442,0
2,443,0
24,443,0
2,444,0
24,444,0
2,445,0
24,445,0
2,446,0
22,446,0
2,447,0
22,447,0
2,448,0
22,448,0
2,449,0
22,449,0
2,450,0
22,450,0
2,451,0
22,451,0
2,452,0
22,452,0
2,453,0
20,453,0
2,454,0
20,454,0
2,455,0
20,455,0
2,456,0
20,456,0
2,457,0
20,457,0
2,458,0
20,458,0
2,459,0
20,459,0
2,460,0
20,460,0
2,461,0
16,461,0
2,462,0
16,462,0
2,463,0
16,463,0
2,464,0
16,464,0
2,465,0
16,465,0
2,466,0
16,466,0
2,467,0
16,467,0
2,468,0
16,468,0
2,469,0
16,469,0
2,470,0
16,470,0
2,471,0
16,471,0
2,472,0
16,472,0
2,473,0
16,473,0
2,474,0
16,474,0
2,475,0
16,475,0
2,476,0
16,476,0
2,477,0
16,477,0
2,478,0
16,478,0
2,479,0
16,479,0
2,480,0
16,480,0
2,481,0
16,481,0
2,482,0
16,482,0
2,483,0
16,483,0
2,484,0
16,484,0
2,485,0
16,485,0
2,486,0
16,486,0
2,487,0
16,487,0
2,488,0
16,488,0
2,489,0
16,489,0
2,490,0
16,490,0
2,491,0
16,491,0
2,492,0
16,492,0
2,493,0
16,493,0
2,494,0
16,494,0
2,495,0
16,495,0
2,496,0
16,496,0
2,497,0
16,497,0
2,498,0
16,498,0
2,499,0
16,499,0
2,500,0
16,500,0
2,501,0
16,501,0
2,502,0
16,502,0
2,503,0
16,503,0
2,504,0
16,504,0
2,505,0
16,505,0
2,506,0
16,506,0
2,507,0
16,507,0
2,508,0
14,508,0
2,509,0
14,509,0
2,510,0
14,510,0
2,511,0
14,511,0
2,512,0
14,512,0
2,513,0
14,513,0
2,514,0
14,514,0
2,515,0
14,515,0
2,516,0
14,516,0
2,517,0
14,517,0
2,518,0
14,518,0
2,519,0
14,519,0
2,520,0
14,520,0
2,521,0
14,521,0
2,522,0
14,522,0
2,523,0
12,523,0
2,524,0
10,524,0
2,525,0
10,525,0
2,526,0
10,526,0
2,527,0
10,527,0
2,528,0
10,528,0
2,529,0
10,529,0
2,530,0
10,530,0
2,531,0
10,531,0
2,532,0
10,532,0
2,533,0
10,533,0
2,534,0
10,534,0
2,535,0
10,535,0
2,536,0
10,536,0
2,537,0
10,537,0
2,538,0
10,538,0
2,539,0
10,539,0
2,540,0
10,540,0
2,541,0
10,541,0
2,542,0
10,542,0
2,543,0
10,543,0
2,544,0
10,544,0
2,545,0
10,545,0
2,546,0
10,546,0
2,547,0
10,547,0
2,548,0
10,548,0
2,549,0
10,549,0
2,550,0
10,550,0
2,551,0
10,551,0
2,552,0
10,552,0
2,553,0
10,553,0
2,554,0
10,554,0
2,555,0
8,555,0
2,556,0
8,556,0
2,557,0
8,557,0
2,558,0
8,558,0
2,559,0
8,559,0
2,560,0
8,560,0
2,561,0
8,561,0
2,562,0
8,562,0
2,563,0
8,563,0
2,564,0
8,564,0
2,565,0
8,565,0
2,566,0
8,566,0
2,567,0
8,567,0
2,568,0
8,568,0
2,569,0
8,569,0
2,570,0
8,570,0
2,571,0
8,571,0
2,572,0
8,572,0
2,573,0
8,573,0
2,574,0
8,574,0
2,575,0
8,575,0
2,576,0
8,576,0
2,577,0
8,577,0
2,578,0
8,578,0
2,579,0
8,579,0
2,580,0
8,580,0
2,581,0
8,581,0
2,582,0
8,582,0
2,583,0
8,583,0
2,584,0
8,584,0
2,585,0
8,585,0
2,586,0
8,586,0
2,587,0
8,587,0
2,588,0
8,588,0
2,589,0
8,589,0
2,590,0
8,590,0
2,591,0
8,591,0
2,592,0
8,592,0
2,593,0
8,593,0
2,594,0
8,594,0
2,595,0
8,595,0
2,596,0
8,596,0
2,597,0
8,597,0
2,598,0
8,598,0
2,599,0
8,599,0
2,600,0
8,600,0
2,601,0
8,601,0
2,602,0
8,602,0
2,603,0
8,603,0
2,604,0
8,604,0
2,605,0
8,605,0
2,606,0
8,606,0
2,607,0
8,607,0
2,608,0
8,608,0
2,609,0
8,609,0
2,610,0
8,610,0
2,611,0
8,611,0
2,612,0
6,612,0
2,613,0
6,613,0
2,614,0
6,614,0
2,615,0
6,615,0
2,616,0
6,616,0
2,617,0
6,617,0
2,618,0
6,618,0
2,619,0
6,619,0
2,620,0
6,620,0
2,621,0
6,621,0
2,622,0
6,622,0
2,623,0
6,623,0
2,624,0
6,624,0
2,625,0
6,625,0
2,626,0
6,626,0
2,627,0
6,627,0
2,628,0
6,628,0
2,629,0
6,629,0
2,630,0
6,630,0
2,631,0
6,631,0
2,632,0
6,632,0
2,633,0
6,633,0
2,634,0
6,634,0
2,635,0
6,635,0
2,636,0
6,636,0
2,637,0
6,637,0
2,638,0
6,638,0
2,639,0
6,639,0
2,640,0
6,640,0
2,641,0
6,641,0
2,642,0
6,642,0
2,643,0
6,643,0
2,644,0
6,644,0
2,645,0
6,645,0
2,646,0
6,646,0
2,647,0
6,647,0
2,648,0
6,648,0
2,649,0
6,649,0
2,650,0
6,650,0
2,651,0
6,651,0
2,652,0
6,652,0
2,653,0
6,653,0
2,654,0
6,654,0
2,655,0
6,655,0
2,656,0
6,656,0
2,657,0
6,657,0
2,658,0
6,658,0
2,659,0
6,659,0
2,660,0
6,660,0
2,661,0
6,661,0
2,662,0
6,662,0
2,663,0
6,663,0
2,664,0
6,664,0
2,665,0
6,665,0
2,666,0
6,666,0
2,667,0
6,667,0
2,668,0
6,668,0
2,669,0
6,669,0
2,670,0
6,670,0
2,671,0
6,671,0
2,672,0
6,672,0
2,673,0
6,673,0
2,674,0
6,674,0
2,675,0
6,675,0
2,676,0
6,676,0
2,677,0
6,677,0
2,678,0
4,678,0
2,679,0
4,679,0
2,680,0
4,680,0
2,681,0
4,681,0
2,682,0
4,682,0
2,683,0
4,683,0
2,684,0
4,684,0
2,685,0
4,685,0
2,686,0
4,686,0
2,687,0
4,687,0
2,688,0
4,688,0
2,689,0
4,689,0
2,690,0
4,690,0
2,691,0
4,691,0
2,692,0
4,692,0
2,693,0
4,693,0
2,694,0
4,694,0
2,695,0
4,695,0
2,696,0
4,696,0
2,697,0
4,697,0
2,698,0
4,698,0
2,699,0
4,699,0
2,700,0
4,700,0
2,701,0
4,701,0
2,702,0
4,702,0
2,703,0
4,703,0
2,704,0
4,704,0
2,705,0
4,705,0
2,706,0
4,706,0
2,707,0
4,707,0
2,708,0
4,708,0
2,709,0
4,709,0
2,710,0
4,710,0
2,711,0
4,711,0
2,712,0
4,712,0
2,713,0
4,713,0
2,714,0
4,714,0
2,715,0
4,715,0
2,716,0
4,716,0
2,717,0
4,717,0
2,718,0
4,718,0
2,719,0
4,719,0
2,720,0
4,720,0
2,721,0
4,721,0
2,722,0
4,722,0
2,723,0
4,723,0
2,724,0
4,724,0
2,725,0
4,725,0
2,726,0
4,726,0
2,727,0
4,727,0
2,728,0
4,728,0
2,729,0
4,729,0
2,730,0
4,730,0
2,731,0
4,731,0
2,732,0
4,732,0
2,733,0
4,733,0
2,734,0
4,734,0
2,735,0
4,735,0
2,736,0
4,736,0
2,737,0
4,737,0
2,738,0
4,738,0
2,739,0
4,739,0
2,740,0
4,740,0
2,741,0
4,741,0
2,742,0
4,742,0
2,743,0
4,743,0
2,744,0
4,744,0
2,745,0
4,745,0
2,746,0
4,746,0
2,747,0
4,747,0
2,748,0
4,748,0
2,749,0
4,749,0
2,750,0
4,750,0
2,751,0
4,751,0
2,752,0
4,752,0
2,753,0
4,753,0
2,754,0
4,754,0
2,755,0
4,755,0
2,756,0
4,756,0
2,757,0
4,757,0
2,758,0
4,758,0
2,759,0
4,759,0
2,760,0
4,760,0
2,761,0
4,761,0
2,762,0
4,762,0
2,763,0
4,763,0
2,764,0
4,764,0
2,765,0
4,765,0
2,766,0
4,766,0
2,767,0
4,767,0
2,768,0
4,768,0
2,769,0
4,769,0
2,770,0
4,770,0
2,771,0
4,771,0
2,772,0
4,772,0
2,773,0
4,773,0
2,774,0
4,774,0
2,775,0
4,775,0
2,776,0
4,776,0
2,777,0
4,777,0
2,778,0
4,778,0
2,779,0
4,779,0
2,780,0
4,780,0
2,781,0
4,781,0
2,782,0
4,782,0
2,783,0
4,783,0
2,784,0
4,784,0
2,785,0
4,785,0
2,786,0
4,786,0
2,787,0
4,787,0
2,788,0
4,788,0
2,789,0
4,789,0
2,790,0
4,790,0
2,791,0
4,791,0
2,792,0
4,792,0
2,793,0
4,793,0
2,794,0
4,794,0
2,795,0
4,795,0
2,796,0
4,796,0
2,797,0
4,797,0
2,798,0
4,798,0
2,799,0
4,799,0
2,800,0
4,800,0
2,801,0
4,801,0
2,802,0
4,802,0
2,803,0
4,803,0
2,804,0
4,804,0
2,805,0
4,805,0
2,806,0
4,806,0
2,807,0
4,807,0
2,808,0
4,808,0
2,809,0
4,809,0
2,810,0
4,810,0
2,811,0
4,811,0
2,812,0
4,812,0
2,813,0
4,813,0
2,814,0
4,814,0
2,815,0
4,815,0
2,816,0
4,816,0
2,817,0
4,817,0
2,818,0
4,818,0
2,819,0
4,819,0
2,820,0
4,820,0
2,821,0
4,821,0
2,822,0
4,822,0
2,823,0
4,823,0
2,824,0
4,824,0
2,825,0
4,825,0
2,826,0
4,826,0
2,827,0
4,827,0
2,828,0
4,828,0
2,829,0
4,829,0
2,830,0
4,830,0
2,831,0
4,831,0
2,832,0
4,832,0
2,833,0
4,833,0
2,834,0
4,834,0
2,835,0
4,835,0
2,836,0
4,836,0
2,837,0
4,837,0
2,838,0
4,838,0
2,839,0
4,839,0
2,840,0
4,840,0
2,841,0
4,841,0
2,842,0
4,842,0
2,843,0
4,843,0
2,844,0
4,844,0
2,845,0
4,845,0
2,846,0
4,846,0
2,847,0
4,847,0
2,848,0
4,848,0
2,849,0
4,849,0
2,850,0
4,850,0
2,851,0
4,851,0
2,852,0
4,852,0
2,853,0
4,853,0
2,854,0
4,854,0
2,855,0
4,855,0
2,856,0
4,856,0
2,857,0
4,857,0
2,858,0
4,858,0
2,859,0
4,859,0
2,860,0
4,860,0
2,861,0
4,861,0
2,862,0
4,862,0
2,863,0
4,863,0
2,864,0
4,864,0
2,865,0
4,865,0
2,866,0
4,866,0
2,867,0
4,867,0
2,868,0
4,868,0
2,869,0
4,869,0
2,870,0
4,870,0
2,871,0
2,871,0
2,872,0
2,872,0
2,873,0
2,873,0
2,874,0
2,874,0
2,875,0
2,875,0
2,876,0
2,876,0
2,877,0
2,877,0
2,878,0
2,878,0
2,879,0
2,879,0
2,880,0
2,880,0
2,881,0
2,881,0
2,882,0
2,882,0
2,883,0
2,883,0
2,884,0
2,884,0
2,885,0
2,885,0
2,886,0
2,886,0
2,887,0
2,887,0
2,888,0
2,888,0
2,889,0
2,889,0
2,890,0
2,890,0
2,891,0
2,891,0
2,892,0
2,892,0
2,893,0
2,893,0
2,894,0
2,894,0
2,895,0
2,895,0
2,896,0
2,896,0
2,897,0
2,897,0
2,898,0
2,898,0
2,899,0
2,899,0
2,900,0
2,900,0
2,901,0
2,901,0
2,902,0
2,902,0
2,903,0
2,903,0
2,904,0
2,904,0
2,905,0
2,905,0
2,906,0
2,906,0
2,907,0
2,907,0
2,908,0
2,908,0
2,909,0
2,909,0
2,910,0
2,910,0
2,911,0
2,911,0
2,912,0
2,912,0
2,913,0
2,913,0
2,914,0
2,914,0
2,915,0
2,915,0
2,916,0
2,916,0
2,917,0
2,917,0
2,918,0
2,918,0
2,919,0
2,919,0
2,920,0
2,920,0
2,921,0
2,921,0
2,922,0
2,922,0
2,923,0
2,923,0
2,924,0
2,924,0
2,925,0
2,925,0
2,926,0
2,926,0
2,927,0
2,927,0
2,928,0
2,928,0
2,929,0
2,929,0
2,930,0
2,930,0
2,931,0
2,931,0
2,932,0
2,932,0
2,933,0
2,933,0
2,934,0
2,934,0
2,935,0
2,935,0
2,936,0
2,936,0
2,937,0
2,937,0
2,938,0
2,938,0
2,939,0
2,939,0
2,940,0
2,940,0
2,941,0
2,941,0
2,942,0
2,942,0
2,943,0
2,943,0
2,944,0
2,944,0
2,945,0
2,945,0
2,946,0
2,946,0
2,947,0
2,947,0
2,948,0
2,948,0
2,949,0
2,949,0
2,950,0
2,950,0
2,951,0
2,951,0
2,952,0
2,952,0
2,953,0
2,953,0
2,954,0
2,954,0
2,955,0
2,955,0
2,956,0
2,956,0
2,957,0
2,957,0
2,958,0
2,958,0
2,959,0
2,959,0
2,960,0
2,960,0
2,961,0
2,961,0
2,962,0
2,962,0
2,963,0
2,963,0
2,964,0
2,964,0
2,965,0
2,965,0
2,966,0
2,966,0
2,967,0
2,967,0
2,968,0
2,968,0
2,969,0
2,969,0
2,970,0
2,970,0
2,971,0
2,971,0
2,972,0
2,972,0
2,973,0
2,973,0
2,974,0
2,974,0
2,975,0
2,975,0
2,976,0
2,976,0
2,977,0
2,977,0
2,978,0
2,978,0
2,979,0
2,979,0
2,980,0
2,980,0
2,981,0
2,981,0
2,982,0
2,982,0
2,983,0
2,983,0
2,984,0
2,984,0
2,985,0
2,985,0
2,986,0
2,986,0
2,987,0
2,987,0
2,988,0
2,988,0
2,989,0
2,989,0
2,990,0
2,990,0
2,991,0
2,991,0
2,992,0
2,992,0
2,993,0
2,993,0
2,994,0
2,994,0
2,995,0
2,995,0
2,996,0
2,996,0
2,997,0
2,997,0
2,998,0
2,998,0
2,999,0
2,999,0
2,1000,0
2,1000,0
2,1001,0
2,1001,0
2,1002,0
2,1002,0
2,1003,0
2,1003,0
2,1004,0
2,1004,0
2,1005,0
2,1005,0
2,1006,0
2,1006,0
2,1007,0
2,1007,0
2,1008,0
2,1008,0
2,1009,0
2,1009,0
2,1010,0
2,1010,0
2,1011,0
2,1011,0
2,1012,0
2,1012,0
2,1013,0
2,1013,0
2,1014,0
2,1014,0
2,1015,0
2,1015,0
2,1016,0
2,1016,0
2,1017,0
2,1017,0
2,1018,0
2,1018,0
2,1019,0
2,1019,0
2,1020,0
2,1020,0
2,1021,0
2,1021,0
2,1022,0
2,1022,0
2,1023,0
2,1023,0
2,1024,0
2,1024,0
2,1025,0
2,1025,0
2,1026,0
2,1026,0
2,1027,0
2,1027,0
2,1028,0
2,1028,0
2,1029,0
2,1029,0
2,1030,0
2,1030,0
2,1031,0
2,1031,0
2,1032,0
2,1032,0
2,1033,0
2,1033,0
2,1034,0
2,1034,0
2,1035,0
2,1035,0
2,1036,0
2,1036,0
2,1037,0
2,1037,0
2,1038,0
2,1038,0
2,1039,0
2,1039,0
2,1040,0
2,1040,0
2,1041,0
2,1041,0
2,1042,0
2,1042,0
2,1043,0
2,1043,0
2,1044,0
2,1044,0
2,1045,0
2,1045,0
2,1046,0
2,1046,0
2,1047,0
2,1047,0
2,1048,0
2,1048,0
2,1049,0
2,1049,0
2,1050,0
2,1050,0
2,1051,0
2,1051,0
2,1052,0
2,1052,0
2,1053,0
2,1053,0
2,1054,0
2,1054,0
2,1055,0
2,1055,0
2,1056,0
2,1056,0
2,1057,0
2,1057,0
2,1058,0
2,1058,0
2,1059,0
2,1059,0
2,1060,0
2,1060,0
2,1061,0
2,1061,0
2,1062,0
2,1062,0
2,1063,0
2,1063,0
2,1064,0
2,1064,0
2,1065,0
2,1065,0
2,1066,0
2,1066,0
2,1067,0
2,1067,0
2,1068,0
2,1068,0
2,1069,0
2,1069,0
2,1070,0
2,1070,0
2,1071,0
2,1071,0
2,1072,0
2,1072,0
2,1073,0
2,1073,0
2,1074,0
2,1074,0
2,1075,0
2,1075,0
2,1076,0
2,1076,0
2,1077,0
2,1077,0
2,1078,0
2,1078,0
2,1079,0
2,1079,0
2,1080,0
2,1080,0
2,1081,0
2,1081,0
2,1082,0
2,1082,0
2,1083,0
2,1083,0
2,1084,0
2,1084,0
2,1085,0
2,1085,0
2,1086,0
2,1086,0
2,1087,0
2,1087,0
2,1088,0
2,1088,0
2,1089,0
2,1089,0
